odissea/data/moor/raw/ce25007/microcat_cal_dip/cast13/16363_cal_dip_data.cnv
* Sea-Bird SBE37SM-RS232  Data File:
* FileName = C:\CE25007_recovery_data\16363_cal_dip_data.hex
* Software version SeatermV2 2.8.0.119
* Temperature SN = 16363
* Conductivity SN = 16363
* System UpLoad Time = May 14 2025 09:01:25
* sample interval = 10 seconds
* <ApplicationData>
# nquan = 5
# nvalues = 1479                                  
# units = specified
# name 0 = tv290C: Temperature [ITS-90, deg C]
# name 1 = cond0S/m: Conductivity [S/m]
# name 2 = prdM: Pressure, Strain Gauge [db]
# name 3 = timeK: Time, Instrument [seconds]
# name 4 = flag:  0.000e+00
# span 0 =     2.8062,    16.1839                 
# span 1 =   0.000780,   4.099440                 
# span 2 =      0.593,   2415.472                 
# span 3 =  800511301,  800526081                 
# span 4 = 0.0000e+00, 0.0000e+00                 
# interval = seconds: 10
# start_time = May 14 2025 04:15:01 [Instrument's time stamp, first data scan]
# bad_flag = -9.990e-29
*END*
    16.1720   0.001855      0.672  800511301  0.000e+00
    16.1789   0.001853      0.652  800511311  0.000e+00
    16.1812   0.001850      0.652  800511321  0.000e+00
    16.1839   0.001850      0.631  800511331  0.000e+00
    16.1804   0.001844      0.693  800511341  0.000e+00
    16.1648   0.001839      0.673  800511351  0.000e+00
    16.1458   0.001839      0.673  800511361  0.000e+00
    16.1228   0.001836      0.632  800511371  0.000e+00
    16.1020   0.001833      0.734  800511381  0.000e+00
    16.0864   0.001831      0.673  800511391  0.000e+00
    16.0732   0.001828      0.652  800511401  0.000e+00
    16.0826   0.001828      0.693  800511411  0.000e+00
    16.0799   0.001822      0.653  800511421  0.000e+00
    16.0711   0.001822      0.652  800511431  0.000e+00
    16.0581   0.001822      0.653  800511441  0.000e+00
    16.0331   0.001817      0.673  800511451  0.000e+00
    16.0327   0.001814      0.612  800511461  0.000e+00
    16.0285   0.001811      0.673  800511471  0.000e+00
    16.0133   0.001809      0.653  800511481  0.000e+00
    16.0120   0.001806      0.694  800511491  0.000e+00
    16.0145   0.001803      0.694  800511501  0.000e+00
    16.0121   0.001800      0.694  800511511  0.000e+00
    16.0060   0.001800      0.674  800511521  0.000e+00
    15.9978   0.001800      0.674  800511531  0.000e+00
    15.9886   0.001800      0.674  800511541  0.000e+00
    15.9795   0.001795      0.654  800511551  0.000e+00
    15.9635   0.001798      0.654  800511561  0.000e+00
    15.9625   0.001792      0.695  800511571  0.000e+00
    15.9521   0.001792      0.674  800511581  0.000e+00
    15.9437   0.001792      0.634  800511591  0.000e+00
    15.9381   0.001789      0.675  800511601  0.000e+00
    15.9282   0.001787      0.613  800511611  0.000e+00
    15.9216   0.001784      0.654  800511621  0.000e+00
    15.9056   0.001787      0.634  800511631  0.000e+00
    15.9024   0.001781      0.613  800511641  0.000e+00
    15.8934   0.001781      0.675  800511651  0.000e+00
    15.8891   0.001781      0.675  800511661  0.000e+00
    15.8781   0.001778      0.634  800511671  0.000e+00
    15.8685   0.001776      0.655  800511681  0.000e+00
    15.8662   0.001776      0.614  800511691  0.000e+00
    15.8508   0.001776      0.675  800511701  0.000e+00
    15.8229   0.001773      0.696  800511711  0.000e+00
    15.8184   0.001773      0.614  800511721  0.000e+00
    15.8137   0.001767      0.634  800511731  0.000e+00
    15.7886   0.002478      0.634  800511741  0.000e+00
    15.7945   0.013619      0.676  800511751  0.000e+00
    15.7911   0.010420      0.593  800511761  0.000e+00
    15.7786   0.009285      0.635  800511771  0.000e+00
    15.7709   0.008668      0.655  800511781  0.000e+00
    15.7626   0.008231      0.635  800511791  0.000e+00
    15.7558   0.007928      0.676  800511801  0.000e+00
    15.7507   0.007680      0.614  800511811  0.000e+00
    15.7374   0.007493      0.614  800511821  0.000e+00
    15.7315   0.007309      0.635  800511831  0.000e+00
    15.7320   0.007133      0.635  800511841  0.000e+00
    15.7178   0.007003      0.676  800511851  0.000e+00
    15.7086   0.006893      0.635  800511861  0.000e+00
    15.6914   0.006816      0.635  800511871  0.000e+00
    15.6821   0.006737      0.676  800511881  0.000e+00
    15.6713   0.006662      0.676  800511891  0.000e+00
    15.6602   0.006605      0.717  800511901  0.000e+00
    15.6476   0.006566      0.676  800511911  0.000e+00
    15.6314   0.006514      0.656  800511921  0.000e+00
    15.6187   0.006475      0.676  800511931  0.000e+00
    15.6030   0.006429      0.676  800511941  0.000e+00
    15.5868   0.006387      0.676  800511951  0.000e+00
    15.5637   0.006346      0.676  800511961  0.000e+00
    15.5495   0.006299      0.676  800511971  0.000e+00
    15.5353   0.006258      0.676  800511981  0.000e+00
    15.5209   0.006220      0.676  800511991  0.000e+00
    15.5080   0.006170      0.656  800512001  0.000e+00
    15.4980   0.006140      0.656  800512011  0.000e+00
    15.4850   0.006107      0.676  800512021  0.000e+00
    15.4797   0.006063      0.717  800512031  0.000e+00
    15.4751   0.006024      0.656  800512041  0.000e+00
    15.4687   0.005991      0.677  800512051  0.000e+00
    15.4583   0.005953      0.697  800512061  0.000e+00
    15.4479   0.005923      0.717  800512071  0.000e+00
    15.4353   0.005892      0.697  800512081  0.000e+00
    15.4267   0.005862      0.677  800512091  0.000e+00
    15.4208   0.005835      0.677  800512101  0.000e+00
    15.4164   0.005810      0.697  800512111  0.000e+00
    15.4130   0.005782      0.718  800512121  0.000e+00
    15.4070   0.005760      0.718  800512131  0.000e+00
    15.3956   0.005733      0.677  800512141  0.000e+00
    15.3894   0.005708      0.718  800512151  0.000e+00
    15.3829   0.005689      0.718  800512161  0.000e+00
    15.3777   0.005670      0.697  800512171  0.000e+00
    15.3710   0.005656      0.697  800512181  0.000e+00
    15.3610   0.005637      0.718  800512191  0.000e+00
    15.3574   0.005628      0.697  800512201  0.000e+00
    15.3448   0.005606      0.677  800512211  0.000e+00
    15.3333   0.005590      0.718  800512221  0.000e+00
    15.3329   0.005571      0.718  800512231  0.000e+00
    15.3268   0.005554      0.697  800512241  0.000e+00
    15.3229   0.005546      0.738  800512251  0.000e+00
    15.3176   0.005524      0.718  800512261  0.000e+00
    15.3075   0.005530      0.656  800512271  0.000e+00
    15.3052   0.005519      0.718  800512281  0.000e+00
    15.3014   0.005510      0.677  800512291  0.000e+00
    15.3026   0.005497      0.697  800512301  0.000e+00
    15.2988   0.005488      0.697  800512311  0.000e+00
    15.2889   0.005494      0.718  800512321  0.000e+00
    15.2843   0.005488      0.718  800512331  0.000e+00
    15.2791   0.005475      0.759  800512341  0.000e+00
    15.2756   0.005469      0.697  800512351  0.000e+00
    15.2752   0.005461      0.677  800512361  0.000e+00
    15.2723   0.005458      0.718  800512371  0.000e+00
    15.2688   0.005450      0.697  800512381  0.000e+00
    15.2642   0.005439      0.697  800512391  0.000e+00
    15.2619   0.005433      0.677  800512401  0.000e+00
    15.2547   0.005433      0.677  800512411  0.000e+00
    15.2541   0.005422      0.697  800512421  0.000e+00
    15.2493   0.005417      0.677  800512431  0.000e+00
    15.2478   0.005420      0.697  800512441  0.000e+00
    15.2451   0.005403      0.738  800512451  0.000e+00
    15.2433   0.005395      0.677  800512461  0.000e+00
    15.2358   0.005389      0.697  800512471  0.000e+00
    15.2328   0.005378      0.656  800512481  0.000e+00
    15.2258   0.005381      0.677  800512491  0.000e+00
    15.2212   0.005373      0.697  800512501  0.000e+00
    15.2074   0.005370      0.677  800512511  0.000e+00
    15.1974   0.005365      0.676  800512521  0.000e+00
    15.1804   0.005359      0.676  800512531  0.000e+00
    15.1676   0.005359      0.676  800512541  0.000e+00
    15.1496   0.005351      0.697  800512551  0.000e+00
    15.1460   0.005356      0.676  800512561  0.000e+00
    15.1462   0.005365      0.697  800512571  0.000e+00
    15.1020   0.005373      0.697  800512581  0.000e+00
    15.0722   0.005389      0.717  800512591  0.000e+00
    15.0182   0.005409      0.697  800512601  0.000e+00
    12.4222   0.933208      1.661  800512611  0.000e+00
    12.3599   3.483776      1.353  800512621  0.000e+00
    12.3578   4.099440      3.117  800512631  0.000e+00
    12.3513   4.088754      6.563  800512641  0.000e+00
    12.3530   4.085321      9.598  800512651  0.000e+00
    12.3736   4.086200     11.054  800512661  0.000e+00
    12.3437   4.080602     11.033  800512671  0.000e+00
    12.3426   4.079384      8.900  800512681  0.000e+00
    12.3458   4.078994      5.023  800512691  0.000e+00
    12.3433   4.078189      1.433  800512701  0.000e+00
    12.3430   4.077757      1.678  800512711  0.000e+00
    12.3454   4.077888      1.226  800512721  0.000e+00
    12.3422   4.077456      3.050  800512731  0.000e+00
    12.3443   4.077602      7.766  800512741  0.000e+00
    12.3461   4.077886     12.318  800512751  0.000e+00
    12.3275   4.076678     17.035  800512761  0.000e+00
    12.2011   4.065310     21.915  800512771  0.000e+00
    12.0541   4.051666     26.754  800512781  0.000e+00
    11.9190   4.038409     32.783  800512791  0.000e+00
    11.5276   4.003620     39.839  800512801  0.000e+00
    11.3579   3.988035     46.505  800512811  0.000e+00
    11.3335   3.986005     53.128  800512821  0.000e+00
    11.3346   3.985405     60.183  800512831  0.000e+00
    11.3255   3.985215     67.259  800512841  0.000e+00
    11.3311   3.985821     74.376  800512851  0.000e+00
    11.2946   3.982519     81.596  800512861  0.000e+00
    11.2979   3.983280     89.864  800512871  0.000e+00
    11.3122   3.985476     98.458  800512881  0.000e+00
    11.2798   3.982024    105.165  800512891  0.000e+00
    11.1575   3.969878    111.383  800512901  0.000e+00
    11.1339   3.967513    121.989  800512911  0.000e+00
    11.1334   3.962221    132.946  800512921  0.000e+00
    11.1247   3.964768    143.658  800512931  0.000e+00
    11.0587   3.961523    153.446  800512941  0.000e+00
    11.0221   3.958174    162.723  800512951  0.000e+00
    10.9798   3.954231    172.161  800512961  0.000e+00
    10.9523   3.951553    181.849  800512971  0.000e+00
    10.8655   3.943232    192.359  800512981  0.000e+00
    10.8320   3.940440    202.498  800512991  0.000e+00
    10.8094   3.938583    212.353  800513001  0.000e+00
    10.7674   3.934988    222.287  800513011  0.000e+00
    10.7522   3.933985    233.147  800513021  0.000e+00
    10.6979   3.928699    243.128  800513031  0.000e+00
    10.6250   3.921515    253.273  800513041  0.000e+00
    10.4972   3.904440    263.474  800513051  0.000e+00
    10.3033   3.846764    273.537  800513061  0.000e+00
    10.2059   3.845213    283.706  800513071  0.000e+00
    10.2324   3.880683    293.563  800513081  0.000e+00
    10.1042   3.868248    303.892  800513091  0.000e+00
     9.9784   3.839710    313.896  800513101  0.000e+00
    10.0992   3.867899    324.106  800513111  0.000e+00
    10.2127   3.881928    334.067  800513121  0.000e+00
    10.2165   3.883869    344.548  800513131  0.000e+00
    10.2187   3.885404    354.901  800513141  0.000e+00
    10.1342   3.877158    364.884  800513151  0.000e+00
    10.0124   3.865040    374.809  800513161  0.000e+00
     9.9791   3.861884    385.084  800513171  0.000e+00
     9.9584   3.860213    395.278  800513181  0.000e+00
     9.9097   3.855710    405.469  800513191  0.000e+00
     9.8881   3.854021    415.149  800513201  0.000e+00
     9.8037   3.846635    424.851  800513211  0.000e+00
     9.7413   3.841459    434.879  800513221  0.000e+00
     9.6888   3.836266    444.977  800513231  0.000e+00
     9.6497   3.832588    455.273  800513241  0.000e+00
     9.6209   3.829858    465.269  800513251  0.000e+00
     9.6072   3.828682    475.360  800513261  0.000e+00
     9.5539   3.823802    485.518  800513271  0.000e+00
     9.4891   3.818064    495.615  800513281  0.000e+00
     9.4583   3.815033    505.716  800513291  0.000e+00
     9.3552   3.805506    515.666  800513301  0.000e+00
     9.2263   3.793114    525.822  800513311  0.000e+00
     9.1531   3.785781    536.008  800513321  0.000e+00
     9.0465   3.775274    546.021  800513331  0.000e+00
     8.9483   3.766116    556.389  800513341  0.000e+00
     8.8372   3.754582    566.572  800513351  0.000e+00
     8.8136   3.752323    576.324  800513361  0.000e+00
     8.6967   3.742217    586.385  800513371  0.000e+00
     8.5765   3.731276    596.776  800513381  0.000e+00
     8.5258   3.727015    606.344  800513391  0.000e+00
     8.4843   3.723318    616.237  800513401  0.000e+00
     8.3950   3.715508    626.387  800513411  0.000e+00
     8.3220   3.709190    636.570  800513421  0.000e+00
     8.2115   3.698812    646.326  800513431  0.000e+00
     8.1836   3.695680    656.303  800513441  0.000e+00
     8.1066   3.689219    666.451  800513451  0.000e+00
     8.0165   3.680891    676.481  800513461  0.000e+00
     7.8916   3.668711    686.641  800513471  0.000e+00
     7.6299   3.641843    696.482  800513481  0.000e+00
     7.4475   3.623494    706.133  800513491  0.000e+00
     7.4271   3.620741    716.572  800513501  0.000e+00
     7.2989   3.608038    726.703  800513511  0.000e+00
     7.2015   3.599712    736.623  800513521  0.000e+00
     7.1316   3.592716    746.461  800513531  0.000e+00
     7.0253   3.583553    756.964  800513541  0.000e+00
     6.9973   3.581032    767.277  800513551  0.000e+00
     6.9413   3.575717    777.596  800513561  0.000e+00
     6.8817   3.570101    787.704  800513571  0.000e+00
     6.7516   3.558716    798.266  800513581  0.000e+00
     6.7978   3.563328    808.293  800513591  0.000e+00
     6.7587   3.560451    818.579  800513601  0.000e+00
     6.7117   3.556661    828.642  800513611  0.000e+00
     6.5761   3.544350    839.295  800513621  0.000e+00
     6.4584   3.533045    849.364  800513631  0.000e+00
     6.4388   3.530787    859.084  800513641  0.000e+00
     6.3742   3.525105    869.244  800513651  0.000e+00
     6.3336   3.521377    879.088  800513661  0.000e+00
     6.2610   3.514684    889.001  800513671  0.000e+00
     6.1766   3.506822    898.847  800513681  0.000e+00
     6.0607   3.496172    908.445  800513691  0.000e+00
     6.0083   3.491041    918.566  800513701  0.000e+00
     5.9643   3.486856    928.330  800513711  0.000e+00
     5.8948   3.480672    938.267  800513721  0.000e+00
     5.8621   3.477375    948.087  800513731  0.000e+00
     5.8118   3.472967    958.004  800513741  0.000e+00
     5.7561   3.467609    967.942  800513751  0.000e+00
     5.7058   3.462960    977.605  800513761  0.000e+00
     5.6452   3.457602    987.483  800513771  0.000e+00
     5.5829   3.451462    997.402  800513781  0.000e+00
     5.5198   3.445930   1007.170  800513791  0.000e+00
     5.4223   3.436893   1017.351  800513801  0.000e+00
     5.3587   3.430955   1027.334  800513811  0.000e+00
     5.2926   3.424787   1037.276  800513821  0.000e+00
     5.2546   3.420844   1047.128  800513831  0.000e+00
     5.2270   3.418655   1057.051  800513841  0.000e+00
     5.1527   3.412000   1067.462  800513851  0.000e+00
     5.0854   3.405944   1077.357  800513861  0.000e+00
     5.0245   3.400470   1087.178  800513871  0.000e+00
     4.9586   3.394160   1097.309  800513881  0.000e+00
     4.9402   3.392457   1107.970  800513891  0.000e+00
     4.9089   3.389693   1118.226  800513901  0.000e+00
     4.8504   3.384992   1128.483  800513911  0.000e+00
     4.7306   3.373338   1138.588  800513921  0.000e+00
     4.6692   3.366723   1148.846  800513931  0.000e+00
     4.6576   3.366483   1159.593  800513941  0.000e+00
     4.6218   3.362595   1169.893  800513951  0.000e+00
     4.6100   3.361617   1179.905  800513961  0.000e+00
     4.5779   3.359386   1190.116  800513971  0.000e+00
     4.5878   3.360295   1200.418  800513981  0.000e+00
     4.5883   3.360873   1210.444  800513991  0.000e+00
     4.5707   3.359796   1220.314  800514001  0.000e+00
     4.5229   3.355819   1230.639  800514011  0.000e+00
     4.4779   3.351705   1240.890  800514021  0.000e+00
     4.4537   3.349690   1250.732  800514031  0.000e+00
     4.4983   3.354176   1260.894  800514041  0.000e+00
     4.4389   3.349343   1271.191  800514051  0.000e+00
     4.4157   3.347156   1281.313  800514061  0.000e+00
     4.4195   3.347988   1291.207  800514071  0.000e+00
     4.4041   3.347023   1301.267  800514081  0.000e+00
     4.3914   3.346198   1311.432  800514091  0.000e+00
     4.3692   3.344579   1321.339  800514101  0.000e+00
     4.3017   3.338657   1331.380  800514111  0.000e+00
     4.1894   3.328396   1341.774  800514121  0.000e+00
     4.1462   3.324398   1351.557  800514131  0.000e+00
     4.1371   3.323575   1361.373  800514141  0.000e+00
