odissea/data/moor/raw/ce25007/microcat_cal_dip/cast13/16363_cal_dip_data.cnv
* Sea-Bird SBE37SM-RS232  Data File:
* FileName = C:\CE25007_recovery_data\16363_cal_dip_data.hex
* Software version SeatermV2 2.8.0.119
* Temperature SN = 16363
* Conductivity SN = 16363
* System UpLoad Time = May 14 2025 09:01:25
* sample interval = 10 seconds
* <ApplicationData>
# nquan = 5
# nvalues = 1479                                  
# units = specified
# name 0 = tv290C: Temperature [ITS-90, deg C]
# name 1 = cond0S/m: Conductivity [S/m]
# name 2 = prdM: Pressure, Strain Gauge [db]
# name 3 = timeK: Time, Instrument [seconds]
# name 4 = flag:  0.000e+00
# span 0 =     2.8062,    16.1839                 
# span 1 =   0.000780,   4.099440                 
# span 2 =      0.593,   2415.472                 
# span 3 =  800511301,  800526081                 
# span 4 = 0.0000e+00, 0.0000e+00                 
# interval = seconds: 10
# start_time = May 14 2025 04:15:01 [Instrument's time stamp, first data scan]
# bad_flag = -9.990e-29
*END*
[from data line 572]
     3.4133   3.284723   2028.518  800517021  0.000e+00
     3.4130   3.284729   2029.183  800517031  0.000e+00
     3.4134   3.284775   2028.975  800517041  0.000e+00
     3.4129   3.284735   2028.946  800517051  0.000e+00
     3.4124   3.284695   2029.099  800517061  0.000e+00
     3.4125   3.284700   2028.622  800517071  0.000e+00
     3.4128   3.284747   2028.988  800517081  0.000e+00
     3.4129   3.284775   2029.370  800517091  0.000e+00
     3.4131   3.284775   2029.112  800517101  0.000e+00
     3.4128   3.284770   2028.780  800517111  0.000e+00
     3.4135   3.284833   2029.403  800517121  0.000e+00
     3.4135   3.284793   2029.021  800517131  0.000e+00
     3.4135   3.284787   2028.897  800517141  0.000e+00
     3.4132   3.284781   2028.967  800517151  0.000e+00
     3.4129   3.284804   2029.450  800517161  0.000e+00
     3.4128   3.284781   2029.229  800517171  0.000e+00
     3.4128   3.284758   2028.959  800517181  0.000e+00
     3.4128   3.284758   2029.221  800517191  0.000e+00
     3.4120   3.284678   2028.918  800517201  0.000e+00
     3.4113   3.284632   2029.125  800517211  0.000e+00
     3.4108   3.284609   2029.325  800517221  0.000e+00
     3.4107   3.284580   2029.138  800517231  0.000e+00
     3.4106   3.284562   2028.910  800517241  0.000e+00
     3.4108   3.284568   2028.993  800517251  0.000e+00
     3.4109   3.284586   2029.367  800517261  0.000e+00
     3.4111   3.284591   2028.993  800517271  0.000e+00
     3.4113   3.284614   2029.097  800517281  0.000e+00
     3.4107   3.284574   2028.943  800517291  0.000e+00
     3.4076   3.284304   2028.951  800517301  0.000e+00
     3.4052   3.284125   2029.263  800517311  0.000e+00
     3.4054   3.284154   2029.554  800517321  0.000e+00
     3.4064   3.284183   2028.993  800517331  0.000e+00
     3.4095   3.284424   2029.117  800517341  0.000e+00
     3.4095   3.284424   2028.931  800517351  0.000e+00
     3.4108   3.284551   2029.255  800517361  0.000e+00
     3.4100   3.284517   2029.691  800517371  0.000e+00
     3.4081   3.284338   2029.276  800517381  0.000e+00
     3.4107   3.284534   2029.027  800517391  0.000e+00
     3.4111   3.284591   2029.338  800517401  0.000e+00
     3.4111   3.284614   2029.380  800517411  0.000e+00
     3.4147   3.284595   2022.490  800517421  0.000e+00
     3.4234   3.284938   2014.402  800517431  0.000e+00
     3.4378   3.285804   2006.757  800517441  0.000e+00
     3.4508   3.286578   1999.155  800517451  0.000e+00
     3.4541   3.286581   1990.992  800517461  0.000e+00
     3.4615   3.286890   1983.100  800517471  0.000e+00
     3.4715   3.287388   1975.146  800517481  0.000e+00
     3.4772   3.287621   1967.151  800517491  0.000e+00
     3.4883   3.288263   1959.343  800517501  0.000e+00
     3.4971   3.288698   1951.556  800517511  0.000e+00
     3.5150   3.289927   1943.541  800517521  0.000e+00
     3.5428   3.292003   1935.623  800517531  0.000e+00
     3.5714   3.294166   1927.679  800517541  0.000e+00
     3.5687   3.294050   1925.367  800517551  0.000e+00
     3.5649   3.293969   1925.686  800517561  0.000e+00
     3.5665   3.294096   1925.624  800517571  0.000e+00
     3.5713   3.294574   1925.769  800517581  0.000e+00
     3.5727   3.294712   1925.500  800517591  0.000e+00
     3.5741   3.294857   1925.865  800517601  0.000e+00
     3.5718   3.294782   1926.259  800517611  0.000e+00
     3.5723   3.294810   1925.471  800517621  0.000e+00
     3.5740   3.294926   1925.732  800517631  0.000e+00
     3.5753   3.295052   1926.031  800517641  0.000e+00
     3.5761   3.295098   1925.450  800517651  0.000e+00
     3.5766   3.295133   1925.296  800517661  0.000e+00
     3.5762   3.295121   1925.554  800517671  0.000e+00
     3.5771   3.295179   1925.005  800517681  0.000e+00
     3.5789   3.294998   1917.947  800517691  0.000e+00
     3.5822   3.294817   1909.581  800517701  0.000e+00
     3.5939   3.295454   1901.598  800517711  0.000e+00
     3.6286   3.297957   1893.515  800517721  0.000e+00
     3.6336   3.298220   1885.545  800517731  0.000e+00
     3.6370   3.298165   1877.451  800517741  0.000e+00
     3.6393   3.297892   1869.265  800517751  0.000e+00
     3.6476   3.298229   1860.973  800517761  0.000e+00
     3.6631   3.299212   1853.515  800517771  0.000e+00
     3.6719   3.299723   1846.448  800517781  0.000e+00
     3.6766   3.299830   1839.426  800517791  0.000e+00
     3.6809   3.299925   1832.111  800517801  0.000e+00
     3.6815   3.299791   1824.965  800517811  0.000e+00
     3.6800   3.299693   1824.923  800517821  0.000e+00
     3.6798   3.299773   1825.193  800517831  0.000e+00
     3.6810   3.299842   1824.695  800517841  0.000e+00
     3.6809   3.299883   1824.986  800517851  0.000e+00
     3.6816   3.299964   1825.235  800517861  0.000e+00
     3.6824   3.300033   1825.122  800517871  0.000e+00
     3.6832   3.300067   1824.666  800517881  0.000e+00
     3.6826   3.300079   1825.247  800517891  0.000e+00
     3.6828   3.300056   1824.811  800517901  0.000e+00
     3.6823   3.300044   1824.956  800517911  0.000e+00
     3.6822   3.300015   1824.728  800517921  0.000e+00
     3.6820   3.300021   1825.205  800517931  0.000e+00
     3.6818   3.299992   1824.749  800517941  0.000e+00
     3.6817   3.300004   1825.205  800517951  0.000e+00
     3.6820   3.300027   1825.309  800517961  0.000e+00
     3.6818   3.299992   1824.740  800517971  0.000e+00
     3.6817   3.300004   1825.113  800517981  0.000e+00
     3.6814   3.299987   1825.072  800517991  0.000e+00
     3.6814   3.299964   1824.906  800518001  0.000e+00
     3.6816   3.299969   1824.636  800518011  0.000e+00
     3.6816   3.300004   1825.508  800518021  0.000e+00
     3.6811   3.299946   1825.176  800518031  0.000e+00
     3.6808   3.299906   1824.698  800518041  0.000e+00
     3.6811   3.299935   1825.279  800518051  0.000e+00
     3.6811   3.299912   1824.897  800518061  0.000e+00
     3.6810   3.299894   1824.574  800518071  0.000e+00
     3.6807   3.299912   1825.300  800518081  0.000e+00
     3.6813   3.299964   1825.437  800518091  0.000e+00
     3.6811   3.299929   1824.989  800518101  0.000e+00
     3.6811   3.299917   1824.802  800518111  0.000e+00
     3.6811   3.299929   1824.710  800518121  0.000e+00
     3.6813   3.299946   1825.404  800518131  0.000e+00
     3.6809   3.299900   1824.773  800518141  0.000e+00
     3.6809   3.299889   1824.698  800518151  0.000e+00
     3.6808   3.299877   1824.657  800518161  0.000e+00
     3.6806   3.299883   1824.980  800518171  0.000e+00
     3.6807   3.299871   1824.710  800518181  0.000e+00
     3.6804   3.299889   1825.312  800518191  0.000e+00
     3.6804   3.299889   1825.291  800518201  0.000e+00
     3.6804   3.299866   1824.793  800518211  0.000e+00
     3.6803   3.299877   1825.134  800518221  0.000e+00
     3.6802   3.299866   1825.241  800518231  0.000e+00
     3.6805   3.299883   1825.291  800518241  0.000e+00
     3.6806   3.299854   1825.312  800518251  0.000e+00
     3.6802   3.299883   1825.146  800518261  0.000e+00
     3.6802   3.299848   1824.690  800518271  0.000e+00
     3.6800   3.299674   1821.258  800518281  0.000e+00
     3.6794   3.299286   1813.362  800518291  0.000e+00
     3.6800   3.298966   1805.272  800518301  0.000e+00
     3.6853   3.299010   1797.369  800518311  0.000e+00
     3.6833   3.298598   1790.130  800518321  0.000e+00
     3.6895   3.298699   1782.123  800518331  0.000e+00
     3.6900   3.298472   1774.201  800518341  0.000e+00
     3.7097   3.299743   1766.672  800518351  0.000e+00
     3.7150   3.299919   1758.896  800518361  0.000e+00
     3.7200   3.300009   1751.099  800518371  0.000e+00
     3.7236   3.300035   1743.210  800518381  0.000e+00
     3.7242   3.299768   1736.128  800518391  0.000e+00
     3.7305   3.299996   1728.539  800518401  0.000e+00
     3.7312   3.299902   1723.190  800518411  0.000e+00
     3.7296   3.299781   1723.190  800518421  0.000e+00
     3.7305   3.299891   1723.377  800518431  0.000e+00
     3.7321   3.300035   1722.775  800518441  0.000e+00
     3.7320   3.300075   1723.584  800518451  0.000e+00
     3.7321   3.300110   1723.459  800518461  0.000e+00
     3.7325   3.300121   1723.377  800518471  0.000e+00
     3.7326   3.300138   1723.264  800518481  0.000e+00
     3.7324   3.300127   1723.077  800518491  0.000e+00
     3.7321   3.300139   1723.595  800518501  0.000e+00
     3.7324   3.300144   1723.430  800518511  0.000e+00
     3.7326   3.300167   1723.243  800518521  0.000e+00
     3.7356   3.300177   1718.806  800518531  0.000e+00
     3.7131   3.297864   1710.721  800518541  0.000e+00
     3.7235   3.297971   1702.636  800518551  0.000e+00
     3.7279   3.298020   1694.676  800518561  0.000e+00
     3.7520   3.299775   1686.634  800518571  0.000e+00
     3.7587   3.300141   1678.624  800518581  0.000e+00
     3.7713   3.300940   1670.301  800518591  0.000e+00
     3.7760   3.301122   1662.518  800518601  0.000e+00
     3.7855   3.301557   1654.634  800518611  0.000e+00
     3.7887   3.301486   1646.469  800518621  0.000e+00
     3.8008   3.302238   1639.051  800518631  0.000e+00
     3.8102   3.302836   1631.903  800518641  0.000e+00
     3.8168   3.303075   1624.382  800518651  0.000e+00
     3.8244   3.303680   1621.087  800518661  0.000e+00
     3.8120   3.302786   1621.200  800518671  0.000e+00
     3.8159   3.303086   1620.995  800518681  0.000e+00
     3.8226   3.303674   1620.797  800518691  0.000e+00
     3.8242   3.303882   1621.264  800518701  0.000e+00
     3.8299   3.304372   1621.119  800518711  0.000e+00
     3.8287   3.304360   1620.705  800518721  0.000e+00
     3.8284   3.304337   1620.974  800518731  0.000e+00
     3.8296   3.304429   1621.347  800518741  0.000e+00
     3.8303   3.304481   1620.850  800518751  0.000e+00
     3.8302   3.304504   1621.098  800518761  0.000e+00
     3.8320   3.304643   1620.901  800518771  0.000e+00
     3.8324   3.304712   1621.306  800518781  0.000e+00
     3.8320   3.304671   1620.829  800518791  0.000e+00
     3.8320   3.304671   1620.995  800518801  0.000e+00
     3.8318   3.304689   1621.554  800518811  0.000e+00
     3.8319   3.304671   1621.057  800518821  0.000e+00
     3.8319   3.304689   1621.223  800518831  0.000e+00
     3.8320   3.304695   1621.161  800518841  0.000e+00
     3.8320   3.304695   1621.317  800518851  0.000e+00
     3.8320   3.304671   1621.151  800518861  0.000e+00
     3.8321   3.304671   1620.663  800518871  0.000e+00
     3.8320   3.304660   1620.840  800518881  0.000e+00
     3.8320   3.304700   1621.202  800518891  0.000e+00
     3.8321   3.304689   1621.078  800518901  0.000e+00
     3.8321   3.304666   1620.705  800518911  0.000e+00
     3.8328   3.304752   1620.944  800518921  0.000e+00
     3.8333   3.304804   1621.347  800518931  0.000e+00
     3.8330   3.304764   1621.027  800518941  0.000e+00
     3.8335   3.304804   1620.767  800518951  0.000e+00
     3.8341   3.304868   1621.151  800518961  0.000e+00
     3.8340   3.304862   1621.027  800518971  0.000e+00
     3.8345   3.304914   1621.379  800518981  0.000e+00
     3.8351   3.304966   1621.192  800518991  0.000e+00
     3.8356   3.304977   1620.799  800519001  0.000e+00
     3.8355   3.304994   1620.965  800519011  0.000e+00
     3.8357   3.305017   1621.192  800519021  0.000e+00
     3.8358   3.305035   1621.494  800519031  0.000e+00
     3.8360   3.305058   1621.141  800519041  0.000e+00
     3.8362   3.305064   1620.923  800519051  0.000e+00
     3.8369   3.305121   1620.882  800519061  0.000e+00
     3.8364   3.305104   1621.141  800519071  0.000e+00
     3.8401   3.305154   1615.713  800519081  0.000e+00
     3.8534   3.305942   1607.830  800519091  0.000e+00
     3.8597   3.306199   1599.389  800519101  0.000e+00
     3.8727   3.307038   1591.133  800519111  0.000e+00
     3.8931   3.308512   1582.889  800519121  0.000e+00
     3.9056   3.309346   1574.998  800519131  0.000e+00
     3.9148   3.309834   1566.703  800519141  0.000e+00
     3.9296   3.310899   1558.947  800519151  0.000e+00
     3.9375   3.311422   1551.729  800519161  0.000e+00
     3.9424   3.311587   1543.809  800519171  0.000e+00
     3.9479   3.311827   1536.303  800519181  0.000e+00
     3.9573   3.312396   1529.180  800519191  0.000e+00
     3.9625   3.312624   1521.623  800519201  0.000e+00
     3.9621   3.312525   1518.476  800519211  0.000e+00
     3.9600   3.312404   1518.507  800519221  0.000e+00
     3.9601   3.312485   1518.952  800519231  0.000e+00
     3.9628   3.312721   1519.159  800519241  0.000e+00
     3.9639   3.312796   1518.579  800519251  0.000e+00
     3.9632   3.312802   1518.662  800519261  0.000e+00
     3.9639   3.312871   1519.055  800519271  0.000e+00
     3.9641   3.312883   1519.117  800519281  0.000e+00
     3.9637   3.312866   1518.869  800519291  0.000e+00
     3.9636   3.312871   1519.035  800519301  0.000e+00
     3.9635   3.312825   1517.886  800519311  0.000e+00
     3.9624   3.312390   1510.391  800519321  0.000e+00
     3.9809   3.313605   1502.483  800519331  0.000e+00
     3.9886   3.313989   1494.409  800519341  0.000e+00
     3.9977   3.314529   1486.709  800519351  0.000e+00
     4.0198   3.316143   1478.533  800519361  0.000e+00
     4.0339   3.317221   1470.574  800519371  0.000e+00
     4.0477   3.318229   1462.803  800519381  0.000e+00
     4.0590   3.318925   1454.814  800519391  0.000e+00
     4.0678   3.319494   1446.557  800519401  0.000e+00
     4.0800   3.320387   1438.994  800519411  0.000e+00
     4.0838   3.320414   1432.093  800519421  0.000e+00
     4.0897   3.320724   1425.130  800519431  0.000e+00
     4.1476   3.325610   1417.681  800519441  0.000e+00
     4.1871   3.329280   1410.347  800519451  0.000e+00
     4.2037   3.330943   1402.754  800519461  0.000e+00
     4.1606   3.326389   1394.821  800519471  0.000e+00
     4.1505   3.324849   1387.642  800519481  0.000e+00
     4.1565   3.324986   1380.175  800519491  0.000e+00
     4.1782   3.326457   1372.377  800519501  0.000e+00
     4.1860   3.326976   1366.503  800519511  0.000e+00
     4.1839   3.326906   1366.296  800519521  0.000e+00
     4.1914   3.327588   1366.720  800519531  0.000e+00
     4.1926   3.327785   1367.009  800519541  0.000e+00
     4.1936   3.327895   1366.254  800519551  0.000e+00
     4.1930   3.327901   1366.699  800519561  0.000e+00
     4.1931   3.327906   1366.327  800519571  0.000e+00
     4.1914   3.327785   1366.895  800519581  0.000e+00
     4.1928   3.327912   1366.844  800519591  0.000e+00
     4.1924   3.327895   1366.937  800519601  0.000e+00
     4.1918   3.327837   1366.440  800519611  0.000e+00
     4.1920   3.327814   1365.768  800519621  0.000e+00
     4.2043   3.328563   1357.981  800519631  0.000e+00
     4.2278   3.330081   1350.112  800519641  0.000e+00
     4.3286   3.339517   1342.285  800519651  0.000e+00
     4.3783   3.344293   1334.581  800519661  0.000e+00
     4.4146   3.347790   1326.393  800519671  0.000e+00
     4.4222   3.348501   1318.473  800519681  0.000e+00
     4.4322   3.349269   1310.513  800519691  0.000e+00
     4.4497   3.350646   1302.988  800519701  0.000e+00
     4.4357   3.349119   1295.152  800519711  0.000e+00
     4.4175   3.346595   1287.100  800519721  0.000e+00
     4.4033   3.345098   1279.265  800519731  0.000e+00
     4.4463   3.348497   1271.555  800519741  0.000e+00
     4.4600   3.349404   1263.515  800519751  0.000e+00
     4.5007   3.352736   1255.744  800519761  0.000e+00
     4.5165   3.354235   1248.045  800519771  0.000e+00
     4.5476   3.356919   1240.699  800519781  0.000e+00
     4.5632   3.358210   1233.103  800519791  0.000e+00
     4.5815   3.359763   1225.860  800519801  0.000e+00
     4.5896   3.360301   1218.359  800519811  0.000e+00
     4.5821   3.359510   1215.198  800519821  0.000e+00
     4.5794   3.359342   1215.528  800519831  0.000e+00
     4.5753   3.358959   1214.918  800519841  0.000e+00
     4.5736   3.358767   1215.414  800519851  0.000e+00
     4.5728   3.358727   1215.425  800519861  0.000e+00
