odissea/data/moor/raw/ce25007/microcat_cal_dip/cast13/16363_cal_dip_data.cnv
* Sea-Bird SBE37SM-RS232  Data File:
* FileName = C:\CE25007_recovery_data\16363_cal_dip_data.hex
* Software version SeatermV2 2.8.0.119
* Temperature SN = 16363
* Conductivity SN = 16363
* System UpLoad Time = May 14 2025 09:01:25
* sample interval = 10 seconds
* <ApplicationData>
# nquan = 5
# nvalues = 1479                                  
# units = specified
# name 0 = tv290C: Temperature [ITS-90, deg C]
# name 1 = cond0S/m: Conductivity [S/m]
# name 2 = prdM: Pressure, Strain Gauge [db]
# name 3 = timeK: Time, Instrument [seconds]
# name 4 = flag:  0.000e+00
# span 0 =     2.8062,    16.1839                 
# span 1 =   0.000780,   4.099440                 
# span 2 =      0.593,   2415.472                 
# span 3 =  800511301,  800526081                 
# span 4 = 0.0000e+00, 0.0000e+00                 
# interval = seconds: 10
# start_time = May 14 2025 04:15:01 [Instrument's time stamp, first data scan]
# bad_flag = -9.990e-29
*END*
[from data line 1429]
    15.1829   0.000794      0.807  800525591  0.000e+00
    15.1905   0.000796      0.807  800525601  0.000e+00
    15.1985   0.000794      0.828  800525611  0.000e+00
    15.2074   0.000794      0.787  800525621  0.000e+00
    15.2139   0.000791      0.848  800525631  0.000e+00
    15.2170   0.000794      0.787  800525641  0.000e+00
    15.2230   0.000791      0.787  800525651  0.000e+00
    15.2208   0.000791      0.808  800525661  0.000e+00
    15.2267   0.000791      0.807  800525671  0.000e+00
    15.2383   0.000791      0.828  800525681  0.000e+00
    15.2443   0.000791      0.808  800525691  0.000e+00
    15.2426   0.000788      0.788  800525701  0.000e+00
    15.2489   0.000791      0.788  800525711  0.000e+00
    15.2580   0.000788      0.807  800525721  0.000e+00
    15.2657   0.000788      0.809  800525731  0.000e+00
    15.2744   0.000788      0.808  800525741  0.000e+00
    15.2822   0.000788      0.809  800525751  0.000e+00
    15.2892   0.000788      0.768  800525761  0.000e+00
    15.2960   0.000786      0.768  800525771  0.000e+00
    15.3010   0.000786      0.850  800525781  0.000e+00
    15.3074   0.000786      0.830  800525791  0.000e+00
    15.3118   0.000786      0.810  800525801  0.000e+00
    15.3166   0.000786      0.768  800525811  0.000e+00
    15.3228   0.000786      0.748  800525821  0.000e+00
    15.3242   0.000786      0.789  800525831  0.000e+00
    15.3255   0.000786      0.769  800525841  0.000e+00
    15.3304   0.000786      0.748  800525851  0.000e+00
    15.3384   0.000786      0.789  800525861  0.000e+00
    15.3496   0.000786      0.769  800525871  0.000e+00
    15.3562   0.000786      0.789  800525881  0.000e+00
    15.3632   0.000783      0.789  800525891  0.000e+00
    15.3701   0.000783      0.770  800525901  0.000e+00
    15.3744   0.000783      0.790  800525911  0.000e+00
    15.3835   0.000783      0.749  800525921  0.000e+00
    15.3842   0.000780      0.728  800525931  0.000e+00
    15.3908   0.000780      0.749  800525941  0.000e+00
    15.3843   0.053772      0.728  800525951  0.000e+00
    15.3973   0.031897      0.729  800525961  0.000e+00
    15.3919   0.020678      0.790  800525971  0.000e+00
    15.4007   0.019767      0.709  800525981  0.000e+00
    15.3965   0.010756      0.750  800525991  0.000e+00
    15.3919   0.009654      0.729  800526001  0.000e+00
    15.3898   0.007003      0.791  800526011  0.000e+00
    15.3898   0.005730      0.709  800526021  0.000e+00
    15.3886   0.005112      0.709  800526031  0.000e+00
    15.3836   0.004425      0.770  800526041  0.000e+00
    15.3799   0.003865      0.771  800526051  0.000e+00
    15.3647   0.004650      0.770  800526061  0.000e+00
    15.3789   0.004342      0.750  800526071  0.000e+00
    15.3864   0.003983      0.771  800526081  0.000e+00
