odissea/data/moor/raw/ce25007/microcat_cal_dip/cast13/16363_cal_dip_data.cnv
* Sea-Bird SBE37SM-RS232  Data File:
* FileName = C:\CE25007_recovery_data\16363_cal_dip_data.hex
* Software version SeatermV2 2.8.0.119
* Temperature SN = 16363
* Conductivity SN = 16363
* System UpLoad Time = May 14 2025 09:01:25
* sample interval = 10 seconds
* <ApplicationData>
# nquan = 5
# nvalues = 1479                                  
# units = specified
# name 0 = tv290C: Temperature [ITS-90, deg C]
# name 1 = cond0S/m: Conductivity [S/m]
# name 2 = prdM: Pressure, Strain Gauge [db]
# name 3 = timeK: Time, Instrument [seconds]
# name 4 = flag:  0.000e+00
# span 0 =     2.8062,    16.1839                 
# span 1 =   0.000780,   4.099440                 
# span 2 =      0.593,   2415.472                 
# span 3 =  800511301,  800526081                 
# span 4 = 0.0000e+00, 0.0000e+00                 
# interval = seconds: 10
# start_time = May 14 2025 04:15:01 [Instrument's time stamp, first data scan]
# bad_flag = -9.990e-29
*END*
[from data line 1143]
    10.5593   3.910445    266.253  800522731  0.000e+00
    10.6574   3.921362    257.853  800522741  0.000e+00
    10.7119   3.927392    250.463  800522751  0.000e+00
    10.7577   3.931924    243.933  800522761  0.000e+00
    10.8034   3.936396    236.603  800522771  0.000e+00
    10.8324   3.939145    229.337  800522781  0.000e+00
    10.8527   3.940967    221.576  800522791  0.000e+00
    10.8838   3.943773    214.106  800522801  0.000e+00
    10.9360   3.948578    206.428  800522811  0.000e+00
    10.9531   3.950333    198.486  800522821  0.000e+00
    11.0061   3.955502    191.237  800522831  0.000e+00
    11.0367   3.958175    183.566  800522841  0.000e+00
    11.0655   3.961190    175.643  800522851  0.000e+00
    11.0826   3.962731    168.193  800522861  0.000e+00
    11.1154   3.965729    160.581  800522871  0.000e+00
    11.1367   3.967525    152.537  800522881  0.000e+00
    11.1817   3.971790    145.049  800522891  0.000e+00
    11.2678   3.980919    137.665  800522901  0.000e+00
    11.3183   3.986426    129.888  800522911  0.000e+00
    11.3135   3.985902    122.093  800522921  0.000e+00
    11.3100   3.985128    114.687  800522931  0.000e+00
    11.3034   3.983870    107.098  800522941  0.000e+00
    11.2804   3.980612     99.469  800522951  0.000e+00
    11.3085   3.982883     91.694  800522961  0.000e+00
    11.3137   3.983252     84.538  800522971  0.000e+00
    11.3125   3.982237     77.276  800522981  0.000e+00
    11.3125   3.980899     70.284  800522991  0.000e+00
    11.3130   3.980002     63.639  800523001  0.000e+00
    11.3294   3.981073     55.846  800523011  0.000e+00
    11.3667   3.983238     48.078  800523021  0.000e+00
    11.4413   3.989679     40.941  800523031  0.000e+00
    11.5611   3.999366     33.171  800523041  0.000e+00
    11.5546   3.999365     30.813  800523051  0.000e+00
    11.5828   4.002365     30.939  800523061  0.000e+00
    11.6100   4.005092     31.041  800523071  0.000e+00
    11.6030   4.004861     31.023  800523081  0.000e+00
    11.6424   4.008685     31.392  800523091  0.000e+00
    11.6593   4.010074     31.087  800523101  0.000e+00
    11.6550   4.009906     31.435  800523111  0.000e+00
    11.6718   4.011307     31.171  800523121  0.000e+00
    11.6754   4.011756     30.988  800523131  0.000e+00
    11.6928   4.013637     29.656  800523141  0.000e+00
    11.7745   4.021235     27.441  800523151  0.000e+00
    11.9398   4.035682     25.762  800523161  0.000e+00
    12.0178   4.042985     23.486  800523171  0.000e+00
    12.0642   4.048061     21.866  800523181  0.000e+00
    12.1361   4.054859     19.612  800523191  0.000e+00
    12.2494   4.065414     15.739  800523201  0.000e+00
    12.3432   4.074599      9.549  800523211  0.000e+00
    12.3484   4.076340      5.348  800523221  0.000e+00
    12.3498   4.076980      5.963  800523231  0.000e+00
    12.3552   4.077808      5.637  800523241  0.000e+00
    12.3572   4.078160      5.842  800523251  0.000e+00
    12.3577   4.078410      5.844  800523261  0.000e+00
    12.3580   4.078567      5.885  800523271  0.000e+00
    12.3552   4.078392      5.561  800523281  0.000e+00
    12.3547   4.078442      5.745  800523291  0.000e+00
    12.3561   4.078649      5.686  800523301  0.000e+00
    12.3582   4.078875      5.770  800523311  0.000e+00
    12.3641   4.079187      2.366  800523321  0.000e+00
    12.3753   3.225087      1.138  800523331  0.000e+00
    12.3904   2.096501      1.160  800523341  0.000e+00
    12.4060   1.217900      1.141  800523351  0.000e+00
    12.4100   2.046230      1.121  800523361  0.000e+00
    12.4209   2.041676      1.143  800523371  0.000e+00
    12.4360   0.047679      1.165  800523381  0.000e+00
    12.4724   0.025967      1.186  800523391  0.000e+00
    12.5153   0.020296      1.206  800523401  0.000e+00
    12.5360   0.017716      1.126  800523411  0.000e+00
    12.5654   0.015637      1.148  800523421  0.000e+00
    12.5898   0.014102      1.210  800523431  0.000e+00
    12.6211   0.012380      1.189  800523441  0.000e+00
    12.6455   0.011547      1.171  800523451  0.000e+00
    12.6803   0.010852      1.234  800523461  0.000e+00
    12.6940   0.010183      1.172  800523471  0.000e+00
    12.7314   0.008439      1.195  800523481  0.000e+00
    12.7552   0.007336      1.196  800523491  0.000e+00
    12.7858   0.006981      1.196  800523501  0.000e+00
    12.8162   0.006706      1.135  800523511  0.000e+00
    12.8423   0.006593      1.176  800523521  0.000e+00
    12.8732   0.006464      1.177  800523531  0.000e+00
    12.8934   0.006332      1.179  800523541  0.000e+00
    12.9109   0.006203      1.199  800523551  0.000e+00
    12.9413   0.006071      1.201  800523561  0.000e+00
    12.9676   0.005843      1.181  800523571  0.000e+00
    12.9941   0.005645      1.201  800523581  0.000e+00
    13.0215   0.005636      1.160  800523591  0.000e+00
    13.0449   0.005452      1.162  800523601  0.000e+00
    13.0739   0.005293      1.182  800523611  0.000e+00
    13.0992   0.005276      1.102  800523621  0.000e+00
    13.1219   0.005186      1.203  800523631  0.000e+00
    13.1488   0.005120      1.185  800523641  0.000e+00
    13.1754   0.005002      1.184  800523651  0.000e+00
    13.1999   0.004944      1.185  800523661  0.000e+00
    13.2253   0.004881      1.166  800523671  0.000e+00
    13.2514   0.004806      1.187  800523681  0.000e+00
    13.2737   0.004812      1.127  800523691  0.000e+00
    13.2920   0.004798      1.168  800523701  0.000e+00
    13.3119   0.004721      1.125  800523711  0.000e+00
    13.3277   0.004732      1.127  800523721  0.000e+00
    13.3452   0.004680      1.128  800523731  0.000e+00
    13.3570   0.004675      1.147  800523741  0.000e+00
    13.3785   0.004598      1.130  800523751  0.000e+00
    13.4003   0.004551      1.108  800523761  0.000e+00
    13.4143   0.004567      1.128  800523771  0.000e+00
    13.4305   0.004513      1.150  800523781  0.000e+00
    13.4460   0.004526      1.131  800523791  0.000e+00
    13.4578   0.004518      1.131  800523801  0.000e+00
    13.4693   0.004469      1.153  800523811  0.000e+00
    13.4830   0.004460      1.092  800523821  0.000e+00
    13.4950   0.004436      1.111  800523831  0.000e+00
    13.5123   0.004375      1.131  800523841  0.000e+00
    13.5243   0.004334      1.092  800523851  0.000e+00
    13.5346   0.004372      1.114  800523861  0.000e+00
    13.5468   0.004348      1.155  800523871  0.000e+00
    13.5640   0.004309      1.115  800523881  0.000e+00
    13.5841   0.004257      1.136  800523891  0.000e+00
    13.5968   0.004279      1.115  800523901  0.000e+00
    13.6075   0.004268      1.074  800523911  0.000e+00
    13.6190   0.004235      1.115  800523921  0.000e+00
    13.6309   0.004186      1.116  800523931  0.000e+00
    13.6403   0.004216      1.096  800523941  0.000e+00
    13.6539   0.004177      1.118  800523951  0.000e+00
    13.6655   0.004177      1.118  800523961  0.000e+00
    13.6703   0.004114      1.077  800523971  0.000e+00
    13.6834   0.004101      1.118  800523981  0.000e+00
    13.7006   0.004101      1.097  800523991  0.000e+00
    13.7150   0.004051      1.078  800524001  0.000e+00
    13.7230   0.004057      1.058  800524011  0.000e+00
    13.7369   0.004081      1.099  800524021  0.000e+00
    13.7479   0.004026      1.039  800524031  0.000e+00
    13.7583   0.003999      1.078  800524041  0.000e+00
    13.7670   0.003969      1.080  800524051  0.000e+00
    13.7762   0.003974      1.039  800524061  0.000e+00
    13.7910   0.003958      1.060  800524071  0.000e+00
    13.8027   0.003906      1.081  800524081  0.000e+00
    13.8144   0.003906      1.060  800524091  0.000e+00
    13.8288   0.003886      1.082  800524101  0.000e+00
    13.8406   0.003856      1.082  800524111  0.000e+00
    13.8477   0.003812      1.000  800524121  0.000e+00
    13.8601   0.003856      1.041  800524131  0.000e+00
    13.8747   0.003801      1.041  800524141  0.000e+00
    13.8868   0.003774      1.063  800524151  0.000e+00
    13.8982   0.003730      1.063  800524161  0.000e+00
    13.9084   0.003686      1.022  800524171  0.000e+00
    13.9174   0.003584      1.042  800524181  0.000e+00
    13.9268   0.003505      1.004  800524191  0.000e+00
    13.9381   0.003439      1.065  800524201  0.000e+00
    13.9497   0.003296      1.085  800524211  0.000e+00
    13.9601   0.003128      1.003  800524221  0.000e+00
    13.9720   0.003043      1.045  800524231  0.000e+00
    13.9798   0.002950      1.004  800524241  0.000e+00
    13.9932   0.002881      1.087  800524251  0.000e+00
    14.0049   0.002829      1.067  800524261  0.000e+00
    14.0140   0.002769      1.026  800524271  0.000e+00
    14.0211   0.002670      1.087  800524281  0.000e+00
    14.0308   0.002593      1.006  800524291  0.000e+00
    14.0409   0.002431      1.026  800524301  0.000e+00
    14.0485   0.002223      1.047  800524311  0.000e+00
    14.0578   0.002061      1.027  800524321  0.000e+00
    14.0678   0.001918      0.986  800524331  0.000e+00
    14.0760   0.001844      1.047  800524341  0.000e+00
    14.0804   0.001784      0.987  800524351  0.000e+00
    14.0821   0.001721      1.029  800524361  0.000e+00
    14.0866   0.001556      1.009  800524371  0.000e+00
    14.0917   0.001326      1.028  800524381  0.000e+00
    14.0991   0.001312      1.071  800524391  0.000e+00
    14.1059   0.001301      0.988  800524401  0.000e+00
    14.1110   0.001293      1.009  800524411  0.000e+00
    14.1155   0.001279      1.010  800524421  0.000e+00
    14.1203   0.001268      1.032  800524431  0.000e+00
    14.1213   0.001263      0.991  800524441  0.000e+00
    14.1272   0.001257      0.989  800524451  0.000e+00
    14.1323   0.001254      1.011  800524461  0.000e+00
    14.1384   0.001249      0.991  800524471  0.000e+00
    14.1384   0.001241      1.053  800524481  0.000e+00
    14.1441   0.001235      0.992  800524491  0.000e+00
    14.1500   0.001230      1.032  800524501  0.000e+00
    14.1609   0.001219      1.011  800524511  0.000e+00
    14.1681   0.001210      0.991  800524521  0.000e+00
    14.1767   0.001205      0.952  800524531  0.000e+00
    14.1900   0.001199      0.993  800524541  0.000e+00
    14.1991   0.001197      0.951  800524551  0.000e+00
    14.2070   0.001188      0.972  800524561  0.000e+00
    14.2121   0.001180      0.994  800524571  0.000e+00
    14.2343   0.001178      0.994  800524581  0.000e+00
    14.3153   0.044114      0.994  800524591  0.000e+00
    14.3948   0.015748      0.953  800524601  0.000e+00
    14.4263   0.008511      1.014  800524611  0.000e+00
    14.4459   0.007149      1.056  800524621  0.000e+00
    14.4572   0.006302      0.995  800524631  0.000e+00
    14.4634   0.005722      0.974  800524641  0.000e+00
    14.4682   0.005213      0.955  800524651  0.000e+00
    14.4732   0.004697      0.934  800524661  0.000e+00
    14.4810   0.004304      0.976  800524671  0.000e+00
    14.4830   0.003974      0.914  800524681  0.000e+00
    14.4878   0.003678      0.936  800524691  0.000e+00
    14.4880   0.003420      0.956  800524701  0.000e+00
    14.4928   0.003205      0.916  800524711  0.000e+00
    14.5056   0.003002      0.915  800524721  0.000e+00
    14.5178   0.002816      0.916  800524731  0.000e+00
    14.5278   0.002665      0.896  800524741  0.000e+00
    14.5378   0.002475      0.876  800524751  0.000e+00
    14.5464   0.002272      0.917  800524761  0.000e+00
    14.5497   0.002025      0.896  800524771  0.000e+00
    14.5609   0.001907      0.896  800524781  0.000e+00
    14.5731   0.001847      0.876  800524791  0.000e+00
    14.5765   0.001767      0.837  800524801  0.000e+00
    14.5852   0.001696      0.877  800524811  0.000e+00
    14.6003   0.001644      0.856  800524821  0.000e+00
    14.6144   0.001584      0.857  800524831  0.000e+00
    14.6260   0.001537      0.898  800524841  0.000e+00
    14.6351   0.001501      0.878  800524851  0.000e+00
    14.6434   0.001471      0.857  800524861  0.000e+00
    14.6568   0.001444      0.899  800524871  0.000e+00
    14.6699   0.001419      0.879  800524881  0.000e+00
    14.6779   0.001389      0.920  800524891  0.000e+00
    14.6848   0.001361      0.858  800524901  0.000e+00
    14.6928   0.001342      0.879  800524911  0.000e+00
    14.7006   0.001323      0.859  800524921  0.000e+00
    14.7105   0.001298      0.880  800524931  0.000e+00
    14.7198   0.001274      0.900  800524941  0.000e+00
    14.7271   0.001246      0.880  800524951  0.000e+00
    14.7348   0.001219      0.901  800524961  0.000e+00
    14.7412   0.001191      0.900  800524971  0.000e+00
    14.7419   0.001161      0.881  800524981  0.000e+00
    14.7531   0.001123      0.882  800524991  0.000e+00
    14.7614   0.001060      0.860  800525001  0.000e+00
    14.7684   0.001043      0.861  800525011  0.000e+00
    14.7734   0.001027      0.901  800525021  0.000e+00
    14.7797   0.001016      0.882  800525031  0.000e+00
    14.7852   0.001010      0.861  800525041  0.000e+00
    14.7919   0.001005      0.882  800525051  0.000e+00
    14.7963   0.000997      0.902  800525061  0.000e+00
    14.8053   0.000988      0.902  800525071  0.000e+00
    14.8021   0.000977      0.882  800525081  0.000e+00
    14.8085   0.000966      0.923  800525091  0.000e+00
    14.8205   0.000953      0.821  800525101  0.000e+00
    14.8327   0.000914      0.862  800525111  0.000e+00
    14.8434   0.000909      0.945  800525121  0.000e+00
    14.8431   0.000906      0.904  800525131  0.000e+00
    14.8539   0.000901      0.863  800525141  0.000e+00
    14.8621   0.000898      0.842  800525151  0.000e+00
    14.8731   0.000892      0.904  800525161  0.000e+00
    14.8832   0.000884      0.863  800525171  0.000e+00
    14.8935   0.000884      0.883  800525181  0.000e+00
    14.8997   0.000879      0.905  800525191  0.000e+00
    14.9128   0.000876      0.823  800525201  0.000e+00
    14.9243   0.000870      0.843  800525211  0.000e+00
    14.9312   0.000868      0.864  800525221  0.000e+00
    14.9374   0.000865      0.864  800525231  0.000e+00
    14.9443   0.000865      0.843  800525241  0.000e+00
    14.9517   0.000860      0.885  800525251  0.000e+00
    14.9570   0.000857      0.823  800525261  0.000e+00
    14.9662   0.000854      0.864  800525271  0.000e+00
    14.9637   0.000846      0.885  800525281  0.000e+00
    14.9763   0.000838      0.886  800525291  0.000e+00
    14.9820   0.000835      0.824  800525301  0.000e+00
    14.9784   0.000832      0.844  800525311  0.000e+00
    14.9900   0.000832      0.845  800525321  0.000e+00
    14.9895   0.000829      0.845  800525331  0.000e+00
    14.9912   0.000829      0.887  800525341  0.000e+00
    14.9976   0.000827      0.865  800525351  0.000e+00
    15.0081   0.000827      0.866  800525361  0.000e+00
    15.0198   0.000827      0.825  800525371  0.000e+00
    15.0215   0.000824      0.846  800525381  0.000e+00
    15.0297   0.000821      0.867  800525391  0.000e+00
    15.0417   0.000818      0.867  800525401  0.000e+00
    15.0433   0.000816      0.867  800525411  0.000e+00
    15.0443   0.000816      0.825  800525421  0.000e+00
    15.0587   0.000816      0.826  800525431  0.000e+00
    15.0698   0.000813      0.846  800525441  0.000e+00
    15.0765   0.000810      0.867  800525451  0.000e+00
    15.0890   0.000810      0.867  800525461  0.000e+00
    15.0970   0.000807      0.806  800525471  0.000e+00
    15.1023   0.000807      0.847  800525481  0.000e+00
    15.1101   0.000807      0.847  800525491  0.000e+00
    15.1141   0.000805      0.868  800525501  0.000e+00
    15.1215   0.000807      0.847  800525511  0.000e+00
    15.1329   0.000805      0.807  800525521  0.000e+00
    15.1410   0.000805      0.807  800525531  0.000e+00
    15.1503   0.000802      0.826  800525541  0.000e+00
    15.1576   0.000799      0.786  800525551  0.000e+00
    15.1625   0.000796      0.868  800525561  0.000e+00
    15.1677   0.000796      0.786  800525571  0.000e+00
