odissea/data/moor/raw/ce25007/microcat_cal_dip/cast13/16379_cal_dip_data.cnv
* Sea-Bird SBE37SM-RS232  Data File:
* FileName = C:\CE25007_recovery_data\16379_cal_dip_data.hex
* Software version SeatermV2 2.8.0.119
* Temperature SN = 16379
* Conductivity SN = 16379
* System UpLoad Time = May 14 2025 08:33:57
* sample interval = 10 seconds
* <ApplicationData>
# nquan = 5
# nvalues = 1494                                  
# units = specified
# name 0 = tv290C: Temperature [ITS-90, deg C]
# name 1 = cond0S/m: Conductivity [S/m]
# name 2 = prdM: Pressure, Strain Gauge [db]
# name 3 = timeK: Time, Instrument [seconds]
# name 4 = flag:  0.000e+00
# span 0 =     2.8060,    18.1361                 
# span 1 =   0.000445,   4.092116                 
# span 2 =      0.647,   2414.963                 
# span 3 =  800473801,  800526221                 
# span 4 = 0.0000e+00, 0.0000e+00                 
# interval = seconds: 10
# start_time = May 13 2025 17:50:01 [Instrument's time stamp, first data scan]
# bad_flag = -9.990e-29
*END*
[from data line 572]
     3.4137   3.284664   2028.285  800517011  0.000e+00
     3.4139   3.284687   2027.980  800517021  0.000e+00
     3.4141   3.284751   2028.455  800517031  0.000e+00
     3.4140   3.284751   2028.487  800517041  0.000e+00
     3.4139   3.284756   2028.656  800517051  0.000e+00
     3.4137   3.284745   2028.318  800517061  0.000e+00
     3.4136   3.284704   2028.001  800517071  0.000e+00
     3.4137   3.284716   2028.276  800517081  0.000e+00
     3.4132   3.284698   2028.550  800517091  0.000e+00
     3.4131   3.284693   2028.360  800517101  0.000e+00
     3.4133   3.284669   2027.589  800517111  0.000e+00
     3.4134   3.284727   2028.646  800517121  0.000e+00
     3.4131   3.284698   2028.096  800517131  0.000e+00
     3.4132   3.284698   2028.402  800517141  0.000e+00
     3.4126   3.284658   2028.287  800517151  0.000e+00
     3.4128   3.284687   2028.319  800517161  0.000e+00
     3.4129   3.284693   2028.773  800517171  0.000e+00
     3.4115   3.284542   2027.801  800517181  0.000e+00
     3.4110   3.284536   2028.688  800517191  0.000e+00
     3.4115   3.284548   2028.636  800517201  0.000e+00
     3.4111   3.284507   2028.552  800517211  0.000e+00
     3.4110   3.284495   2027.939  800517221  0.000e+00
     3.4111   3.284513   2028.108  800517231  0.000e+00
     3.4115   3.284536   2028.467  800517241  0.000e+00
     3.4114   3.284536   2028.699  800517251  0.000e+00
     3.4113   3.284501   2028.192  800517261  0.000e+00
     3.4111   3.284489   2027.770  800517271  0.000e+00
     3.4110   3.284513   2028.584  800517281  0.000e+00
     3.4112   3.284524   2028.742  800517291  0.000e+00
     3.4112   3.284519   2028.457  800517301  0.000e+00
     3.4113   3.284530   2028.563  800517311  0.000e+00
     3.4113   3.284519   2028.457  800517321  0.000e+00
     3.4113   3.284507   2028.457  800517331  0.000e+00
     3.4096   3.284403   2028.985  800517341  0.000e+00
     3.4067   3.284171   2028.394  800517351  0.000e+00
     3.4092   3.284304   2027.971  800517361  0.000e+00
     3.4091   3.284321   2028.108  800517371  0.000e+00
     3.4102   3.284403   2028.330  800517381  0.000e+00
     3.4101   3.284414   2028.372  800517391  0.000e+00
     3.4094   3.284362   2028.351  800517401  0.000e+00
     3.4107   3.284466   2028.478  800517411  0.000e+00
     3.4112   3.284478   2027.464  800517421  0.000e+00
     3.4155   3.284493   2019.813  800517431  0.000e+00
     3.4260   3.285076   2011.951  800517441  0.000e+00
     3.4445   3.286199   2003.941  800517451  0.000e+00
     3.4505   3.286446   1995.954  800517461  0.000e+00
     3.4534   3.286414   1988.516  800517471  0.000e+00
     3.4616   3.286760   1980.634  800517481  0.000e+00
     3.4731   3.287401   1972.426  800517491  0.000e+00
     3.4801   3.287706   1964.662  800517501  0.000e+00
     3.4886   3.288168   1956.697  800517511  0.000e+00
     3.5044   3.289164   1948.585  800517521  0.000e+00
     3.5217   3.290339   1940.823  800517531  0.000e+00
     3.5454   3.292061   1933.123  800517541  0.000e+00
     3.5731   3.294277   1925.287  800517551  0.000e+00
     3.5638   3.293655   1925.235  800517561  0.000e+00
     3.5719   3.294369   1924.432  800517571  0.000e+00
     3.5745   3.294706   1925.150  800517581  0.000e+00
     3.5749   3.294805   1924.728  800517591  0.000e+00
     3.5756   3.294915   1925.435  800517601  0.000e+00
     3.5740   3.294823   1925.404  800517611  0.000e+00
     3.5750   3.294927   1924.876  800517621  0.000e+00
     3.5762   3.295014   1924.685  800517631  0.000e+00
     3.5764   3.295072   1925.478  800517641  0.000e+00
     3.5773   3.295089   1924.707  800517651  0.000e+00
     3.5772   3.295107   1925.013  800517661  0.000e+00
     3.5774   3.295171   1925.309  800517671  0.000e+00
     3.5779   3.295177   1924.739  800517681  0.000e+00
     3.5784   3.295141   1922.996  800517691  0.000e+00
     3.5797   3.294802   1915.002  800517701  0.000e+00
     3.5836   3.294695   1907.167  800517711  0.000e+00
     3.5977   3.295534   1898.836  800517721  0.000e+00
     3.6297   3.297965   1890.759  800517731  0.000e+00
     3.6354   3.298166   1882.587  800517741  0.000e+00
     3.6373   3.298053   1874.838  800517751  0.000e+00
     3.6409   3.297824   1866.351  800517761  0.000e+00
     3.6482   3.298094   1858.360  800517771  0.000e+00
     3.6652   3.299138   1850.581  800517781  0.000e+00
     3.6719   3.299513   1843.530  800517791  0.000e+00
     3.6778   3.299743   1836.701  800517801  0.000e+00
     3.6816   3.299846   1829.567  800517811  0.000e+00
     3.6816   3.299693   1824.143  800517821  0.000e+00
     3.6799   3.299606   1824.227  800517831  0.000e+00
     3.6801   3.299635   1823.974  800517841  0.000e+00
     3.6805   3.299710   1824.280  800517851  0.000e+00
     3.6805   3.299751   1824.058  800517861  0.000e+00
     3.6811   3.299815   1823.963  800517871  0.000e+00
     3.6812   3.299838   1824.248  800517881  0.000e+00
     3.6820   3.299885   1824.227  800517891  0.000e+00
     3.6820   3.299908   1824.069  800517901  0.000e+00
     3.6825   3.299984   1824.839  800517911  0.000e+00
     3.6829   3.299966   1824.027  800517921  0.000e+00
     3.6829   3.300001   1824.523  800517931  0.000e+00
     3.6830   3.299984   1824.449  800517941  0.000e+00
     3.6825   3.299978   1824.765  800517951  0.000e+00
     3.6825   3.299931   1824.196  800517961  0.000e+00
     3.6820   3.299914   1823.984  800517971  0.000e+00
     3.6821   3.299931   1824.417  800517981  0.000e+00
     3.6820   3.299949   1824.713  800517991  0.000e+00
     3.6820   3.299920   1824.290  800518001  0.000e+00
     3.6817   3.299890   1824.227  800518011  0.000e+00
     3.6818   3.299925   1824.544  800518021  0.000e+00
     3.6820   3.299914   1824.248  800518031  0.000e+00
     3.6816   3.299873   1824.322  800518041  0.000e+00
     3.6812   3.299873   1824.871  800518051  0.000e+00
     3.6814   3.299856   1824.533  800518061  0.000e+00
     3.6812   3.299850   1824.438  800518071  0.000e+00
     3.6812   3.299850   1824.575  800518081  0.000e+00
     3.6812   3.299867   1824.786  800518091  0.000e+00
     3.6814   3.299844   1824.312  800518101  0.000e+00
     3.6810   3.299844   1824.428  800518111  0.000e+00
     3.6811   3.299832   1824.280  800518121  0.000e+00
     3.6811   3.299856   1824.723  800518131  0.000e+00
     3.6815   3.299838   1824.196  800518141  0.000e+00
     3.6810   3.299850   1824.533  800518151  0.000e+00
     3.6811   3.299867   1824.829  800518161  0.000e+00
     3.6813   3.299862   1824.744  800518171  0.000e+00
     3.6813   3.299809   1824.111  800518181  0.000e+00
     3.6810   3.299838   1824.734  800518191  0.000e+00
     3.6809   3.299821   1824.438  800518201  0.000e+00
     3.6808   3.299809   1824.449  800518211  0.000e+00
     3.6805   3.299798   1824.681  800518221  0.000e+00
     3.6805   3.299786   1824.428  800518231  0.000e+00
     3.6804   3.299803   1824.734  800518241  0.000e+00
     3.6806   3.299803   1824.734  800518251  0.000e+00
     3.6806   3.299803   1824.597  800518261  0.000e+00
     3.6804   3.299780   1824.396  800518271  0.000e+00
     3.6805   3.299803   1824.628  800518281  0.000e+00
     3.6808   3.299534   1818.106  800518291  0.000e+00
     3.6794   3.299096   1810.625  800518301  0.000e+00
     3.6812   3.298878   1803.017  800518311  0.000e+00
     3.6851   3.298818   1795.029  800518321  0.000e+00
     3.6832   3.298385   1787.137  800518331  0.000e+00
     3.6899   3.298586   1779.583  800518341  0.000e+00
     3.6898   3.298299   1771.924  800518351  0.000e+00
     3.7126   3.299749   1763.653  800518361  0.000e+00
     3.7174   3.299927   1756.301  800518371  0.000e+00
     3.7206   3.299883   1748.696  800518381  0.000e+00
     3.7232   3.299811   1741.122  800518391  0.000e+00
     3.7259   3.299722   1733.170  800518401  0.000e+00
     3.7310   3.299865   1725.956  800518411  0.000e+00
     3.7311   3.299770   1722.318  800518421  0.000e+00
     3.7306   3.299782   1722.834  800518431  0.000e+00
     3.7309   3.299858   1722.666  800518441  0.000e+00
     3.7318   3.299927   1722.824  800518451  0.000e+00
     3.7318   3.299956   1722.560  800518461  0.000e+00
     3.7321   3.300003   1722.581  800518471  0.000e+00
     3.7322   3.300009   1723.330  800518481  0.000e+00
     3.7322   3.300026   1722.845  800518491  0.000e+00
     3.7323   3.300032   1722.686  800518501  0.000e+00
     3.7325   3.300067   1723.088  800518511  0.000e+00
     3.7328   3.300067   1722.950  800518521  0.000e+00
     3.7330   3.300061   1722.381  800518531  0.000e+00
     3.7365   3.300047   1715.969  800518541  0.000e+00
     3.7056   3.296710   1707.997  800518551  0.000e+00
     3.7241   3.297805   1700.025  800518561  0.000e+00
     3.7374   3.298529   1691.716  800518571  0.000e+00
     3.7548   3.299897   1683.841  800518581  0.000e+00
     3.7594   3.300040   1675.880  800518591  0.000e+00
     3.7710   3.300770   1667.911  800518601  0.000e+00
     3.7785   3.301116   1659.899  800518611  0.000e+00
     3.7854   3.301386   1651.814  800518621  0.000e+00
     3.7920   3.301634   1643.919  800518631  0.000e+00
     3.8083   3.302765   1636.646  800518641  0.000e+00
     3.8097   3.302635   1629.395  800518651  0.000e+00
     3.8235   3.303429   1622.144  800518661  0.000e+00
     3.8181   3.303079   1620.458  800518671  0.000e+00
     3.8178   3.303079   1620.068  800518681  0.000e+00
     3.8300   3.304155   1620.437  800518691  0.000e+00
     3.8320   3.304411   1620.995  800518701  0.000e+00
     3.8324   3.304498   1620.531  800518711  0.000e+00
     3.8324   3.304539   1620.489  800518721  0.000e+00
     3.8331   3.304597   1620.521  800518731  0.000e+00
     3.8332   3.304620   1620.616  800518741  0.000e+00
     3.8326   3.304626   1620.310  800518751  0.000e+00
     3.8329   3.304649   1620.763  800518761  0.000e+00
     3.8331   3.304637   1620.194  800518771  0.000e+00
     3.8324   3.304626   1620.679  800518781  0.000e+00
     3.8322   3.304632   1620.721  800518791  0.000e+00
     3.8328   3.304620   1620.257  800518801  0.000e+00
     3.8323   3.304608   1620.573  800518811  0.000e+00
     3.8324   3.304603   1620.342  800518821  0.000e+00
     3.8324   3.304620   1620.995  800518831  0.000e+00
     3.8327   3.304620   1620.289  800518841  0.000e+00
     3.8328   3.304649   1620.499  800518851  0.000e+00
     3.8330   3.304667   1620.826  800518861  0.000e+00
     3.8331   3.304661   1620.131  800518871  0.000e+00
     3.8328   3.304649   1620.457  800518881  0.000e+00
     3.8327   3.304655   1620.984  800518891  0.000e+00
     3.8326   3.304614   1620.425  800518901  0.000e+00
     3.8323   3.304608   1620.415  800518911  0.000e+00
     3.8326   3.304620   1620.584  800518921  0.000e+00
     3.8326   3.304638   1621.068  800518931  0.000e+00
     3.8332   3.304678   1620.478  800518941  0.000e+00
     3.8338   3.304736   1620.120  800518951  0.000e+00
     3.8333   3.304702   1620.752  800518961  0.000e+00
     3.8334   3.304719   1620.710  800518971  0.000e+00
     3.8341   3.304725   1620.520  800518981  0.000e+00
     3.8351   3.304794   1620.352  800518991  0.000e+00
     3.8356   3.304882   1620.373  800519001  0.000e+00
     3.8350   3.304864   1620.815  800519011  0.000e+00
     3.8358   3.304917   1620.563  800519021  0.000e+00
     3.8359   3.304917   1620.815  800519031  0.000e+00
     3.8360   3.304952   1620.594  800519041  0.000e+00
     3.8363   3.304957   1620.289  800519051  0.000e+00
     3.8367   3.304969   1620.383  800519061  0.000e+00
     3.8370   3.305039   1620.973  800519071  0.000e+00
     3.8374   3.305039   1620.183  800519081  0.000e+00
     3.8509   3.305804   1612.954  800519091  0.000e+00
     3.8547   3.305842   1604.702  800519101  0.000e+00
     3.8607   3.306182   1597.052  800519111  0.000e+00
     3.8771   3.307221   1588.908  800519121  0.000e+00
     3.8981   3.308759   1580.384  800519131  0.000e+00
     3.9067   3.309222   1571.955  800519141  0.000e+00
     3.9211   3.310214   1564.171  800519151  0.000e+00
     3.9312   3.310939   1556.870  800519161  0.000e+00
     3.9387   3.311298   1549.075  800519171  0.000e+00
     3.9424   3.311429   1541.533  800519181  0.000e+00
     3.9477   3.311636   1534.076  800519191  0.000e+00
     3.9590   3.312320   1526.672  800519201  0.000e+00
     3.9627   3.312463   1519.057  800519211  0.000e+00
     3.9590   3.312184   1518.489  800519221  0.000e+00
     3.9604   3.312300   1518.046  800519231  0.000e+00
     3.9603   3.312358   1518.046  800519241  0.000e+00
     3.9614   3.312469   1518.341  800519251  0.000e+00
     3.9618   3.312533   1518.341  800519261  0.000e+00
     3.9623   3.312603   1518.383  800519271  0.000e+00
     3.9627   3.312632   1518.014  800519281  0.000e+00
     3.9630   3.312679   1518.667  800519291  0.000e+00
     3.9632   3.312684   1518.288  800519301  0.000e+00
     3.9634   3.312713   1518.320  800519311  0.000e+00
     3.9635   3.312602   1515.708  800519321  0.000e+00
     3.9710   3.312838   1507.663  800519331  0.000e+00
     3.9817   3.313446   1499.660  800519341  0.000e+00
     3.9932   3.314212   1491.836  800519351  0.000e+00
     4.0053   3.314897   1483.887  800519361  0.000e+00
     4.0214   3.316128   1475.958  800519371  0.000e+00
     4.0352   3.317115   1468.252  800519381  0.000e+00
     4.0513   3.318272   1460.272  800519391  0.000e+00
     4.0627   3.319073   1452.092  800519401  0.000e+00
     4.0695   3.319472   1444.218  800519411  0.000e+00
     4.0886   3.320937   1436.588  800519421  0.000e+00
     4.0851   3.320353   1429.578  800519431  0.000e+00
     4.1010   3.321329   1422.295  800519441  0.000e+00
     4.1604   3.326700   1415.317  800519451  0.000e+00
     4.1908   3.329478   1407.824  800519461  0.000e+00
     4.1899   3.329237   1400.100  800519471  0.000e+00
     4.1530   3.325369   1392.650  800519481  0.000e+00
     4.1519   3.324731   1385.021  800519491  0.000e+00
     4.1639   3.325358   1377.373  800519501  0.000e+00
     4.1827   3.326592   1370.165  800519511  0.000e+00
     4.1843   3.326742   1365.683  800519521  0.000e+00
     4.1908   3.327401   1366.326  800519531  0.000e+00
     4.1918   3.327546   1366.104  800519541  0.000e+00
     4.1931   3.327692   1365.735  800519551  0.000e+00
     4.1930   3.327768   1366.450  800519561  0.000e+00
     4.1940   3.327832   1366.176  800519571  0.000e+00
     4.1936   3.327832   1366.029  800519581  0.000e+00
     4.1932   3.327814   1365.777  800519591  0.000e+00
     4.1929   3.327838   1366.555  800519601  0.000e+00
     4.1928   3.327809   1366.050  800519611  0.000e+00
     4.1933   3.327826   1366.092  800519621  0.000e+00
     4.1959   3.327919   1363.462  800519631  0.000e+00
     4.2102   3.328890   1355.488  800519641  0.000e+00
     4.2657   3.333384   1347.704  800519651  0.000e+00
     4.3553   3.341838   1339.403  800519661  0.000e+00
     4.3941   3.345668   1331.725  800519671  0.000e+00
     4.4145   3.347745   1324.426  800519681  0.000e+00
     4.4229   3.348415   1316.349  800519691  0.000e+00
     4.4309   3.348961   1307.936  800519701  0.000e+00
     4.4478   3.350157   1300.238  800519711  0.000e+00
     4.4338   3.348577   1292.739  800519721  0.000e+00
     4.3900   3.344122   1284.706  800519731  0.000e+00
     4.4037   3.344639   1276.652  800519741  0.000e+00
     4.4405   3.347645   1268.767  800519751  0.000e+00
     4.4629   3.349419   1261.387  800519761  0.000e+00
     4.5080   3.353246   1253.217  800519771  0.000e+00
     4.5221   3.354466   1245.733  800519781  0.000e+00
     4.5511   3.356943   1238.165  800519791  0.000e+00
     4.5673   3.358321   1230.933  800519801  0.000e+00
     4.5835   3.359729   1223.375  800519811  0.000e+00
     4.5892   3.360043   1215.955  800519821  0.000e+00
     4.5825   3.359604   1214.820  800519831  0.000e+00
     4.5826   3.359609   1214.294  800519841  0.000e+00
     4.5775   3.359112   1215.018  800519851  0.000e+00
