odissea/data/moor/raw/ce25007/microcat_cal_dip/cast13/16379_cal_dip_data.cnv
* Sea-Bird SBE37SM-RS232  Data File:
* FileName = C:\CE25007_recovery_data\16379_cal_dip_data.hex
* Software version SeatermV2 2.8.0.119
* Temperature SN = 16379
* Conductivity SN = 16379
* System UpLoad Time = May 14 2025 08:33:57
* sample interval = 10 seconds
* <ApplicationData>
# nquan = 5
# nvalues = 1494                                  
# units = specified
# name 0 = tv290C: Temperature [ITS-90, deg C]
# name 1 = cond0S/m: Conductivity [S/m]
# name 2 = prdM: Pressure, Strain Gauge [db]
# name 3 = timeK: Time, Instrument [seconds]
# name 4 = flag:  0.000e+00
# span 0 =     2.8060,    18.1361                 
# span 1 =   0.000445,   4.092116                 
# span 2 =      0.647,   2414.963                 
# span 3 =  800473801,  800526221                 
# span 4 = 0.0000e+00, 0.0000e+00                 
# interval = seconds: 10
# start_time = May 13 2025 17:50:01 [Instrument's time stamp, first data scan]
# bad_flag = -9.990e-29
*END*
[from data line 858]
     4.5753   3.358895   1214.724  800519871  0.000e+00
     4.5751   3.358837   1214.934  800519881  0.000e+00
     4.5755   3.358919   1214.724  800519891  0.000e+00
     4.5750   3.358866   1214.733  800519901  0.000e+00
     4.5752   3.358884   1215.048  800519911  0.000e+00
     4.5753   3.358884   1215.027  800519921  0.000e+00
     4.5752   3.358854   1214.426  800519931  0.000e+00
     4.5830   3.359362   1209.919  800519941  0.000e+00
     4.5745   3.358119   1201.984  800519951  0.000e+00
     4.5991   3.359655   1193.955  800519961  0.000e+00
     4.6110   3.360261   1185.633  800519971  0.000e+00
     4.6764   3.365433   1177.438  800519981  0.000e+00
     4.7298   3.370866   1169.546  800519991  0.000e+00
     4.7688   3.374215   1161.498  800520001  0.000e+00
     4.8440   3.380891   1152.821  800520011  0.000e+00
     4.9254   3.388988   1144.636  800520021  0.000e+00
     4.9815   3.394348   1137.736  800520031  0.000e+00
     4.9856   3.394886   1130.602  800520041  0.000e+00
     5.0688   3.402378   1123.136  800520051  0.000e+00
     5.0776   3.403523   1115.793  800520061  0.000e+00
     5.0761   3.403639   1113.063  800520071  0.000e+00
     5.0826   3.404375   1113.008  800520081  0.000e+00
     5.0891   3.405157   1113.323  800520091  0.000e+00
     5.0921   3.405622   1113.050  800520101  0.000e+00
     5.0948   3.405898   1112.660  800520111  0.000e+00
     5.0867   3.405328   1113.542  800520121  0.000e+00
     5.0849   3.405169   1113.248  800520131  0.000e+00
     5.0864   3.405286   1112.921  800520141  0.000e+00
     5.0855   3.405257   1112.900  800520151  0.000e+00
     5.0873   3.405404   1113.068  800520161  0.000e+00
     5.0853   3.405257   1113.370  800520171  0.000e+00
     5.0910   3.405615   1109.842  800520181  0.000e+00
     5.1157   3.407412   1101.512  800520191  0.000e+00
     5.1466   3.409905   1093.468  800520201  0.000e+00
     5.2042   3.414641   1084.908  800520211  0.000e+00
     5.2531   3.419203   1076.844  800520221  0.000e+00
     5.3072   3.424163   1068.361  800520231  0.000e+00
     5.3197   3.425227   1059.899  800520241  0.000e+00
     5.3764   3.430232   1051.605  800520251  0.000e+00
     5.4305   3.435050   1043.383  800520261  0.000e+00
     5.5012   3.441880   1036.686  800520271  0.000e+00
     5.5403   3.445541   1029.263  800520281  0.000e+00
     5.5660   3.447938   1022.063  800520291  0.000e+00
     5.5925   3.450637   1014.598  800520301  0.000e+00
     5.6287   3.453787   1007.840  800520311  0.000e+00
     5.7029   3.460560   1000.271  800520321  0.000e+00
     5.7285   3.463157    992.526  800520331  0.000e+00
     5.7468   3.464765    984.950  800520341  0.000e+00
     5.8086   3.470361    976.774  800520351  0.000e+00
     5.8424   3.473387    969.249  800520361  0.000e+00
     5.8866   3.477506    961.871  800520371  0.000e+00
     5.9360   3.481976    954.036  800520381  0.000e+00
     5.9764   3.485862    946.428  800520391  0.000e+00
     5.9609   3.484727    943.994  800520401  0.000e+00
     5.9678   3.485451    943.751  800520411  0.000e+00
     5.9723   3.486104    944.052  800520421  0.000e+00
     5.9725   3.486265    944.766  800520431  0.000e+00
     5.9812   3.487102    943.977  800520441  0.000e+00
     5.9878   3.487749    943.460  800520451  0.000e+00
     5.9878   3.487802    943.943  800520461  0.000e+00
     5.9947   3.488515    943.972  800520471  0.000e+00
     5.9929   3.488426    944.202  800520481  0.000e+00
     5.9939   3.488521    944.336  800520491  0.000e+00
     5.9991   3.488978    943.980  800520501  0.000e+00
     5.9976   3.488925    943.925  800520511  0.000e+00
     6.0095   3.489464    941.310  800520521  0.000e+00
     6.0581   3.493828    934.009  800520531  0.000e+00
     6.0672   3.494491    926.150  800520541  0.000e+00
     6.1620   3.502901    918.556  800520551  0.000e+00
     6.2345   3.509384    910.963  800520561  0.000e+00
     6.2668   3.512710    903.474  800520571  0.000e+00
     6.3162   3.516775    895.449  800520581  0.000e+00
     6.3646   3.521516    887.710  800520591  0.000e+00
     6.4353   3.527869    880.448  800520601  0.000e+00
     6.4516   3.529639    872.891  800520611  0.000e+00
     6.5466   3.538219    864.867  800520621  0.000e+00
     6.5491   3.538827    859.730  800520631  0.000e+00
     6.5352   3.538080    859.905  800520641  0.000e+00
     6.5350   3.538248    860.710  800520651  0.000e+00
     6.5415   3.538857    859.934  800520661  0.000e+00
     6.5720   3.541706    860.088  800520671  0.000e+00
     6.5760   3.542429    859.795  800520681  0.000e+00
     6.5753   3.542441    860.578  800520691  0.000e+00
     6.5794   3.542847    860.410  800520701  0.000e+00
     6.5804   3.542954    859.936  800520711  0.000e+00
     6.5712   3.542172    860.279  800520721  0.000e+00
     6.5762   3.542590    860.258  800520731  0.000e+00
     6.6490   3.549013    853.702  800520741  0.000e+00
     6.7095   3.554225    845.231  800520751  0.000e+00
     6.5825   3.541268    837.264  800520761  0.000e+00
     6.7746   3.558468    828.886  800520771  0.000e+00
     6.7834   3.558961    820.130  800520781  0.000e+00
     6.8767   3.566833    812.898  800520791  0.000e+00
     6.9169   3.570438    805.443  800520801  0.000e+00
     7.0012   3.578487    798.212  800520811  0.000e+00
     7.0149   3.579847    790.645  800520821  0.000e+00
     7.0414   3.582142    783.087  800520831  0.000e+00
     7.1416   3.590803    775.605  800520841  0.000e+00
     7.1869   3.595024    768.683  800520851  0.000e+00
     7.2484   3.600720    761.055  800520861  0.000e+00
     7.2700   3.602425    753.372  800520871  0.000e+00
     7.3322   3.607608    745.745  800520881  0.000e+00
     7.4055   3.614288    738.985  800520891  0.000e+00
     7.4295   3.616333    730.918  800520901  0.000e+00
     7.4882   3.621741    723.425  800520911  0.000e+00
     7.8772   3.659588    715.807  800520921  0.000e+00
     7.9773   3.671698    708.014  800520931  0.000e+00
     7.8762   3.662703    706.723  800520941  0.000e+00
     7.9637   3.671595    707.295  800520951  0.000e+00
     7.9726   3.673607    707.379  800520961  0.000e+00
     7.9850   3.675238    706.891  800520971  0.000e+00
     7.9836   3.675390    707.184  800520981  0.000e+00
     7.9792   3.675202    707.107  800520991  0.000e+00
     7.9795   3.675414    707.219  800521001  0.000e+00
     7.9764   3.675087    707.184  800521011  0.000e+00
     7.9775   3.675317    707.191  800521021  0.000e+00
     7.9792   3.675566    707.323  800521031  0.000e+00
     7.9840   3.676075    706.974  800521041  0.000e+00
     7.9858   3.676226    707.149  800521051  0.000e+00
     7.9853   3.676239    707.274  800521061  0.000e+00
     7.9869   3.676445    707.016  800521071  0.000e+00
     7.9864   3.676414    707.190  800521081  0.000e+00
     7.9875   3.676536    707.253  800521091  0.000e+00
     7.9882   3.676603    707.609  800521101  0.000e+00
     7.9937   3.677118    706.764  800521111  0.000e+00
     7.9938   3.677209    707.225  800521121  0.000e+00
     7.9937   3.677215    707.546  800521131  0.000e+00
     7.9943   3.677257    707.511  800521141  0.000e+00
     7.9942   3.677294    707.239  800521151  0.000e+00
     7.9943   3.677288    707.015  800521161  0.000e+00
     7.9941   3.677257    707.141  800521171  0.000e+00
     7.9946   3.677312    707.043  800521181  0.000e+00
     7.9950   3.677354    707.447  800521191  0.000e+00
     7.9965   3.677292    703.740  800521201  0.000e+00
     8.1185   3.687877    695.926  800521211  0.000e+00
     8.1203   3.688177    688.099  800521221  0.000e+00
     8.1958   3.694740    681.104  800521231  0.000e+00
     8.1517   3.691448    680.985  800521241  0.000e+00
     8.1576   3.691952    681.383  800521251  0.000e+00
     8.1522   3.691545    681.320  800521261  0.000e+00
     8.1521   3.691630    681.445  800521271  0.000e+00
     8.1733   3.693470    681.201  800521281  0.000e+00
     8.2000   3.695955    680.782  800521291  0.000e+00
     8.1998   3.696137    681.354  800521301  0.000e+00
     8.2038   3.696636    681.528  800521311  0.000e+00
     8.2053   3.696854    680.885  800521321  0.000e+00
     8.2045   3.696800    680.774  800521331  0.000e+00
     8.2363   3.699282    673.450  800521341  0.000e+00
     8.3043   3.705402    665.764  800521351  0.000e+00
     8.3555   3.709871    658.085  800521361  0.000e+00
     8.3987   3.713568    650.023  800521371  0.000e+00
     8.4909   3.721160    642.323  800521381  0.000e+00
     8.5433   3.725989    634.241  800521391  0.000e+00
     8.6190   3.732072    626.285  800521401  0.000e+00
     8.7185   3.740820    618.817  800521411  0.000e+00
     8.7663   3.745776    610.763  800521421  0.000e+00
     8.7841   3.747600    605.572  800521431  0.000e+00
     8.7720   3.746977    605.530  800521441  0.000e+00
     8.7746   3.747368    605.745  800521451  0.000e+00
     8.7876   3.748676    606.185  800521461  0.000e+00
     8.7901   3.748969    605.521  800521471  0.000e+00
     8.7912   3.749232    605.967  800521481  0.000e+00
     8.7912   3.749275    605.863  800521491  0.000e+00
     8.7910   3.749312    605.946  800521501  0.000e+00
     8.7907   3.749324    605.632  800521511  0.000e+00
     8.7914   3.749410    606.231  800521521  0.000e+00
     8.7905   3.749367    605.902  800521531  0.000e+00
     8.8036   3.750135    600.585  800521541  0.000e+00
     8.8813   3.756526    592.966  800521551  0.000e+00
     9.0134   3.769056    584.892  800521561  0.000e+00
     9.0780   3.775351    577.022  800521571  0.000e+00
     9.1075   3.778271    569.216  800521581  0.000e+00
     9.1536   3.782720    561.206  800521591  0.000e+00
     9.2064   3.787722    552.904  800521601  0.000e+00
     9.2588   3.792887    545.538  800521611  0.000e+00
     9.3649   3.802927    537.676  800521621  0.000e+00
     9.4207   3.808795    529.997  800521631  0.000e+00
     9.4549   3.812520    522.973  800521641  0.000e+00
     9.4704   3.814000    516.179  800521651  0.000e+00
     9.4654   3.813309    508.920  800521661  0.000e+00
     9.4528   3.811590    501.918  800521671  0.000e+00
     9.5300   3.818128    494.476  800521681  0.000e+00
     9.5699   3.822416    486.737  800521691  0.000e+00
     9.5843   3.823836    479.213  800521701  0.000e+00
     9.6132   3.826624    472.059  800521711  0.000e+00
     9.6612   3.831040    464.473  800521721  0.000e+00
     9.6720   3.832017    457.327  800521731  0.000e+00
     9.6622   3.831357    456.245  800521741  0.000e+00
     9.6655   3.831764    455.973  800521751  0.000e+00
     9.6707   3.832226    456.146  800521761  0.000e+00
     9.6761   3.832905    456.125  800521771  0.000e+00
     9.6757   3.832886    456.011  800521781  0.000e+00
     9.6755   3.832997    456.345  800521791  0.000e+00
     9.6753   3.833003    456.366  800521801  0.000e+00
     9.6757   3.833028    456.288  800521811  0.000e+00
     9.6748   3.832960    455.996  800521821  0.000e+00
     9.6753   3.833059    456.279  800521831  0.000e+00
     9.6746   3.832979    456.362  800521841  0.000e+00
     9.6744   3.832979    456.493  800521851  0.000e+00
     9.6749   3.833009    455.803  800521861  0.000e+00
     9.6755   3.833053    456.222  800521871  0.000e+00
     9.6749   3.833040    456.431  800521881  0.000e+00
     9.6753   3.833090    456.583  800521891  0.000e+00
     9.6753   3.833040    456.185  800521901  0.000e+00
     9.6750   3.832991    456.092  800521911  0.000e+00
     9.6742   3.832979    456.128  800521921  0.000e+00
     9.6745   3.833016    456.573  800521931  0.000e+00
     9.6746   3.833003    456.406  800521941  0.000e+00
     9.6743   3.832954    456.056  800521951  0.000e+00
     9.6744   3.832935    456.139  800521961  0.000e+00
     9.6732   3.832930    456.829  800521971  0.000e+00
     9.6738   3.832923    456.668  800521981  0.000e+00
     9.6738   3.832972    456.103  800521991  0.000e+00
     9.6732   3.832874    456.333  800522001  0.000e+00
     9.6730   3.832843    456.694  800522011  0.000e+00
     9.6717   3.832775    456.568  800522021  0.000e+00
     9.6728   3.832794    456.108  800522031  0.000e+00
     9.6723   3.832769    456.197  800522041  0.000e+00
     9.6715   3.832745    456.888  800522051  0.000e+00
     9.6720   3.832701    456.574  800522061  0.000e+00
     9.6715   3.832689    456.412  800522071  0.000e+00
     9.6712   3.832646    456.538  800522081  0.000e+00
     9.6709   3.832634    456.574  800522091  0.000e+00
     9.6708   3.832597    456.731  800522101  0.000e+00
     9.6704   3.832584    456.496  800522111  0.000e+00
     9.6700   3.832541    456.579  800522121  0.000e+00
     9.6696   3.832504    456.292  800522131  0.000e+00
     9.6695   3.832486    456.459  800522141  0.000e+00
     9.6698   3.832492    456.349  800522151  0.000e+00
     9.6692   3.832467    456.459  800522161  0.000e+00
     9.6693   3.832448    456.208  800522171  0.000e+00
     9.6684   3.832381    456.815  800522181  0.000e+00
     9.6688   3.832405    456.151  800522191  0.000e+00
     9.6688   3.832405    456.418  800522201  0.000e+00
     9.6687   3.832399    456.486  800522211  0.000e+00
     9.6688   3.832399    456.480  800522221  0.000e+00
     9.6685   3.832412    456.381  800522231  0.000e+00
     9.6687   3.832418    456.632  800522241  0.000e+00
     9.6689   3.832405    456.219  800522251  0.000e+00
     9.6688   3.832399    456.512  800522261  0.000e+00
     9.6684   3.832368    456.548  800522271  0.000e+00
     9.6680   3.832350    456.470  800522281  0.000e+00
     9.6884   3.833642    448.837  800522291  0.000e+00
     9.7629   3.840343    440.535  800522301  0.000e+00
     9.8113   3.844419    432.756  800522311  0.000e+00
     9.8938   3.852036    424.496  800522321  0.000e+00
     9.9442   3.857075    416.420  800522331  0.000e+00
     9.9909   3.861177    408.246  800522341  0.000e+00
    10.0471   3.866555    401.331  800522351  0.000e+00
    10.0903   3.870822    394.098  800522361  0.000e+00
    10.0688   3.868555    387.388  800522371  0.000e+00
    10.0844   3.869740    379.925  800522381  0.000e+00
    10.0678   3.867621    372.259  800522391  0.000e+00
    10.1234   3.872780    365.278  800522401  0.000e+00
    10.2515   3.886264    357.655  800522411  0.000e+00
    10.2413   3.885742    353.893  800522421  0.000e+00
    10.2345   3.885420    354.102  800522431  0.000e+00
    10.2290   3.884986    353.956  800522441  0.000e+00
    10.2353   3.885847    353.998  800522451  0.000e+00
    10.2355   3.885897    354.442  800522461  0.000e+00
    10.2353   3.885916    354.405  800522471  0.000e+00
    10.2330   3.885680    354.238  800522481  0.000e+00
    10.2293   3.885289    353.825  800522491  0.000e+00
    10.2305   3.885488    354.180  800522501  0.000e+00
    10.2293   3.885302    354.055  800522511  0.000e+00
    10.2294   3.885339    354.494  800522521  0.000e+00
    10.2286   3.885115    352.090  800522531  0.000e+00
    10.2502   3.886780    343.715  800522541  0.000e+00
    10.1951   3.880151    335.607  800522551  0.000e+00
    10.0329   3.861789    327.228  800522561  0.000e+00
    10.0615   3.862813    319.523  800522571  0.000e+00
    10.1109   3.866484    311.541  800522581  0.000e+00
    10.1383   3.868127    304.714  800522591  0.000e+00
    10.1341   3.867842    303.456  800522601  0.000e+00
    10.1194   3.866790    303.711  800522611  0.000e+00
    10.1243   3.867062    303.461  800522621  0.000e+00
    10.1298   3.867570    303.774  800522631  0.000e+00
    10.1318   3.867743    303.565  800522641  0.000e+00
    10.1333   3.867891    303.695  800522651  0.000e+00
    10.1333   3.867891    303.294  800522661  0.000e+00
    10.1338   3.867966    303.711  800522671  0.000e+00
    10.1330   3.867935    303.716  800522681  0.000e+00
    10.1357   3.868095    303.278  800522691  0.000e+00
    10.1405   3.868179    296.279  800522701  0.000e+00
