odissea/data/moor/raw/ce25007/microcat_cal_dip/cast13/16379_cal_dip_data.cnv
* Sea-Bird SBE37SM-RS232  Data File:
* FileName = C:\CE25007_recovery_data\16379_cal_dip_data.hex
* Software version SeatermV2 2.8.0.119
* Temperature SN = 16379
* Conductivity SN = 16379
* System UpLoad Time = May 14 2025 08:33:57
* sample interval = 10 seconds
* <ApplicationData>
# nquan = 5
# nvalues = 1494                                  
# units = specified
# name 0 = tv290C: Temperature [ITS-90, deg C]
# name 1 = cond0S/m: Conductivity [S/m]
# name 2 = prdM: Pressure, Strain Gauge [db]
# name 3 = timeK: Time, Instrument [seconds]
# name 4 = flag:  0.000e+00
# span 0 =     2.8060,    18.1361                 
# span 1 =   0.000445,   4.092116                 
# span 2 =      0.647,   2414.963                 
# span 3 =  800473801,  800526221                 
# span 4 = 0.0000e+00, 0.0000e+00                 
# interval = seconds: 10
# start_time = May 13 2025 17:50:01 [Instrument's time stamp, first data scan]
# bad_flag = -9.990e-29
*END*
[from data line 1429]
    14.0568   0.000451      0.865  800525581  0.000e+00
    14.0620   0.000451      0.758  800525591  0.000e+00
    14.0662   0.000448      0.907  800525601  0.000e+00
    14.0704   0.000451      0.904  800525611  0.000e+00
    14.0744   0.000448      0.803  800525621  0.000e+00
    14.0800   0.000448      0.821  800525631  0.000e+00
    14.0796   0.000448      0.845  800525641  0.000e+00
    14.0833   0.000448      0.847  800525651  0.000e+00
    14.0885   0.000448      0.845  800525661  0.000e+00
    14.0937   0.000448      0.824  800525671  0.000e+00
    14.0986   0.000448      0.907  800525681  0.000e+00
    14.1024   0.000448      0.845  800525691  0.000e+00
    14.1075   0.000445      0.847  800525701  0.000e+00
    14.1115   0.000448      0.868  800525711  0.000e+00
    14.1165   0.000445      0.845  800525721  0.000e+00
    14.1196   0.000448      0.824  800525731  0.000e+00
    14.1229   0.000448      0.806  800525741  0.000e+00
    14.1274   0.000445      0.764  800525751  0.000e+00
    14.1317   0.000448      0.743  800525761  0.000e+00
    14.1366   0.000445      0.973  800525771  0.000e+00
    14.1412   0.000448      0.722  800525781  0.000e+00
    14.1454   0.000445      0.910  800525791  0.000e+00
    14.1497   0.000445      0.850  800525801  0.000e+00
    14.1549   0.000448      0.850  800525811  0.000e+00
    14.1602   0.000448      0.871  800525821  0.000e+00
    14.1641   0.000445      0.934  800525831  0.000e+00
    14.1679   0.000448      0.746  800525841  0.000e+00
    14.1739   0.000448      0.829  800525851  0.000e+00
    14.1797   0.000448      0.916  800525861  0.000e+00
    14.1866   0.000445      0.871  800525871  0.000e+00
    14.1926   0.000448      0.809  800525881  0.000e+00
    14.1987   0.000445      0.811  800525891  0.000e+00
    14.2041   0.000448      0.728  800525901  0.000e+00
    14.2073   0.000445      0.767  800525911  0.000e+00
    14.2143   0.000445      0.811  800525921  0.000e+00
    14.2202   0.000445      0.934  800525931  0.000e+00
    14.2236   0.000448      0.790  800525941  0.000e+00
    14.2265   0.000445      0.770  800525951  0.000e+00
    14.2313   0.000445      0.790  800525961  0.000e+00
    14.2365   0.000445      0.853  800525971  0.000e+00
    14.2423   0.000445      0.835  800525981  0.000e+00
    14.2480   0.000445      0.731  800525991  0.000e+00
    14.2538   0.000448      0.832  800526001  0.000e+00
    14.2600   0.000445      0.770  800526011  0.000e+00
    14.2638   0.000445      0.793  800526021  0.000e+00
    14.2689   0.000445      0.752  800526031  0.000e+00
    14.2750   0.000445      0.647  800526041  0.000e+00
    14.2814   0.000445      0.814  800526051  0.000e+00
    14.2881   0.000445      0.921  800526061  0.000e+00
    14.2933   0.000445      0.796  800526071  0.000e+00
    14.2992   0.000445      0.859  800526081  0.000e+00
    14.3048   0.000445      0.838  800526091  0.000e+00
    14.3103   0.000445      0.879  800526101  0.000e+00
    14.3181   0.000445      0.799  800526111  0.000e+00
    14.3275   0.000445      0.817  800526121  0.000e+00
    14.3390   0.000445      0.775  800526131  0.000e+00
    14.3468   0.000445      0.796  800526141  0.000e+00
    14.3551   0.000445      0.921  800526151  0.000e+00
    14.3620   0.000445      0.900  800526161  0.000e+00
    14.3676   0.000445      0.820  800526171  0.000e+00
    14.3739   0.000445      0.817  800526181  0.000e+00
    14.3661   0.000445      0.757  800526191  0.000e+00
    14.3460   0.000451      0.757  800526201  0.000e+00
    14.3548   0.000448      0.781  800526211  0.000e+00
    14.3620   0.000451      0.757  800526221  0.000e+00
