odissea/data/moor/raw/ce25007/microcat_cal_dip/cast13/16379_cal_dip_data.cnv
* Sea-Bird SBE37SM-RS232  Data File:
* FileName = C:\CE25007_recovery_data\16379_cal_dip_data.hex
* Software version SeatermV2 2.8.0.119
* Temperature SN = 16379
* Conductivity SN = 16379
* System UpLoad Time = May 14 2025 08:33:57
* sample interval = 10 seconds
* <ApplicationData>
# nquan = 5
# nvalues = 1494                                  
# units = specified
# name 0 = tv290C: Temperature [ITS-90, deg C]
# name 1 = cond0S/m: Conductivity [S/m]
# name 2 = prdM: Pressure, Strain Gauge [db]
# name 3 = timeK: Time, Instrument [seconds]
# name 4 = flag:  0.000e+00
# span 0 =     2.8060,    18.1361                 
# span 1 =   0.000445,   4.092116                 
# span 2 =      0.647,   2414.963                 
# span 3 =  800473801,  800526221                 
# span 4 = 0.0000e+00, 0.0000e+00                 
# interval = seconds: 10
# start_time = May 13 2025 17:50:01 [Instrument's time stamp, first data scan]
# bad_flag = -9.990e-29
*END*
[from data line 1143]
    10.3623   3.888968    280.215  800522721  0.000e+00
    10.5008   3.903474    272.361  800522731  0.000e+00
    10.6018   3.914495    263.802  800522741  0.000e+00
    10.6635   3.922137    255.699  800522751  0.000e+00
    10.7123   3.926933    249.057  800522761  0.000e+00
    10.7694   3.932585    241.544  800522771  0.000e+00
    10.8135   3.936906    234.585  800522781  0.000e+00
    10.8367   3.939085    227.094  800522791  0.000e+00
    10.8578   3.940939    219.765  800522801  0.000e+00
    10.8872   3.943755    212.128  800522811  0.000e+00
    10.9546   3.950258    203.918  800522821  0.000e+00
    10.9555   3.950555    196.762  800522831  0.000e+00
    11.0096   3.955596    188.922  800522841  0.000e+00
    11.0538   3.959790    181.281  800522851  0.000e+00
    11.0671   3.961186    173.996  800522861  0.000e+00
    11.0921   3.963339    165.877  800522871  0.000e+00
    11.1217   3.966098    158.280  800522881  0.000e+00
    11.1400   3.967708    150.854  800522891  0.000e+00
    11.2161   3.974872    143.075  800522901  0.000e+00
    11.2851   3.982486    135.374  800522911  0.000e+00
    11.3213   3.986522    127.741  800522921  0.000e+00
    11.3076   3.984897    120.171  800522931  0.000e+00
    11.3079   3.984506    112.076  800522941  0.000e+00
    11.3075   3.983864    104.965  800522951  0.000e+00
    11.2899   3.981069     97.204  800522961  0.000e+00
    11.3125   3.982900     89.844  800522971  0.000e+00
    11.2922   3.980043     82.339  800522981  0.000e+00
    11.3150   3.981824     75.376  800522991  0.000e+00
    11.3145   3.980851     68.555  800523001  0.000e+00
    11.3267   3.980879     61.134  800523011  0.000e+00
    11.3361   3.981377     53.688  800523021  0.000e+00
    11.3968   3.986139     46.434  800523031  0.000e+00
    11.4646   3.991179     38.510  800523041  0.000e+00
    11.5947   4.001998     31.090  800523051  0.000e+00
    11.5940   4.003604     31.052  800523061  0.000e+00
    11.7001   4.012838     30.760  800523071  0.000e+00
    11.6900   4.012311     30.927  800523081  0.000e+00
    11.6873   4.012763     31.140  800523091  0.000e+00
    11.6645   4.010653     30.681  800523101  0.000e+00
    11.6686   4.010942     30.998  800523111  0.000e+00
    11.6626   4.010609     31.227  800523121  0.000e+00
    11.6572   4.010258     31.151  800523131  0.000e+00
    11.6744   4.011633     30.734  800523141  0.000e+00
    11.7894   4.021464     28.920  800523151  0.000e+00
    11.9931   4.040326     27.235  800523161  0.000e+00
    12.0969   4.050305     25.025  800523171  0.000e+00
    12.1111   4.052436     23.069  800523181  0.000e+00
    12.1419   4.055361     20.654  800523191  0.000e+00
    12.2190   4.062888     18.714  800523201  0.000e+00
    12.2678   4.067817     14.089  800523211  0.000e+00
    12.3505   4.075863      7.400  800523221  0.000e+00
    12.3521   4.076962      5.628  800523231  0.000e+00
    12.3597   4.077866      5.006  800523241  0.000e+00
    12.3598   4.078233      5.444  800523251  0.000e+00
    12.3587   4.078353      5.427  800523261  0.000e+00
    12.3556   4.078195      5.531  800523271  0.000e+00
    12.3578   4.078410      5.455  800523281  0.000e+00
    12.3570   4.078435      5.393  800523291  0.000e+00
    12.3570   4.078486      5.288  800523301  0.000e+00
    12.3593   4.078720      5.292  800523311  0.000e+00
    12.3591   4.078726      5.341  800523321  0.000e+00
    12.3700   4.079477      1.171  800523331  0.000e+00
    12.3687   2.919853      1.029  800523341  0.000e+00
    12.3745   2.091159      0.946  800523351  0.000e+00
    12.3747   2.032894      0.949  800523361  0.000e+00
    12.3771   1.991139      0.970  800523371  0.000e+00
    12.3790   2.071768      0.890  800523381  0.000e+00
    12.3862   2.073185      0.956  800523391  0.000e+00
    12.4007   2.073661      1.040  800523401  0.000e+00
    12.4141   2.063004      0.960  800523411  0.000e+00
    12.4316   0.002229      0.960  800523421  0.000e+00
    12.4401   0.001303      1.026  800523431  0.000e+00
    12.4501   0.001183      1.068  800523441  0.000e+00
    12.4627   0.001060      1.005  800523451  0.000e+00
    12.4859   0.000951      1.030  800523461  0.000e+00
    12.5025   0.000809      1.009  800523471  0.000e+00
    12.5186   0.000940      1.075  800523481  0.000e+00
    12.5367   0.000929      1.012  800523491  0.000e+00
    12.5444   0.000915      0.974  800523501  0.000e+00
    12.5651   0.000907      1.058  800523511  0.000e+00
    12.5938   0.000901      1.019  800523521  0.000e+00
    12.6198   0.000907      1.124  800523531  0.000e+00
    12.6362   0.000890      1.144  800523541  0.000e+00
    12.6484   0.000868      1.106  800523551  0.000e+00
    12.6612   0.000862      1.085  800523561  0.000e+00
    12.6833   0.000857      1.151  800523571  0.000e+00
    12.7034   0.000851      1.089  800523581  0.000e+00
    12.7174   0.000848      1.089  800523591  0.000e+00
    12.7391   0.000843      1.047  800523601  0.000e+00
    12.7534   0.000840      1.092  800523611  0.000e+00
    12.7766   0.000840      1.155  800523621  0.000e+00
    12.8024   0.000834      1.075  800523631  0.000e+00
    12.8261   0.000834      1.179  800523641  0.000e+00
    12.8441   0.000820      1.117  800523651  0.000e+00
    12.8623   0.000728      1.099  800523661  0.000e+00
    12.8847   0.000703      1.099  800523671  0.000e+00
    12.9085   0.000703      1.144  800523681  0.000e+00
    12.9256   0.000697      1.203  800523691  0.000e+00
    12.9394   0.000697      1.228  800523701  0.000e+00
    12.9580   0.000695      1.148  800523711  0.000e+00
    12.9723   0.000692      1.273  800523721  0.000e+00
    12.9862   0.000689      1.127  800523731  0.000e+00
    12.9961   0.000686      1.127  800523741  0.000e+00
    13.0072   0.000686      1.088  800523751  0.000e+00
    13.0224   0.000683      1.151  800523761  0.000e+00
    13.0371   0.000681      1.092  800523771  0.000e+00
    13.0513   0.000681      1.279  800523781  0.000e+00
    13.0683   0.000680      1.050  800523791  0.000e+00
    13.0803   0.000678      1.178  800523801  0.000e+00
    13.0933   0.000675      1.158  800523811  0.000e+00
    13.1022   0.000675      1.095  800523821  0.000e+00
    13.1134   0.000672      1.241  800523831  0.000e+00
    13.1245   0.000672      1.137  800523841  0.000e+00
    13.1349   0.000672      1.178  800523851  0.000e+00
    13.1442   0.000672      1.161  800523861  0.000e+00
    13.1572   0.000669      1.182  800523871  0.000e+00
    13.1710   0.000669      1.182  800523881  0.000e+00
    13.1863   0.000669      1.185  800523891  0.000e+00
    13.2009   0.000669      1.123  800523901  0.000e+00
    13.2106   0.000664      1.143  800523911  0.000e+00
    13.2159   0.000664      1.084  800523921  0.000e+00
    13.2272   0.000664      1.102  800523931  0.000e+00
    13.2342   0.000661      1.167  800523941  0.000e+00
    13.2428   0.000664      1.209  800523951  0.000e+00
    13.2566   0.000661      1.167  800523961  0.000e+00
    13.2608   0.000661      1.233  800523971  0.000e+00
    13.2637   0.000661      1.230  800523981  0.000e+00
    13.2724   0.000658      1.129  800523991  0.000e+00
    13.2850   0.000658      1.171  800524001  0.000e+00
    13.2981   0.000655      1.254  800524011  0.000e+00
    13.3033   0.000655      1.153  800524021  0.000e+00
    13.3138   0.000652      1.156  800524031  0.000e+00
    13.3236   0.000652      1.111  800524041  0.000e+00
    13.3308   0.000650      1.195  800524051  0.000e+00
    13.3410   0.000650      1.195  800524061  0.000e+00
    13.3529   0.000647      1.156  800524071  0.000e+00
    13.3625   0.000647      1.177  800524081  0.000e+00
    13.3674   0.000644      1.156  800524091  0.000e+00
    13.3732   0.000644      1.118  800524101  0.000e+00
    13.3826   0.000644      1.135  800524111  0.000e+00
    13.3944   0.000641      1.097  800524121  0.000e+00
    13.4018   0.000641      1.201  800524131  0.000e+00
    13.4107   0.000641      1.097  800524141  0.000e+00
    13.4189   0.000641      1.201  800524151  0.000e+00
    13.4247   0.000641      1.097  800524161  0.000e+00
    13.4313   0.000638      1.142  800524171  0.000e+00
    13.4426   0.000638      1.079  800524181  0.000e+00
    13.4491   0.000638      1.225  800524191  0.000e+00
    13.4565   0.000638      1.142  800524201  0.000e+00
    13.4594   0.000636      1.204  800524211  0.000e+00
    13.4633   0.000636      1.166  800524221  0.000e+00
    13.4717   0.000633      1.062  800524231  0.000e+00
    13.4795   0.000633      1.228  800524241  0.000e+00
    13.4853   0.000633      1.124  800524251  0.000e+00
    13.4940   0.000630      1.106  800524261  0.000e+00
    13.4973   0.000630      1.086  800524271  0.000e+00
    13.5011   0.000630      1.187  800524281  0.000e+00
    13.5060   0.000630      1.211  800524291  0.000e+00
    13.5102   0.000630      1.148  800524301  0.000e+00
    13.5191   0.000630      1.148  800524311  0.000e+00
    13.5254   0.000627      1.151  800524321  0.000e+00
    13.5309   0.000627      1.068  800524331  0.000e+00
    13.5417   0.000627      1.130  800524341  0.000e+00
    13.5424   0.000627      1.172  800524351  0.000e+00
    13.5421   0.000624      1.130  800524361  0.000e+00
    13.5449   0.000624      1.026  800524371  0.000e+00
    13.5477   0.000624      1.130  800524381  0.000e+00
    13.5488   0.000624      1.113  800524391  0.000e+00
    13.5578   0.000622      1.154  800524401  0.000e+00
    13.5644   0.000622      1.154  800524411  0.000e+00
    13.5688   0.000619      1.154  800524421  0.000e+00
    13.5698   0.000622      1.029  800524431  0.000e+00
    13.5738   0.000619      1.175  800524441  0.000e+00
    13.5766   0.000616      1.095  800524451  0.000e+00
    13.5814   0.000619      1.095  800524461  0.000e+00
    13.5896   0.000619      1.119  800524471  0.000e+00
    13.5927   0.000616      1.158  800524481  0.000e+00
    13.5947   0.000619      1.056  800524491  0.000e+00
    13.5987   0.000616      1.161  800524501  0.000e+00
    13.5997   0.000616      1.137  800524511  0.000e+00
    13.6005   0.000616      1.116  800524521  0.000e+00
    13.6063   0.000616      1.158  800524531  0.000e+00
    13.6104   0.000616      1.140  800524541  0.000e+00
    13.6161   0.000613      1.205  800524551  0.000e+00
    13.6192   0.000613      1.035  800524561  0.000e+00
    13.6212   0.000613      1.119  800524571  0.000e+00
    13.6195   0.000613      1.223  800524581  0.000e+00
    13.6223   0.000613      1.101  800524591  0.000e+00
    13.6272   0.000613      1.161  800524601  0.000e+00
    13.6288   0.000613      1.143  800524611  0.000e+00
    13.6301   0.000613      1.101  800524621  0.000e+00
    13.6348   0.000610      1.143  800524631  0.000e+00
    13.6415   0.000613      1.039  800524641  0.000e+00
    13.6536   0.000610      1.122  800524651  0.000e+00
    13.6590   0.000608      1.146  800524661  0.000e+00
    13.6633   0.000607      1.167  800524671  0.000e+00
    13.6645   0.000607      1.167  800524681  0.000e+00
    13.6725   0.000610      1.149  800524691  0.000e+00
    13.6794   0.000610      1.042  800524701  0.000e+00
    13.6809   0.000607      1.062  800524711  0.000e+00
    13.6856   0.000607      1.045  800524721  0.000e+00
    13.6902   0.000607      1.146  800524731  0.000e+00
    13.7036   0.000607      1.086  800524741  0.000e+00
    13.7074   0.000607      1.107  800524751  0.000e+00
    13.7061   0.000605      1.107  800524761  0.000e+00
    13.7129   0.000607      1.045  800524771  0.000e+00
    13.7203   0.000605      1.045  800524781  0.000e+00
    13.7278   0.000605      1.065  800524791  0.000e+00
    13.7286   0.000605      1.089  800524801  0.000e+00
    13.7321   0.000605      1.045  800524811  0.000e+00
    13.7357   0.000605      1.152  800524821  0.000e+00
    13.7402   0.000605      0.964  800524831  0.000e+00
    13.7435   0.000605      1.068  800524841  0.000e+00
    13.7487   0.000605      1.068  800524851  0.000e+00
    13.7513   0.000602      1.071  800524861  0.000e+00
    13.7563   0.000602      1.155  800524871  0.000e+00
    13.7623   0.000602      1.134  800524881  0.000e+00
    13.7638   0.000602      1.009  800524891  0.000e+00
    13.7656   0.000602      1.027  800524901  0.000e+00
    13.7715   0.000599      1.030  800524911  0.000e+00
    13.7746   0.000599      1.116  800524921  0.000e+00
    13.7770   0.000599      0.988  800524931  0.000e+00
    13.7808   0.000599      1.158  800524941  0.000e+00
    13.7846   0.000599      1.158  800524951  0.000e+00
    13.8156   0.000596      1.095  800524961  0.000e+00
    13.8385   0.000596      1.137  800524971  0.000e+00
    13.8268   0.000596      1.074  800524981  0.000e+00
    13.8237   0.000593      1.137  800524991  0.000e+00
    13.8300   0.000591      1.095  800525001  0.000e+00
    13.8374   0.000591      1.095  800525011  0.000e+00
    13.8440   0.000588      1.158  800525021  0.000e+00
    13.8508   0.000588      1.116  800525031  0.000e+00
    13.8564   0.000585      1.077  800525041  0.000e+00
    13.8574   0.000582      1.116  800525051  0.000e+00
    13.8596   0.000579      1.036  800525061  0.000e+00
    13.8627   0.000577      1.161  800525071  0.000e+00
    13.8644   0.000577      1.203  800525081  0.000e+00
    13.8676   0.000574      1.077  800525091  0.000e+00
    13.8716   0.000571      1.119  800525101  0.000e+00
    13.8749   0.000574      1.059  800525111  0.000e+00
    13.8764   0.000577      1.143  800525121  0.000e+00
    13.8805   0.000563      1.015  800525131  0.000e+00
    13.8847   0.000507      0.976  800525141  0.000e+00
    13.8891   0.000504      0.931  800525151  0.000e+00
    13.8914   0.000501      0.997  800525161  0.000e+00
    13.8943   0.000485      0.976  800525171  0.000e+00
    13.8968   0.000482      0.955  800525181  0.000e+00
    13.8998   0.000479      1.018  800525191  0.000e+00
    13.9021   0.000479      1.059  800525201  0.000e+00
    13.9061   0.000479      0.979  800525211  0.000e+00
    13.9089   0.000473      0.958  800525221  0.000e+00
    13.9116   0.000473      0.934  800525231  0.000e+00
    13.9140   0.000471      0.958  800525241  0.000e+00
    13.9172   0.000473      0.958  800525251  0.000e+00
    13.9172   0.000471      0.896  800525261  0.000e+00
    13.9181   0.000468      1.021  800525271  0.000e+00
    13.9227   0.000471      0.937  800525281  0.000e+00
    13.9302   0.000468      0.979  800525291  0.000e+00
    13.9359   0.000468      0.958  800525301  0.000e+00
    13.9402   0.000468      0.916  800525311  0.000e+00
    13.9454   0.000468      0.958  800525321  0.000e+00
    13.9499   0.000468      0.940  800525331  0.000e+00
    13.9535   0.000465      0.958  800525341  0.000e+00
    13.9547   0.000465      1.000  800525351  0.000e+00
    13.9572   0.000465      0.982  800525361  0.000e+00
    13.9608   0.000465      0.982  800525371  0.000e+00
    13.9651   0.000465      0.919  800525381  0.000e+00
    13.9682   0.000465      0.711  800525391  0.000e+00
    13.9726   0.000462      0.922  800525401  0.000e+00
    13.9760   0.000462      0.899  800525411  0.000e+00
    13.9814   0.000462      0.961  800525421  0.000e+00
    13.9868   0.000462      0.901  800525431  0.000e+00
    13.9890   0.000462      0.839  800525441  0.000e+00
    13.9935   0.000462      0.881  800525451  0.000e+00
    13.9977   0.000459      0.881  800525461  0.000e+00
    14.0030   0.000459      0.881  800525471  0.000e+00
    14.0089   0.000457      0.922  800525481  0.000e+00
    14.0140   0.000459      0.901  800525491  0.000e+00
    14.0194   0.000457      0.967  800525501  0.000e+00
    14.0244   0.000457      0.800  800525511  0.000e+00
    14.0302   0.000454      0.821  800525521  0.000e+00
    14.0353   0.000454      0.863  800525531  0.000e+00
    14.0400   0.000454      0.967  800525541  0.000e+00
    14.0415   0.000451      0.821  800525551  0.000e+00
    14.0479   0.000451      0.758  800525561  0.000e+00
