odissea/data/moor/raw/ce25007/microcat_cal_dip/cast13/21269_cal_dip_data.cnv
* Sea-Bird SBE37SMP-RS232  Data File:
* FileName = C:\CE25007_recovery_data\21269_cal_dip_data.hex
* Software version SeatermV2 2.8.0.119
* Temperature SN = 21269
* Conductivity SN = 21269
* System UpLoad Time = May 14 2025 08:44:22
* sample interval = 10 seconds
* <ApplicationData>
# nquan = 5
# nvalues = 1484                                  
# units = specified
# name 0 = tv290C: Temperature [ITS-90, deg C]
# name 1 = cond0S/m: Conductivity [S/m]
# name 2 = prdM: Pressure, Strain Gauge [db]
# name 3 = timeK: Time, Instrument [seconds]
# name 4 = flag:  0.000e+00
# span 0 =     2.8065,    16.0568                 
# span 1 =   0.000102,   4.088957                 
# span 2 =     -0.098,   2413.917                 
# span 3 =  800455201,  800526121                 
# span 4 = 0.0000e+00, 0.0000e+00                 
# interval = seconds: 10
# start_time = May 13 2025 12:40:01 [Instrument's time stamp, first data scan]
# bad_flag = -9.990e-29
*END*
[from data line 858]
     4.5746   3.358750   1214.610  800519871  0.000e+00
     4.5756   3.358856   1214.486  800519881  0.000e+00
     4.5755   3.358831   1214.166  800519891  0.000e+00
     4.5754   3.358812   1213.760  800519901  0.000e+00
     4.5752   3.358843   1214.576  800519911  0.000e+00
     4.5752   3.358656   1212.079  800519921  0.000e+00
     4.5837   3.358977   1204.139  800519931  0.000e+00
     4.5803   3.357989   1195.756  800519941  0.000e+00
     4.6458   3.363530   1187.835  800519951  0.000e+00
     4.6458   3.363122   1180.051  800519961  0.000e+00
     4.7051   3.368117   1171.797  800519971  0.000e+00
     4.7569   3.372603   1163.386  800519981  0.000e+00
     4.8123   3.377716   1155.411  800519991  0.000e+00
     4.8762   3.382726   1147.343  800520001  0.000e+00
     4.9731   3.392281   1139.450  800520011  0.000e+00
     4.9807   3.393869   1132.458  800520021  0.000e+00
     5.0565   3.400780   1125.419  800520031  0.000e+00
     5.0729   3.402550   1118.252  800520041  0.000e+00
     5.0819   3.403739   1112.284  800520051  0.000e+00
     5.0796   3.403883   1112.604  800520061  0.000e+00
     5.0899   3.405011   1112.199  800520071  0.000e+00
     5.0926   3.405450   1112.545  800520081  0.000e+00
     5.0952   3.405789   1112.412  800520091  0.000e+00
     5.0903   3.405450   1112.310  800520101  0.000e+00
     5.0855   3.405118   1112.609  800520111  0.000e+00
     5.0871   3.405293   1112.272  800520121  0.000e+00
     5.0861   3.405262   1112.826  800520131  0.000e+00
     5.0872   3.405319   1112.724  800520141  0.000e+00
     5.0856   3.405206   1112.698  800520151  0.000e+00
     5.0889   3.405494   1111.509  800520161  0.000e+00
     5.1006   3.406018   1104.023  800520171  0.000e+00
     5.1383   3.408936   1095.646  800520181  0.000e+00
     5.1667   3.411317   1087.735  800520191  0.000e+00
     5.2373   3.417180   1079.125  800520201  0.000e+00
     5.2897   3.421899   1070.728  800520211  0.000e+00
     5.3118   3.424182   1062.776  800520221  0.000e+00
     5.3528   3.427786   1054.333  800520231  0.000e+00
     5.4118   3.433308   1046.083  800520241  0.000e+00
     5.4835   3.439501   1038.259  800520251  0.000e+00
     5.5231   3.443584   1031.268  800520261  0.000e+00
     5.5550   3.446673   1023.923  800520271  0.000e+00
     5.5779   3.448850   1017.695  800520281  0.000e+00
     5.6178   3.452627   1009.856  800520291  0.000e+00
     5.6822   3.458449   1002.525  800520301  0.000e+00
     5.7152   3.461714    994.837  800520311  0.000e+00
     5.7414   3.463963    986.824  800520321  0.000e+00
     5.7725   3.466422    979.686  800520331  0.000e+00
     5.8264   3.471824    971.701  800520341  0.000e+00
     5.8778   3.476414    964.031  800520351  0.000e+00
     5.9123   3.479476    956.195  800520361  0.000e+00
     5.9727   3.485157    948.633  800520371  0.000e+00
     5.9752   3.485618    943.631  800520381  0.000e+00
     5.9707   3.485618    944.020  800520391  0.000e+00
     5.9693   3.485561    943.811  800520401  0.000e+00
     5.9755   3.486301    943.508  800520411  0.000e+00
     5.9803   3.486876    943.689  800520421  0.000e+00
     5.9788   3.486902    944.072  800520431  0.000e+00
     5.9867   3.487572    943.694  800520441  0.000e+00
     5.9868   3.487705    943.843  800520451  0.000e+00
     5.9953   3.488439    943.614  800520461  0.000e+00
     5.9977   3.488755    943.507  800520471  0.000e+00
     5.9979   3.488863    943.848  800520481  0.000e+00
     5.9948   3.488597    943.832  800520491  0.000e+00
     5.9988   3.488952    943.470  800520501  0.000e+00
     6.0507   3.493094    936.062  800520511  0.000e+00
     6.0667   3.494409    928.484  800520521  0.000e+00
     6.1102   3.498035    920.795  800520531  0.000e+00
     6.2114   3.507170    913.255  800520541  0.000e+00
     6.2582   3.511537    905.381  800520551  0.000e+00
     6.2930   3.514986    897.932  800520561  0.000e+00
     6.3452   3.519414    890.415  800520571  0.000e+00
     6.4173   3.525909    882.728  800520581  0.000e+00
     6.4464   3.529001    875.026  800520591  0.000e+00
     6.5416   3.537653    867.063  800520601  0.000e+00
     6.5494   3.538401    860.186  800520611  0.000e+00
     6.5409   3.538261    860.021  800520621  0.000e+00
     6.5302   3.537580    859.473  800520631  0.000e+00
     6.5422   3.538834    859.691  800520641  0.000e+00
     6.5599   3.540514    859.755  800520651  0.000e+00
     6.5747   3.541946    859.804  800520661  0.000e+00
     6.5787   3.542448    859.463  800520671  0.000e+00
     6.5813   3.542881    859.740  800520681  0.000e+00
     6.5820   3.543021    859.809  800520691  0.000e+00
     6.5690   3.541850    859.660  800520701  0.000e+00
     6.5774   3.542646    859.538  800520711  0.000e+00
     6.6003   3.544395    856.542  800520721  0.000e+00
     6.6882   3.552042    848.303  800520731  0.000e+00
     6.6239   3.545529    839.496  800520741  0.000e+00
     6.7206   3.553572    831.009  800520751  0.000e+00
     6.7709   3.557731    822.863  800520761  0.000e+00
     6.8154   3.561045    815.030  800520771  0.000e+00
     6.8950   3.568317    807.730  800520781  0.000e+00
     6.9937   3.577498    800.075  800520791  0.000e+00
     7.0114   3.579234    792.536  800520801  0.000e+00
     7.0209   3.580126    785.413  800520811  0.000e+00
     7.1061   3.587483    777.951  800520821  0.000e+00
     7.1651   3.592677    770.525  800520831  0.000e+00
     7.2371   3.599186    762.978  800520841  0.000e+00
     7.2797   3.603175    755.602  800520851  0.000e+00
     7.2971   3.604313    748.475  800520861  0.000e+00
     7.3866   3.612376    740.674  800520871  0.000e+00
     7.4430   3.618058    733.357  800520881  0.000e+00
     7.4582   3.618813    725.493  800520891  0.000e+00
     7.6494   3.636280    718.034  800520901  0.000e+00
     7.9633   3.667961    710.718  800520911  0.000e+00
     7.9359   3.667985    706.535  800520921  0.000e+00
     7.8554   3.660696    706.435  800520931  0.000e+00
     7.9604   3.671690    706.222  800520941  0.000e+00
     7.9522   3.671600    706.894  800520951  0.000e+00
     7.9653   3.672898    707.149  800520961  0.000e+00
     7.9813   3.674945    706.837  800520971  0.000e+00
     7.9817   3.675261    706.716  800520981  0.000e+00
     7.9818   3.675410    706.723  800520991  0.000e+00
     7.9809   3.675455    706.963  800521001  0.000e+00
     7.9847   3.675849    706.821  800521011  0.000e+00
     7.9797   3.675546    707.020  800521021  0.000e+00
     7.9807   3.675623    706.467  800521031  0.000e+00
     7.9830   3.675823    706.665  800521041  0.000e+00
     7.9858   3.676198    707.076  800521051  0.000e+00
     7.9874   3.676372    706.764  800521061  0.000e+00
     7.9868   3.676379    706.793  800521071  0.000e+00
     7.9901   3.676715    706.630  800521081  0.000e+00
     7.9911   3.676838    707.289  800521091  0.000e+00
     7.9946   3.677180    706.701  800521101  0.000e+00
     7.9950   3.677238    706.559  800521111  0.000e+00
     7.9946   3.677212    706.708  800521121  0.000e+00
     7.9947   3.677225    706.801  800521131  0.000e+00
     7.9934   3.677167    706.766  800521141  0.000e+00
     7.9935   3.677128    706.808  800521151  0.000e+00
     7.9945   3.677264    707.007  800521161  0.000e+00
     7.9957   3.677328    706.433  800521171  0.000e+00
     8.0004   3.677761    705.327  800521181  0.000e+00
     8.1060   3.686910    697.955  800521191  0.000e+00
     8.1204   3.687961    689.946  800521201  0.000e+00
     8.1707   3.692286    682.269  800521211  0.000e+00
     8.1463   3.690280    680.682  800521221  0.000e+00
     8.1502   3.691056    680.754  800521231  0.000e+00
     8.1502   3.691302    680.810  800521241  0.000e+00
     8.1461   3.690966    680.732  800521251  0.000e+00
     8.1838   3.694272    680.825  800521261  0.000e+00
     8.2012   3.696020    680.953  800521271  0.000e+00
     8.1998   3.696059    680.663  800521281  0.000e+00
     8.2067   3.696758    680.408  800521291  0.000e+00
     8.2044   3.696687    680.940  800521301  0.000e+00
     8.2043   3.696706    680.522  800521311  0.000e+00
     8.2272   3.698601    675.980  800521321  0.000e+00
     8.2848   3.703319    667.837  800521331  0.000e+00
     8.3503   3.709051    659.957  800521341  0.000e+00
     8.3874   3.712257    652.154  800521351  0.000e+00
     8.4551   3.717820    644.424  800521361  0.000e+00
     8.5318   3.724963    636.389  800521371  0.000e+00
     8.5780   3.728512    628.800  800521381  0.000e+00
     8.6905   3.738205    620.851  800521391  0.000e+00
     8.7643   3.745058    613.037  800521401  0.000e+00
     8.7896   3.747359    605.131  800521411  0.000e+00
     8.7676   3.746097    605.160  800521421  0.000e+00
     8.7757   3.747262    605.330  800521431  0.000e+00
     8.7767   3.747424    604.977  800521441  0.000e+00
     8.7859   3.748368    605.793  800521451  0.000e+00
     8.7896   3.748947    605.198  800521461  0.000e+00
     8.7908   3.749084    605.220  800521471  0.000e+00
     8.7901   3.749091    604.930  800521481  0.000e+00
     8.7894   3.749091    605.619  800521491  0.000e+00
     8.7895   3.749143    605.173  800521501  0.000e+00
     8.7902   3.749221    605.041  800521511  0.000e+00
     8.7920   3.749298    603.260  800521521  0.000e+00
     8.8409   3.752922    595.031  800521531  0.000e+00
     8.9477   3.762745    587.517  800521541  0.000e+00
     9.0460   3.772219    579.698  800521551  0.000e+00
     9.1021   3.777633    571.250  800521561  0.000e+00
     9.1385   3.781229    563.185  800521571  0.000e+00
     9.2009   3.786760    555.697  800521581  0.000e+00
     9.2289   3.789810    547.506  800521591  0.000e+00
     9.3178   3.797865    539.879  800521601  0.000e+00
     9.4048   3.806896    532.453  800521611  0.000e+00
     9.4367   3.810156    525.019  800521621  0.000e+00
     9.4668   3.813043    518.189  800521631  0.000e+00
     9.4684   3.813447    511.392  800521641  0.000e+00
     9.4541   3.811609    503.743  800521651  0.000e+00
     9.5015   3.815650    496.586  800521661  0.000e+00
     9.5592   3.821215    489.269  800521671  0.000e+00
     9.5804   3.823429    481.561  800521681  0.000e+00
     9.6009   3.825211    474.541  800521691  0.000e+00
     9.6289   3.827952    467.150  800521701  0.000e+00
     9.6681   3.831461    459.200  800521711  0.000e+00
     9.6683   3.831578    455.642  800521721  0.000e+00
     9.6660   3.831670    455.915  800521731  0.000e+00
     9.6713   3.832274    455.652  800521741  0.000e+00
     9.6718   3.832340    455.894  800521751  0.000e+00
     9.6739   3.832642    456.116  800521761  0.000e+00
     9.6742   3.832754    455.840  800521771  0.000e+00
     9.6755   3.832892    455.722  800521781  0.000e+00
     9.6746   3.832865    456.092  800521791  0.000e+00
     9.6744   3.832885    456.177  800521801  0.000e+00
     9.6746   3.832878    455.741  800521811  0.000e+00
     9.6751   3.832944    455.592  800521821  0.000e+00
     9.6751   3.832944    455.835  800521831  0.000e+00
     9.6756   3.833017    456.099  800521841  0.000e+00
     9.6749   3.832970    455.833  800521851  0.000e+00
     9.6755   3.833010    456.024  800521861  0.000e+00
     9.6758   3.833056    455.791  800521871  0.000e+00
     9.6753   3.832997    455.600  800521881  0.000e+00
     9.6745   3.832931    455.737  800521891  0.000e+00
     9.6740   3.832912    456.374  800521901  0.000e+00
     9.6746   3.832931    456.001  800521911  0.000e+00
     9.6736   3.832852    455.608  800521921  0.000e+00
     9.6739   3.832872    456.075  800521931  0.000e+00
     9.6733   3.832833    456.075  800521941  0.000e+00
     9.6751   3.832957    455.512  800521951  0.000e+00
     9.6755   3.833023    455.682  800521961  0.000e+00
     9.6741   3.832931    455.989  800521971  0.000e+00
     9.6731   3.832832    455.458  800521981  0.000e+00
     9.6728   3.832760    455.755  800521991  0.000e+00
     9.6736   3.832826    456.010  800522001  0.000e+00
     9.6723   3.832728    455.978  800522011  0.000e+00
     9.6715   3.832636    455.893  800522021  0.000e+00
     9.6720   3.832649    455.563  800522031  0.000e+00
     9.6737   3.832826    455.787  800522041  0.000e+00
     9.6719   3.832662    455.924  800522051  0.000e+00
     9.6713   3.832616    455.903  800522061  0.000e+00
     9.6710   3.832596    455.849  800522071  0.000e+00
     9.6711   3.832596    455.563  800522081  0.000e+00
     9.6707   3.832531    455.934  800522091  0.000e+00
     9.6701   3.832504    455.616  800522101  0.000e+00
     9.6701   3.832511    456.083  800522111  0.000e+00
     9.6698   3.832491    455.956  800522121  0.000e+00
     9.6695   3.832412    455.616  800522131  0.000e+00
     9.6698   3.832452    455.510  800522141  0.000e+00
     9.6692   3.832445    456.284  800522151  0.000e+00
     9.6695   3.832419    455.796  800522161  0.000e+00
     9.6693   3.832425    455.849  800522171  0.000e+00
     9.6692   3.832399    455.987  800522181  0.000e+00
     9.6693   3.832406    455.934  800522191  0.000e+00
     9.6690   3.832379    455.807  800522201  0.000e+00
     9.6693   3.832393    455.891  800522211  0.000e+00
     9.6693   3.832373    455.499  800522221  0.000e+00
     9.6692   3.832393    456.104  800522231  0.000e+00
     9.6692   3.832379    455.838  800522241  0.000e+00
     9.6690   3.832366    455.753  800522251  0.000e+00
     9.6692   3.832353    455.424  800522261  0.000e+00
     9.6783   3.832962    451.146  800522271  0.000e+00
     9.7334   3.837590    443.217  800522281  0.000e+00
     9.7939   3.842661    434.821  800522291  0.000e+00
     9.8668   3.849471    426.925  800522301  0.000e+00
     9.9201   3.854673    418.838  800522311  0.000e+00
     9.9821   3.860583    410.931  800522321  0.000e+00
    10.0314   3.864960    402.867  800522331  0.000e+00
    10.0858   3.870317    396.266  800522341  0.000e+00
    10.0821   3.870274    388.924  800522351  0.000e+00
    10.0815   3.869448    382.017  800522361  0.000e+00
    10.0772   3.868740    374.994  800522371  0.000e+00
    10.0774   3.867972    367.121  800522381  0.000e+00
    10.2292   3.883650    359.834  800522391  0.000e+00
    10.2431   3.885522    353.373  800522401  0.000e+00
    10.2302   3.884717    353.458  800522411  0.000e+00
    10.2272   3.884519    353.978  800522421  0.000e+00
    10.2332   3.885351    354.105  800522431  0.000e+00
    10.2369   3.885879    353.511  800522441  0.000e+00
    10.2356   3.885846    353.564  800522451  0.000e+00
    10.2341   3.885767    353.564  800522461  0.000e+00
    10.2338   3.885774    353.988  800522471  0.000e+00
    10.2320   3.885529    353.744  800522481  0.000e+00
    10.2308   3.885463    353.850  800522491  0.000e+00
    10.2286   3.885166    353.341  800522501  0.000e+00
    10.2288   3.885159    353.522  800522511  0.000e+00
    10.2522   3.887131    346.446  800522521  0.000e+00
    10.2081   3.882169    337.887  800522531  0.000e+00
    10.0578   3.864683    330.038  800522541  0.000e+00
    10.0588   3.862795    322.158  800522551  0.000e+00
    10.0847   3.864196    314.035  800522561  0.000e+00
    10.1362   3.867843    306.633  800522571  0.000e+00
    10.1382   3.868013    303.039  800522581  0.000e+00
    10.1199   3.866761    303.081  800522591  0.000e+00
    10.1217   3.866893    303.611  800522601  0.000e+00
    10.1283   3.867289    303.166  800522611  0.000e+00
    10.1313   3.867638    303.346  800522621  0.000e+00
    10.1311   3.867658    303.240  800522631  0.000e+00
    10.1333   3.867829    303.622  800522641  0.000e+00
    10.1314   3.867743    303.103  800522651  0.000e+00
    10.1342   3.867908    303.219  800522661  0.000e+00
    10.1359   3.868086    303.304  800522671  0.000e+00
    10.1415   3.868328    299.158  800522681  0.000e+00
    10.2351   3.876449    290.750  800522691  0.000e+00
    10.3313   3.885924    282.967  800522701  0.000e+00
