odissea/data/moor/raw/ce25007/microcat_cal_dip/cast13/21269_cal_dip_data.cnv
* Sea-Bird SBE37SMP-RS232  Data File:
* FileName = C:\CE25007_recovery_data\21269_cal_dip_data.hex
* Software version SeatermV2 2.8.0.119
* Temperature SN = 21269
* Conductivity SN = 21269
* System UpLoad Time = May 14 2025 08:44:22
* sample interval = 10 seconds
* <ApplicationData>
# nquan = 5
# nvalues = 1484                                  
# units = specified
# name 0 = tv290C: Temperature [ITS-90, deg C]
# name 1 = cond0S/m: Conductivity [S/m]
# name 2 = prdM: Pressure, Strain Gauge [db]
# name 3 = timeK: Time, Instrument [seconds]
# name 4 = flag:  0.000e+00
# span 0 =     2.8065,    16.0568                 
# span 1 =   0.000102,   4.088957                 
# span 2 =     -0.098,   2413.917                 
# span 3 =  800455201,  800526121                 
# span 4 = 0.0000e+00, 0.0000e+00                 
# interval = seconds: 10
# start_time = May 13 2025 12:40:01 [Instrument's time stamp, first data scan]
# bad_flag = -9.990e-29
*END*
[from data line 1429]
    14.6966   0.000208      0.898  800525581  0.000e+00
    14.7086   0.000208      0.941  800525591  0.000e+00
    14.7209   0.000208      0.978  800525601  0.000e+00
    14.7331   0.000211      0.856  800525611  0.000e+00
    14.7422   0.000208      0.920  800525621  0.000e+00
    14.7583   0.000208      0.898  800525631  0.000e+00
    14.7711   0.000208      0.877  800525641  0.000e+00
    14.7844   0.000208      0.872  800525651  0.000e+00
    14.7976   0.000208      0.894  800525661  0.000e+00
    14.8102   0.000208      0.915  800525671  0.000e+00
    14.8192   0.000208      0.851  800525681  0.000e+00
    14.8289   0.000205      0.910  800525691  0.000e+00
    14.8407   0.000208      0.825  800525701  0.000e+00
    14.8530   0.000205      0.910  800525711  0.000e+00
    14.8638   0.000205      0.825  800525721  0.000e+00
    14.8752   0.000208      1.037  800525731  0.000e+00
    14.8857   0.000208      0.863  800525741  0.000e+00
    14.8979   0.000205      0.868  800525751  0.000e+00
    14.9095   0.000208      0.926  800525761  0.000e+00
    14.9200   0.000208      0.905  800525771  0.000e+00
    14.9310   0.000208      0.926  800525781  0.000e+00
    14.9384   0.000208      0.905  800525791  0.000e+00
    14.9501   0.000208      0.901  800525801  0.000e+00
    14.9620   0.000208      0.884  800525811  0.000e+00
    14.9738   0.000208      0.842  800525821  0.000e+00
    14.9871   0.000208      0.858  800525831  0.000e+00
    14.9970   0.000208      0.922  800525841  0.000e+00
    15.0074   0.000208      0.879  800525851  0.000e+00
    15.0181   0.000208      0.943  800525861  0.000e+00
    15.0280   0.000208      0.985  800525871  0.000e+00
    15.0358   0.000208      0.858  800525881  0.000e+00
    15.0462   0.000208      0.896  800525891  0.000e+00
    15.0566   0.000208      0.896  800525901  0.000e+00
    15.0652   0.000208      0.854  800525911  0.000e+00
    15.0744   0.000208      0.892  800525921  0.000e+00
    15.0839   0.000205      0.854  800525931  0.000e+00
    15.0928   0.000208      0.913  800525941  0.000e+00
    15.1019   0.000208      0.870  800525951  0.000e+00
    15.1099   0.000205      0.833  800525961  0.000e+00
    15.1213   0.000208      0.833  800525971  0.000e+00
    15.1306   0.000208      0.828  800525981  0.000e+00
    15.1375   0.000208      0.870  800525991  0.000e+00
    15.1424   0.000208      0.849  800526001  0.000e+00
    15.1475   0.000208      0.892  800526011  0.000e+00
    15.1567   0.000208      0.887  800526021  0.000e+00
    15.1647   0.000208      0.828  800526031  0.000e+00
    15.1728   0.000205      0.908  800526041  0.000e+00
    15.1791   0.000205      0.925  800526051  0.000e+00
    15.1891   0.000208      0.845  800526061  0.000e+00
    15.1971   0.000208      0.824  800526071  0.000e+00
    15.2046   0.000205      0.824  800526081  0.000e+00
    15.2122   0.000208      0.883  800526091  0.000e+00
    15.2090   0.000208      0.841  800526101  0.000e+00
    15.1892   0.000211      0.824  800526111  0.000e+00
    15.2259   0.000211      0.841  800526121  0.000e+00
