odissea/data/moor/raw/ce25007/microcat_cal_dip/cast13/21269_cal_dip_data.cnv
* Sea-Bird SBE37SMP-RS232  Data File:
* FileName = C:\CE25007_recovery_data\21269_cal_dip_data.hex
* Software version SeatermV2 2.8.0.119
* Temperature SN = 21269
* Conductivity SN = 21269
* System UpLoad Time = May 14 2025 08:44:22
* sample interval = 10 seconds
* <ApplicationData>
# nquan = 5
# nvalues = 1484                                  
# units = specified
# name 0 = tv290C: Temperature [ITS-90, deg C]
# name 1 = cond0S/m: Conductivity [S/m]
# name 2 = prdM: Pressure, Strain Gauge [db]
# name 3 = timeK: Time, Instrument [seconds]
# name 4 = flag:  0.000e+00
# span 0 =     2.8065,    16.0568                 
# span 1 =   0.000102,   4.088957                 
# span 2 =     -0.098,   2413.917                 
# span 3 =  800455201,  800526121                 
# span 4 = 0.0000e+00, 0.0000e+00                 
# interval = seconds: 10
# start_time = May 13 2025 12:40:01 [Instrument's time stamp, first data scan]
# bad_flag = -9.990e-29
*END*
    15.6965   0.000250      1.080  800455201  0.000e+00
    16.0568   0.000190      0.352  800511301  0.000e+00
    16.0378   0.000187      0.415  800511311  0.000e+00
    16.0254   0.000187      0.373  800511321  0.000e+00
    16.0132   0.000184      0.394  800511331  0.000e+00
    16.0132   0.000187      0.352  800511341  0.000e+00
    15.9937   0.000187      0.331  800511351  0.000e+00
    15.9944   0.000187      0.373  800511361  0.000e+00
    15.9755   0.000187      0.331  800511371  0.000e+00
    15.9575   0.000184      0.394  800511381  0.000e+00
    15.9528   0.000187      0.330  800511391  0.000e+00
    15.9264   0.000187      0.352  800511401  0.000e+00
    15.9330   0.000187      0.373  800511411  0.000e+00
    15.9297   0.000187      0.330  800511421  0.000e+00
    15.9259   0.000208      0.373  800511431  0.000e+00
    15.9096   0.000187      0.373  800511441  0.000e+00
    15.9137   0.000184      0.267  800511451  0.000e+00
    15.8982   0.000187      0.288  800511461  0.000e+00
    15.8743   0.000187      0.309  800511471  0.000e+00
    15.8565   0.000187      0.309  800511481  0.000e+00
    15.8305   0.000187      0.288  800511491  0.000e+00
    15.8228   0.000187      0.267  800511501  0.000e+00
    15.8132   0.000187      0.267  800511511  0.000e+00
    15.8062   0.000187      0.352  800511521  0.000e+00
    15.8023   0.000187      0.288  800511531  0.000e+00
    15.7563   0.000187      0.268  800511541  0.000e+00
    15.7684   0.000184      0.289  800511551  0.000e+00
    15.7939   0.000187      0.246  800511561  0.000e+00
    15.7809   0.000187      0.246  800511571  0.000e+00
    15.7690   0.000187      0.225  800511581  0.000e+00
    15.7611   0.000184      0.141  800511591  0.000e+00
    15.7397   0.000184      0.204  800511601  0.000e+00
    15.7234   0.000184      0.162  800511611  0.000e+00
    15.7179   0.000184      0.162  800511621  0.000e+00
    15.7031   0.000184      0.162  800511631  0.000e+00
    15.7001   0.000184      0.141  800511641  0.000e+00
    15.6870   0.000184      0.162  800511651  0.000e+00
    15.6804   0.000184      0.121  800511661  0.000e+00
    15.6580   0.000184      0.121  800511671  0.000e+00
    15.6620   0.000184      0.079  800511681  0.000e+00
    15.6418   0.000184      0.100  800511691  0.000e+00
    15.6289   0.000184      0.100  800511701  0.000e+00
    15.5913   0.000184     -0.069  800511711  0.000e+00
    15.5871   0.000184      0.058  800511721  0.000e+00
    15.5681   0.000181      0.122  800511731  0.000e+00
    15.5734   0.000181      0.101  800511741  0.000e+00
    15.5488   0.000181      0.038  800511751  0.000e+00
    15.5459   0.000184      0.080  800511761  0.000e+00
    15.5339   0.000184      0.059  800511771  0.000e+00
    15.5140   0.000184      0.123  800511781  0.000e+00
    15.5031   0.000181      0.123  800511791  0.000e+00
    15.4886   0.000184      0.082  800511801  0.000e+00
    15.4684   0.000181      0.082  800511811  0.000e+00
    15.4548   0.000181      0.124  800511821  0.000e+00
    15.4489   0.000181      0.104  800511831  0.000e+00
    15.4371   0.000181      0.146  800511841  0.000e+00
    15.4295   0.000181      0.125  800511851  0.000e+00
    15.4225   0.000181      0.083  800511861  0.000e+00
    15.4073   0.000181      0.126  800511871  0.000e+00
    15.3930   0.000181      0.147  800511881  0.000e+00
    15.3941   0.000184      0.169  800511891  0.000e+00
    15.3835   0.000181      0.106  800511901  0.000e+00
    15.3853   0.000184      0.190  800511911  0.000e+00
    15.3684   0.000181      0.190  800511921  0.000e+00
    15.3494   0.000181      0.193  800511931  0.000e+00
    15.3350   0.000181      0.149  800511941  0.000e+00
    15.3194   0.000181      0.426  800511951  0.000e+00
    15.3164   0.000184      0.214  800511961  0.000e+00
    15.3144   0.000181      0.129  800511971  0.000e+00
    15.3134   0.000184      0.194  800511981  0.000e+00
    15.2972   0.000181      0.215  800511991  0.000e+00
    15.2966   0.000184      0.174  800512001  0.000e+00
    15.2923   0.000181     -0.039  800512011  0.000e+00
    15.2784   0.000181      0.174  800512021  0.000e+00
    15.2719   0.000184      0.280  800512031  0.000e+00
    15.2624   0.000181      0.238  800512041  0.000e+00
    15.2509   0.000181      0.260  800512051  0.000e+00
    15.2517   0.000181      0.240  800512061  0.000e+00
    15.2465   0.000184      0.260  800512071  0.000e+00
    15.2391   0.000181     -0.098  800512081  0.000e+00
    15.2312   0.000184      0.219  800512091  0.000e+00
    15.2280   0.000181      0.198  800512101  0.000e+00
    15.2280   0.000181      0.242  800512111  0.000e+00
    15.2347   0.000181      0.263  800512121  0.000e+00
    15.2268   0.000184      0.284  800512131  0.000e+00
    15.2254   0.000181      0.263  800512141  0.000e+00
    15.2163   0.000181      0.265  800512151  0.000e+00
    15.2137   0.000184      0.520  800512161  0.000e+00
    15.2183   0.000181      0.244  800512171  0.000e+00
    15.2237   0.000181      0.224  800512181  0.000e+00
    15.2561   0.000184      0.203  800512191  0.000e+00
    15.2340   0.000181      0.309  800512201  0.000e+00
    15.2213   0.000181      0.245  800512211  0.000e+00
    15.2207   0.000181      0.226  800512221  0.000e+00
    15.2162   0.000181      0.288  800512231  0.000e+00
    15.2134   0.000181      0.268  800512241  0.000e+00
    15.2041   0.000181      0.289  800512251  0.000e+00
    15.1962   0.000181      0.268  800512261  0.000e+00
    15.1908   0.000181      0.228  800512271  0.000e+00
    15.1767   0.000181      0.289  800512281  0.000e+00
    15.1694   0.000181      0.291  800512291  0.000e+00
    15.1615   0.000184      0.291  800512301  0.000e+00
    15.1636   0.000181      0.312  800512311  0.000e+00
    15.1562   0.000181      0.314  800512321  0.000e+00
    15.1401   0.000181      0.272  800512331  0.000e+00
    15.1468   0.000181      0.334  800512341  0.000e+00
    15.1515   0.000181      0.274  800512351  0.000e+00
    15.1457   0.000181      0.314  800512361  0.000e+00
    15.1416   0.000181      0.337  800512371  0.000e+00
    15.1475   0.000181      0.337  800512381  0.000e+00
    15.1397   0.000181      0.337  800512391  0.000e+00
    15.1355   0.000127      0.293  800512401  0.000e+00
    15.1314   0.000181      0.316  800512411  0.000e+00
    15.1298   0.000181      0.297  800512421  0.000e+00
    15.1144   0.000172      0.168  800512431  0.000e+00
    15.1081   0.000181      0.297  800512441  0.000e+00
    15.1008   0.000178      0.297  800512451  0.000e+00
    15.0938   0.000181      0.342  800512461  0.000e+00
    15.0886   0.000181      0.363  800512471  0.000e+00
    15.0908   0.000181      0.280  800512481  0.000e+00
    15.0761   0.000181      0.301  800512491  0.000e+00
    15.0470   0.000181      0.299  800512501  0.000e+00
    15.0243   0.000178      0.365  800512511  0.000e+00
    14.9954   0.000178      0.344  800512521  0.000e+00
    14.9497   0.000181      0.346  800512531  0.000e+00
    14.9624   0.000181      0.325  800512541  0.000e+00
    14.9693   0.000178      0.365  800512551  0.000e+00
    14.9968   0.000181      0.301  800512561  0.000e+00
    15.0064   0.000178      0.304  800512571  0.000e+00
    15.0073   0.000178      0.428  800512581  0.000e+00
    15.0872   0.000181      0.388  800512591  0.000e+00
    13.8407   0.000189      1.216  800512601  0.000e+00
    12.8955   0.000102      1.364  800512611  0.000e+00
    12.5163   0.000144      2.232  800512621  0.000e+00
    12.4026   2.133981      6.021  800512631  0.000e+00
    12.3486   3.381174      9.199  800512641  0.000e+00
    12.3726   4.088957     11.043  800512651  0.000e+00
    12.3464   4.083707     10.791  800512661  0.000e+00
    12.3460   4.082002      9.124  800512671  0.000e+00
    12.3466   4.080848      5.277  800512681  0.000e+00
    12.3459   4.079944      1.298  800512691  0.000e+00
    12.3433   4.078658      1.561  800512701  0.000e+00
    12.3417   4.078207      1.419  800512711  0.000e+00
    12.3428   4.077749      2.520  800512721  0.000e+00
    12.3440   4.077731      7.398  800512731  0.000e+00
    12.3486   4.078096     11.765  800512741  0.000e+00
    12.3140   4.075560     16.302  800512751  0.000e+00
    12.1517   4.060878     21.365  800512761  0.000e+00
    12.0227   4.048795     26.475  800512771  0.000e+00
    11.8763   4.035459     32.194  800512781  0.000e+00
    11.4704   3.999036     39.341  800512791  0.000e+00
    11.3441   3.986728     45.887  800512801  0.000e+00
    11.3282   3.985036     52.671  800512811  0.000e+00
    11.3339   3.985385     59.705  800512821  0.000e+00
    11.3232   3.985175     66.739  800512831  0.000e+00
    11.3291   3.985844     73.910  800512841  0.000e+00
    11.2896   3.981772     81.221  800512851  0.000e+00
    11.2958   3.982795     89.278  800512861  0.000e+00
    11.3084   3.984866     98.098  800512871  0.000e+00
    11.2422   3.978241    105.007  800512881  0.000e+00
    11.1582   3.969707    110.864  800512891  0.000e+00
    11.1216   3.966095    121.295  800512901  0.000e+00
    11.1255   3.966679    132.279  800512911  0.000e+00
    11.1237   3.967049    142.840  800512921  0.000e+00
    11.0583   3.961235    152.889  800512931  0.000e+00
    11.0193   3.957666    162.365  800512941  0.000e+00
    10.9791   3.954051    171.848  800512951  0.000e+00
    10.9561   3.951788    181.438  800512961  0.000e+00
    10.8687   3.943651    191.877  800512971  0.000e+00
    10.8358   3.940845    201.865  800512981  0.000e+00
    10.8046   3.938180    211.924  800512991  0.000e+00
    10.7701   3.935143    221.823  800513001  0.000e+00
    10.7535   3.934092    232.732  800513011  0.000e+00
    10.6970   3.928285    242.850  800513021  0.000e+00
    10.6280   3.921691    252.779  800513031  0.000e+00
    10.5004   3.908859    263.033  800513041  0.000e+00
    10.3359   3.891529    272.942  800513051  0.000e+00
    10.2077   3.878367    283.304  800513061  0.000e+00
    10.2311   3.880958    293.215  800513071  0.000e+00
    10.1106   3.869253    303.508  800513081  0.000e+00
     9.9835   3.856595    313.547  800513091  0.000e+00
    10.0710   3.864852    323.637  800513101  0.000e+00
    10.2069   3.880663    333.727  800513111  0.000e+00
    10.2156   3.883301    344.299  800513121  0.000e+00
    10.2242   3.885437    354.342  800513131  0.000e+00
    10.1398   3.877560    364.470  800513141  0.000e+00
    10.0075   3.864581    374.515  800513151  0.000e+00
     9.9801   3.862068    384.659  800513161  0.000e+00
     9.9605   3.860294    394.846  800513171  0.000e+00
     9.9231   3.856920    405.084  800513181  0.000e+00
     9.8840   3.853823    414.820  800513191  0.000e+00
     9.8058   3.846951    424.606  800513201  0.000e+00
     9.7584   3.842964    434.471  800513211  0.000e+00
     9.7003   3.837335    444.712  800513221  0.000e+00
     9.6594   3.833765    454.855  800513231  0.000e+00
     9.6221   3.829947    464.907  800513241  0.000e+00
     9.6086   3.828697    475.001  800513251  0.000e+00
     9.5604   3.824349    485.181  800513261  0.000e+00
     9.5152   3.820214    495.129  800513271  0.000e+00
     9.4616   3.815621    505.289  800513281  0.000e+00
     9.3727   3.806792    515.281  800513291  0.000e+00
     9.2369   3.794066    525.345  800513301  0.000e+00
     9.1696   3.787479    535.627  800513311  0.000e+00
     9.0540   3.776286    545.791  800513321  0.000e+00
     8.9876   3.769894    555.900  800513331  0.000e+00
     8.8393   3.755478    566.227  800513341  0.000e+00
     8.8207   3.753228    575.925  800513351  0.000e+00
     8.7550   3.747268    585.973  800513361  0.000e+00
     8.5951   3.733829    596.268  800513371  0.000e+00
     8.5243   3.727556    606.117  800513381  0.000e+00
     8.4871   3.723891    615.649  800513391  0.000e+00
     8.4116   3.716860    625.904  800513401  0.000e+00
     8.3394   3.711208    635.883  800513411  0.000e+00
     8.2177   3.699763    645.966  800513421  0.000e+00
     8.1883   3.696335    656.053  800513431  0.000e+00
     8.1183   3.690320    665.950  800513441  0.000e+00
     8.0304   3.682229    675.953  800513451  0.000e+00
     7.9046   3.670728    686.022  800513461  0.000e+00
     7.6262   3.642881    696.173  800513471  0.000e+00
     7.4591   3.625241    705.723  800513481  0.000e+00
     7.4475   3.623587    716.058  800513491  0.000e+00
     7.2966   3.608530    726.321  800513501  0.000e+00
     7.2242   3.601938    736.117  800513511  0.000e+00
     7.1304   3.593277    746.157  800513521  0.000e+00
     7.0478   3.585897    756.465  800513531  0.000e+00
     6.9985   3.581744    766.698  800513541  0.000e+00
     6.9423   3.576206    777.166  800513551  0.000e+00
     6.8786   3.570187    786.966  800513561  0.000e+00
     6.7669   3.560255    797.829  800513571  0.000e+00
     6.7862   3.562567    807.727  800513581  0.000e+00
     6.7570   3.560396    817.986  800513591  0.000e+00
     6.7089   3.556580    828.139  800513601  0.000e+00
     6.5873   3.545771    838.656  800513611  0.000e+00
     6.4595   3.533385    848.928  800513621  0.000e+00
     6.4423   3.531704    858.531  800513631  0.000e+00
     6.3855   3.526540    868.614  800513641  0.000e+00
     6.3257   3.521036    878.708  800513651  0.000e+00
     6.2701   3.515726    888.537  800513661  0.000e+00
     6.1813   3.507781    898.356  800513671  0.000e+00
     6.0634   3.496612    908.143  800513681  0.000e+00
     6.0226   3.493000    918.028  800513691  0.000e+00
     5.9622   3.487023    927.838  800513701  0.000e+00
     5.9105   3.482176    937.628  800513711  0.000e+00
     5.8737   3.478778    947.612  800513721  0.000e+00
     5.8247   3.474144    957.488  800513731  0.000e+00
     5.7578   3.468135    967.526  800513741  0.000e+00
     5.7157   3.463765    977.118  800513751  0.000e+00
     5.6673   3.459832    986.911  800513761  0.000e+00
     5.5751   3.451508    996.973  800513771  0.000e+00
     5.5265   3.446799   1006.598  800513781  0.000e+00
     5.4675   3.441338   1016.811  800513791  0.000e+00
     5.3748   3.432963   1026.854  800513801  0.000e+00
     5.3119   3.426718   1036.673  800513811  0.000e+00
     5.2523   3.421219   1046.876  800513821  0.000e+00
     5.2354   3.419195   1056.675  800513831  0.000e+00
     5.1615   3.413104   1066.713  800513841  0.000e+00
     5.0960   3.407106   1076.748  800513851  0.000e+00
     5.0342   3.401388   1086.720  800513861  0.000e+00
     4.9693   3.395303   1096.748  800513871  0.000e+00
     4.9435   3.393028   1107.383  800513881  0.000e+00
     4.9258   3.391467   1117.634  800513891  0.000e+00
     4.8696   3.386384   1127.857  800513901  0.000e+00
     4.7525   3.375381   1137.961  800513911  0.000e+00
     4.6746   3.367249   1148.535  800513921  0.000e+00
     4.6633   3.366591   1158.888  800513931  0.000e+00
     4.6189   3.362427   1169.263  800513941  0.000e+00
     4.6076   3.361382   1179.413  800513951  0.000e+00
     4.5817   3.359191   1189.307  800513961  0.000e+00
     4.5857   3.360192   1199.685  800513971  0.000e+00
     4.5928   3.361286   1209.859  800513981  0.000e+00
     4.5750   3.359936   1219.684  800513991  0.000e+00
     4.5365   3.357134   1229.738  800514001  0.000e+00
     4.4850   3.352377   1240.192  800514011  0.000e+00
     4.4589   3.350262   1250.062  800514021  0.000e+00
     4.4984   3.354383   1260.338  800514031  0.000e+00
     4.4505   3.350325   1270.346  800514041  0.000e+00
     4.4175   3.347619   1280.674  800514051  0.000e+00
     4.4127   3.347392   1290.448  800514061  0.000e+00
     4.4044   3.346990   1300.479  800514071  0.000e+00
     4.3912   3.346197   1310.746  800514081  0.000e+00
     4.3709   3.344756   1320.579  800514091  0.000e+00
     4.3115   3.339862   1330.697  800514101  0.000e+00
     4.2029   3.330086   1340.860  800514111  0.000e+00
     4.1438   3.324417   1350.624  800514121  0.000e+00
     4.1336   3.323346   1360.524  800514131  0.000e+00
