odissea/data/moor/raw/ce25007/microcat_cal_dip/cast13/21269_cal_dip_data.cnv
* Sea-Bird SBE37SMP-RS232  Data File:
* FileName = C:\CE25007_recovery_data\21269_cal_dip_data.hex
* Software version SeatermV2 2.8.0.119
* Temperature SN = 21269
* Conductivity SN = 21269
* System UpLoad Time = May 14 2025 08:44:22
* sample interval = 10 seconds
* <ApplicationData>
# nquan = 5
# nvalues = 1484                                  
# units = specified
# name 0 = tv290C: Temperature [ITS-90, deg C]
# name 1 = cond0S/m: Conductivity [S/m]
# name 2 = prdM: Pressure, Strain Gauge [db]
# name 3 = timeK: Time, Instrument [seconds]
# name 4 = flag:  0.000e+00
# span 0 =     2.8065,    16.0568                 
# span 1 =   0.000102,   4.088957                 
# span 2 =     -0.098,   2413.917                 
# span 3 =  800455201,  800526121                 
# span 4 = 0.0000e+00, 0.0000e+00                 
# interval = seconds: 10
# start_time = May 13 2025 12:40:01 [Instrument's time stamp, first data scan]
# bad_flag = -9.990e-29
*END*
[from data line 1143]
    10.5525   3.909118    266.461  800522721  0.000e+00
    10.6490   3.919367    258.468  800522731  0.000e+00
    10.7065   3.925595    250.624  800522741  0.000e+00
    10.7528   3.930673    244.063  800522751  0.000e+00
    10.7970   3.935228    236.972  800522761  0.000e+00
    10.8316   3.938399    229.659  800522771  0.000e+00
    10.8505   3.939863    221.839  800522781  0.000e+00
    10.8809   3.942968    214.325  800522791  0.000e+00
    10.9219   3.946599    206.982  800522801  0.000e+00
    10.9538   3.949554    198.971  800522811  0.000e+00
    11.0016   3.954630    191.565  800522821  0.000e+00
    11.0209   3.956363    184.127  800522831  0.000e+00
    11.0643   3.960645    175.960  800522841  0.000e+00
    11.0798   3.961880    168.671  800522851  0.000e+00
    11.1110   3.964892    161.097  800522861  0.000e+00
    11.1316   3.966800    152.941  800522871  0.000e+00
    11.1632   3.969734    145.548  800522881  0.000e+00
    11.2639   3.980087    138.124  800522891  0.000e+00
    11.3162   3.986013    130.509  800522901  0.000e+00
    11.3158   3.985843    122.514  800522911  0.000e+00
    11.3096   3.984880    115.355  800522921  0.000e+00
    11.3024   3.983576    107.488  800522931  0.000e+00
    11.2833   3.980692    100.076  800522941  0.000e+00
    11.3070   3.982456     92.019  800522951  0.000e+00
    11.3175   3.983280     85.022  800522961  0.000e+00
    11.3116   3.981950     77.886  800522971  0.000e+00
    11.3147   3.981314     70.751  800522981  0.000e+00
    11.3115   3.979604     64.157  800522991  0.000e+00
    11.3295   3.980968     56.441  800523001  0.000e+00
    11.3552   3.982305     48.545  800523011  0.000e+00
    11.4343   3.988733     41.390  800523021  0.000e+00
    11.5358   3.997015     33.929  800523031  0.000e+00
    11.5830   4.001062     30.321  800523041  0.000e+00
    11.6431   4.007265     31.020  800523051  0.000e+00
    11.6900   4.011671     30.723  800523061  0.000e+00
    11.6843   4.012628     30.862  800523071  0.000e+00
    11.6517   4.009511     30.894  800523081  0.000e+00
    11.6559   4.009699     30.894  800523091  0.000e+00
    11.6734   4.011324     31.075  800523101  0.000e+00
    11.6728   4.011397     30.917  800523111  0.000e+00
    11.6631   4.010581     30.832  800523121  0.000e+00
    11.7043   4.014160     29.532  800523131  0.000e+00
    11.8858   4.029431     27.382  800523141  0.000e+00
    12.0600   4.045867     25.510  800523151  0.000e+00
    12.1012   4.050773     23.427  800523161  0.000e+00
    12.1150   4.052566     21.628  800523171  0.000e+00
    12.1541   4.056555     19.523  800523181  0.000e+00
    12.2455   4.064895     16.000  800523191  0.000e+00
    12.3380   4.074150      9.863  800523201  0.000e+00
    12.3480   4.075784      5.050  800523211  0.000e+00
    12.3444   4.076074      5.960  800523221  0.000e+00
    12.3574   4.077710      5.273  800523231  0.000e+00
    12.3609   4.078181      5.327  800523241  0.000e+00
    12.3585   4.078188      5.212  800523251  0.000e+00
    12.3590   4.078376      5.457  800523261  0.000e+00
    12.3579   4.078376      5.394  800523271  0.000e+00
    12.3576   4.078424      5.587  800523281  0.000e+00
    12.3568   4.078383      5.566  800523291  0.000e+00
    12.3593   4.078632      5.291  800523301  0.000e+00
    12.3638   4.078894      2.552  800523311  0.000e+00
    12.3727   3.800801      0.829  800523321  0.000e+00
    12.3758   2.458256      0.778  800523331  0.000e+00
    12.3755   2.045221      0.702  800523341  0.000e+00
    12.3765   2.044825      0.757  800523351  0.000e+00
    12.3793   2.038944      0.748  800523361  0.000e+00
    12.3817   2.045908      0.719  800523371  0.000e+00
    12.3912   2.046387      0.740  800523381  0.000e+00
    12.4061   2.047012      0.710  800523391  0.000e+00
    12.4158   0.001083      0.752  800523401  0.000e+00
    12.4293   0.000234      0.765  800523411  0.000e+00
    12.4425   0.000219      0.765  800523421  0.000e+00
    12.4589   0.000213      0.714  800523431  0.000e+00
    12.4755   0.000204      0.757  800523441  0.000e+00
    12.4961   0.000201      0.736  800523451  0.000e+00
    12.5120   0.000207      0.748  800523461  0.000e+00
    12.5367   0.000219      0.677  800523471  0.000e+00
    12.5533   0.000219      0.732  800523481  0.000e+00
    12.5821   0.000222      0.677  800523491  0.000e+00
    12.6107   0.000219      0.669  800523501  0.000e+00
    12.6400   0.000219      0.669  800523511  0.000e+00
    12.6612   0.000219      0.711  800523521  0.000e+00
    12.6805   0.000219      0.660  800523531  0.000e+00
    12.6967   0.000219      0.652  800523541  0.000e+00
    12.7220   0.000216      0.682  800523551  0.000e+00
    12.7482   0.000219      0.695  800523561  0.000e+00
    12.7640   0.000219      0.708  800523571  0.000e+00
    12.7905   0.000216      0.666  800523581  0.000e+00
    12.8112   0.000216      0.658  800523591  0.000e+00
    12.8384   0.000219      0.679  800523601  0.000e+00
    12.8630   0.000222      0.594  800523611  0.000e+00
    12.8874   0.000216      0.594  800523621  0.000e+00
    12.9116   0.000216      0.629  800523631  0.000e+00
    12.9408   0.000219      0.692  800523641  0.000e+00
    12.9609   0.000216      0.650  800523651  0.000e+00
    12.9799   0.000216      0.629  800523661  0.000e+00
    13.0058   0.000228      0.629  800523671  0.000e+00
    13.0260   0.000219      0.684  800523681  0.000e+00
    13.0452   0.000216      0.613  800523691  0.000e+00
    13.0651   0.000216      0.684  800523701  0.000e+00
    13.0823   0.000216      0.613  800523711  0.000e+00
    13.0990   0.000213      0.627  800523721  0.000e+00
    13.1117   0.000216      0.669  800523731  0.000e+00
    13.1323   0.000213      0.606  800523741  0.000e+00
    13.1473   0.000216      0.585  800523751  0.000e+00
    13.1623   0.000213      0.754  800523761  0.000e+00
    13.1801   0.000213      0.585  800523771  0.000e+00
    13.1940   0.000213      0.640  800523781  0.000e+00
    13.2069   0.000213      0.619  800523791  0.000e+00
    13.2193   0.000216      0.612  800523801  0.000e+00
    13.2323   0.000213      0.654  800523811  0.000e+00
    13.2422   0.000213      0.591  800523821  0.000e+00
    13.2562   0.000213      0.604  800523831  0.000e+00
    13.2667   0.000213      0.647  800523841  0.000e+00
    13.2773   0.000213      0.633  800523851  0.000e+00
    13.2903   0.000213      0.604  800523861  0.000e+00
    13.3087   0.000216      0.626  800523871  0.000e+00
    13.3216   0.000216      0.639  800523881  0.000e+00
    13.3296   0.000213      0.639  800523891  0.000e+00
    13.3383   0.000213      0.576  800523901  0.000e+00
    13.3502   0.000216      0.675  800523911  0.000e+00
    13.3585   0.000213      0.639  800523921  0.000e+00
    13.3693   0.000216      0.632  800523931  0.000e+00
    13.3832   0.000213      0.632  800523941  0.000e+00
    13.3899   0.000213      0.611  800523951  0.000e+00
    13.3958   0.000213      0.625  800523961  0.000e+00
    13.4056   0.000213      0.562  800523971  0.000e+00
    13.4164   0.000213      0.900  800523981  0.000e+00
    13.4303   0.000216      0.533  800523991  0.000e+00
    13.4394   0.000216      0.540  800524001  0.000e+00
    13.4480   0.000213      0.512  800524011  0.000e+00
    13.4575   0.000213      0.576  800524021  0.000e+00
    13.4657   0.000213      0.590  800524031  0.000e+00
    13.4741   0.000213      0.576  800524041  0.000e+00
    13.4854   0.000213      0.611  800524051  0.000e+00
    13.4967   0.000210      0.611  800524061  0.000e+00
    13.5019   0.000213      0.569  800524071  0.000e+00
    13.5092   0.000213      0.625  800524081  0.000e+00
    13.5213   0.000213      0.569  800524091  0.000e+00
    13.5308   0.000213      0.562  800524101  0.000e+00
    13.5383   0.000213      0.625  800524111  0.000e+00
    13.5481   0.000213      0.639  800524121  0.000e+00
    13.5595   0.000213      0.618  800524131  0.000e+00
    13.5656   0.000210      0.576  800524141  0.000e+00
    13.5736   0.000213      0.639  800524151  0.000e+00
    13.5848   0.000213      0.611  800524161  0.000e+00
    13.5921   0.000213      0.590  800524171  0.000e+00
    13.5990   0.000213      0.675  800524181  0.000e+00
    13.6053   0.000213      0.639  800524191  0.000e+00
    13.6135   0.000213      0.611  800524201  0.000e+00
    13.6207   0.000213      0.357  800524211  0.000e+00
    13.6302   0.000213      0.605  800524221  0.000e+00
    13.6350   0.000213      0.583  800524231  0.000e+00
    13.6456   0.000216      0.626  800524241  0.000e+00
    13.6519   0.000213      0.605  800524251  0.000e+00
    13.6585   0.000213      0.668  800524261  0.000e+00
    13.6634   0.000213      0.605  800524271  0.000e+00
    13.6695   0.000213      0.577  800524281  0.000e+00
    13.6773   0.000213      0.655  800524291  0.000e+00
    13.6850   0.000210      0.598  800524301  0.000e+00
    13.6908   0.000210      0.655  800524311  0.000e+00
    13.7003   0.000213      0.619  800524321  0.000e+00
    13.7049   0.000213      0.655  800524331  0.000e+00
    13.7088   0.000213      0.422  800524341  0.000e+00
    13.7107   0.000213      0.655  800524351  0.000e+00
    13.7138   0.000213      0.634  800524361  0.000e+00
    13.7157   0.000210      0.655  800524371  0.000e+00
    13.7219   0.000213      0.634  800524381  0.000e+00
    13.7284   0.000213      0.648  800524391  0.000e+00
    13.7315   0.000213      0.627  800524401  0.000e+00
    13.7355   0.000210      0.627  800524411  0.000e+00
    13.7375   0.000213      0.648  800524421  0.000e+00
    13.7398   0.000210      0.606  800524431  0.000e+00
    13.7433   0.000210      0.578  800524441  0.000e+00
    13.7457   0.000210      0.642  800524451  0.000e+00
    13.7514   0.000210      0.642  800524461  0.000e+00
    13.7538   0.000213      0.494  800524471  0.000e+00
    13.7564   0.000213      0.663  800524481  0.000e+00
    13.7585   0.000213      0.635  800524491  0.000e+00
    13.7603   0.000213      0.650  800524501  0.000e+00
    13.7646   0.000213      0.635  800524511  0.000e+00
    13.7680   0.000213      0.614  800524521  0.000e+00
    13.7728   0.000213      0.614  800524531  0.000e+00
    13.7765   0.000213      0.714  800524541  0.000e+00
    13.7762   0.000213      0.671  800524551  0.000e+00
    13.7773   0.000213      0.671  800524561  0.000e+00
    13.7792   0.000213      0.693  800524571  0.000e+00
    13.7842   0.000216      0.530  800524581  0.000e+00
    13.7841   0.000213      0.650  800524591  0.000e+00
    13.7839   0.000216      0.714  800524601  0.000e+00
    13.7870   0.000213      0.729  800524611  0.000e+00
    13.7907   0.000213      0.686  800524621  0.000e+00
    13.8004   0.000213      0.665  800524631  0.000e+00
    13.8064   0.000216      0.608  800524641  0.000e+00
    13.8082   0.000216      0.629  800524651  0.000e+00
    13.8113   0.000213      0.644  800524661  0.000e+00
    13.8154   0.000213      0.644  800524671  0.000e+00
    13.8236   0.000213      0.644  800524681  0.000e+00
    13.8251   0.000213      0.680  800524691  0.000e+00
    13.8297   0.000216      0.617  800524701  0.000e+00
    13.8330   0.000213      0.610  800524711  0.000e+00
    13.8367   0.000216      0.638  800524721  0.000e+00
    13.8428   0.000213      0.680  800524731  0.000e+00
    13.8421   0.000213      0.632  800524741  0.000e+00
    13.8449   0.000216      0.568  800524751  0.000e+00
    13.8535   0.000213      0.653  800524761  0.000e+00
    13.8584   0.000216      0.632  800524771  0.000e+00
    13.8600   0.000213      0.589  800524781  0.000e+00
    13.8644   0.000213      0.632  800524791  0.000e+00
    13.8653   0.000216      0.632  800524801  0.000e+00
    13.8659   0.000213      0.653  800524811  0.000e+00
    13.8676   0.000216      0.647  800524821  0.000e+00
    13.8746   0.000213      0.626  800524831  0.000e+00
    13.8723   0.000213      0.647  800524841  0.000e+00
    13.8734   0.000213      0.710  800524851  0.000e+00
    13.8735   0.000213      0.668  800524861  0.000e+00
    13.8836   0.000216      0.668  800524871  0.000e+00
    13.8933   0.000216      0.668  800524881  0.000e+00
    13.9092   0.000216      0.620  800524891  0.000e+00
    13.9146   0.000213      0.556  800524901  0.000e+00
    13.9146   0.000213      0.598  800524911  0.000e+00
    13.9166   0.000213      0.620  800524921  0.000e+00
    13.9187   0.000213      0.598  800524931  0.000e+00
    13.9191   0.000216      0.550  800524941  0.000e+00
    13.9211   0.000213      0.614  800524951  0.000e+00
    13.9228   0.000216      0.577  800524961  0.000e+00
    13.9198   0.000213      0.677  800524971  0.000e+00
    13.9210   0.000213      0.635  800524981  0.000e+00
    13.9287   0.000213      0.614  800524991  0.000e+00
    13.9402   0.000210      0.614  800525001  0.000e+00
    14.0975   0.000213      0.656  800525011  0.000e+00
    14.1006   0.000210      0.677  800525021  0.000e+00
    14.0653   0.000213      0.671  800525031  0.000e+00
    14.0834   0.000210      0.671  800525041  0.000e+00
    14.1052   0.000210      0.756  800525051  0.000e+00
    14.1217   0.000213      0.841  800525061  0.000e+00
    14.1350   0.000210      0.856  800525071  0.000e+00
    14.1488   0.000210      0.893  800525081  0.000e+00
    14.1606   0.000210      0.956  800525091  0.000e+00
    14.1699   0.000210      0.956  800525101  0.000e+00
    14.1785   0.000210      0.956  800525111  0.000e+00
    14.1875   0.000210      0.972  800525121  0.000e+00
    14.1972   0.000210      1.056  800525131  0.000e+00
    14.2055   0.000210      1.056  800525141  0.000e+00
    14.2147   0.000210      1.030  800525151  0.000e+00
    14.2217   0.000210      1.078  800525161  0.000e+00
    14.2278   0.000210      1.056  800525171  0.000e+00
    14.2364   0.000210      1.114  800525181  0.000e+00
    14.2489   0.000210      1.093  800525191  0.000e+00
    14.2595   0.000210      1.088  800525201  0.000e+00
    14.2708   0.000210      1.003  800525211  0.000e+00
    14.2823   0.000210      1.019  800525221  0.000e+00
    14.2927   0.000210      1.019  800525231  0.000e+00
    14.3053   0.000210      0.992  800525241  0.000e+00
    14.3164   0.000210      0.998  800525251  0.000e+00
    14.3209   0.000210      1.077  800525261  0.000e+00
    14.3325   0.000207      1.014  800525271  0.000e+00
    14.3424   0.000210      0.992  800525281  0.000e+00
    14.3539   0.000207      1.014  800525291  0.000e+00
    14.3644   0.000210      0.992  800525301  0.000e+00
    14.3752   0.000210      0.950  800525311  0.000e+00
    14.3853   0.000210      1.008  800525321  0.000e+00
    14.3895   0.000207      1.072  800525331  0.000e+00
    14.4004   0.000210      1.045  800525341  0.000e+00
    14.4102   0.000207      1.024  800525351  0.000e+00
    14.4223   0.000207      0.987  800525361  0.000e+00
    14.4350   0.000207      0.982  800525371  0.000e+00
    14.4487   0.000210      1.083  800525381  0.000e+00
    14.4613   0.000207      1.321  800525391  0.000e+00
    14.4738   0.000210      0.998  800525401  0.000e+00
    14.4854   0.000210      0.977  800525411  0.000e+00
    14.4976   0.000210      0.977  800525421  0.000e+00
    14.5078   0.000210      0.913  800525431  0.000e+00
    14.5197   0.000207      0.977  800525441  0.000e+00
    14.5316   0.000207      1.014  800525451  0.000e+00
    14.5450   0.000207      0.977  800525461  0.000e+00
    14.5583   0.000210      0.993  800525471  0.000e+00
    14.5705   0.000210      0.993  800525481  0.000e+00
    14.5836   0.000210      1.009  800525491  0.000e+00
    14.5963   0.000210      0.929  800525501  0.000e+00
    14.6089   0.000210      0.951  800525511  0.000e+00
    14.6212   0.000210      0.946  800525521  0.000e+00
    14.6335   0.000207      0.946  800525531  0.000e+00
    14.6453   0.000207      0.903  800525541  0.000e+00
    14.6572   0.000210      0.903  800525551  0.000e+00
    14.6710   0.000211      0.840  800525561  0.000e+00
