odissea/data/moor/raw/ce25007/microcat_cal_dip/cast13/23829_cal_dip_data.cnv
* Sea-Bird SBE37SMP-RS232  Data File:
* FileName = C:\CE25007_recovery_data\23829_cal_dip_data.hex
* Software version SeatermV2 2.8.0.119
* Temperature SN = 23829
* Conductivity SN = 23829
* System UpLoad Time = May 14 2025 09:25:46
* sample interval = 10 seconds
* <ApplicationData>
# nquan = 5
# nvalues = 1561                                  
# units = specified
# name 0 = tv290C: Temperature [ITS-90, deg C]
# name 1 = cond0S/m: Conductivity [S/m]
# name 2 = prdM: Pressure, Strain Gauge [db]
# name 3 = timeK: Time, Instrument [seconds]
# name 4 = flag:  0.000e+00
# span 0 =   -99.0000,   656.8541                 
# span 1 = -99.000000, 212.096382                 
# span 2 = -70064.104, 465929.789                 
# span 3 =          0, 4294967295                 
# span 4 = 0.0000e+00, 0.0000e+00                 
# interval = seconds: 10
# start_time = May 14 2025 04:15:01 [Instrument's time stamp, first data scan]
# bad_flag = -9.990e-29
*END*
[from data line 1143]
    10.5982   3.914676    264.118  800522731  0.000e+00
    10.6690   3.922518    255.637  800522741  0.000e+00
    10.7158   3.927404    248.991  800522751  0.000e+00
    10.7674   3.932390    241.726  800522761  0.000e+00
    10.8121   3.936838    234.461  800522771  0.000e+00
    10.8374   3.939283    227.115  800522781  0.000e+00
    10.8578   3.940928    219.829  800522791  0.000e+00
    10.8885   3.943858    212.245  800522801  0.000e+00
    10.9550   3.950277    204.024  800522811  0.000e+00
    10.9608   3.950695    196.825  800522821  0.000e+00
    11.0086   3.955440    189.114  800522831  0.000e+00
    11.0540   3.959660    181.364  800522841  0.000e+00
    11.0671   3.960929    174.106  800522851  0.000e+00
    11.0890   3.962838    166.097  800522861  0.000e+00
    11.1190   3.965514    158.348  800522871  0.000e+00
    11.1410   3.967501    151.045  800522881  0.000e+00
    11.2000   3.973330    143.233  800522891  0.000e+00
    11.2814   3.981861    135.674  800522901  0.000e+00
    11.3224   3.986353    127.927  800522911  0.000e+00
    11.3100   3.984877    120.330  800522921  0.000e+00
    11.3093   3.984423    112.302  800522931  0.000e+00
    11.3075   3.983659    105.194  800522941  0.000e+00
    11.2843   3.980254     97.341  800522951  0.000e+00
    11.3108   3.982547     90.045  800522961  0.000e+00
    11.2869   3.979361     82.489  800522971  0.000e+00
    11.3141   3.981492     75.406  800522981  0.000e+00
    11.3172   3.980736     68.644  800522991  0.000e+00
    11.3271   3.980719     61.391  800523001  0.000e+00
    11.3355   3.981124     53.773  800523011  0.000e+00
    11.4002   3.986342     46.539  800523021  0.000e+00
    11.4600   3.990821     38.733  800523031  0.000e+00
    11.5899   4.001547     31.073  800523041  0.000e+00
    11.5844   4.001744     30.845  800523051  0.000e+00
    11.7027   4.012188     30.205  800523061  0.000e+00
    11.6992   4.012626     30.674  800523071  0.000e+00
    11.6964   4.012803     30.742  800523081  0.000e+00
    11.6792   4.011764     30.446  800523091  0.000e+00
    11.6848   4.012139     30.617  800523101  0.000e+00
    11.6631   4.010436     31.001  800523111  0.000e+00
    11.6793   4.011764     30.873  800523121  0.000e+00
    11.6831   4.012266     30.386  800523131  0.000e+00
    11.7823   4.020917     28.703  800523141  0.000e+00
    12.0109   4.040699     26.914  800523151  0.000e+00
    12.0977   4.049928     24.653  800523161  0.000e+00
    12.1080   4.051800     22.779  800523171  0.000e+00
    12.1363   4.054892     20.624  800523181  0.000e+00
    12.2192   4.062593     18.469  800523191  0.000e+00
    12.2691   4.067655     14.141  800523201  0.000e+00
    12.3509   4.076075      7.513  800523211  0.000e+00
    12.3602   4.077248      5.295  800523221  0.000e+00
    12.3606   4.077646      4.743  800523231  0.000e+00
    12.3613   4.078016      5.170  800523241  0.000e+00
    12.3592   4.078044      5.152  800523251  0.000e+00
    12.3586   4.078073      5.347  800523261  0.000e+00
    12.3579   4.078151      5.219  800523271  0.000e+00
    12.3603   4.078442      5.009  800523281  0.000e+00
    12.3577   4.078165      4.927  800523291  0.000e+00
    12.3617   4.078613      4.951  800523301  0.000e+00
    12.3619   4.078713      5.143  800523311  0.000e+00
    12.3811   4.080240      0.965  800523321  0.000e+00
    12.3892   3.931927      0.584  800523331  0.000e+00
    12.4055   2.009910      0.587  800523341  0.000e+00
    12.4241   1.874780      0.566  800523351  0.000e+00
    12.4313   1.995333      0.548  800523361  0.000e+00
    12.4355   2.018894      0.569  800523371  0.000e+00
    12.4428   2.020265      0.508  800523381  0.000e+00
    12.4528   0.000033      0.514  800523391  0.000e+00
    12.4651  -0.000012      0.535  800523401  0.000e+00
    12.4800  -0.000012      0.496  800523411  0.000e+00
    12.4981  -0.000009      0.499  800523421  0.000e+00
    12.5174   0.000017      0.499  800523431  0.000e+00
    12.5350   0.000020      0.480  800523441  0.000e+00
    12.5530   0.000020      0.438  800523451  0.000e+00
    12.5720   0.000020      0.462  800523461  0.000e+00
    12.5881   0.000020      0.441  800523471  0.000e+00
    12.6054   0.000020      0.422  800523481  0.000e+00
    12.6220   0.000020      0.401  800523491  0.000e+00
    12.6386   0.000020      0.404  800523501  0.000e+00
    12.6569   0.000020      0.385  800523511  0.000e+00
    12.6747   0.000020      0.407  800523521  0.000e+00
    12.6939   0.000020      0.407  800523531  0.000e+00
    12.7138   0.000020      0.410  800523541  0.000e+00
    12.7337   0.000020      0.431  800523551  0.000e+00
    12.7504   0.000020      0.410  800523561  0.000e+00
    12.7686   0.000020      0.412  800523571  0.000e+00
    12.7857   0.000020      0.412  800523581  0.000e+00
    12.8038   0.000020      0.370  800523591  0.000e+00
    12.8242   0.000017      0.394  800523601  0.000e+00
    12.8389   0.000020      0.375  800523611  0.000e+00
    12.8574   0.000017      0.418  800523621  0.000e+00
    12.8742   0.000020      0.400  800523631  0.000e+00
    12.8915   0.000020      0.400  800523641  0.000e+00
    12.9104   0.000020      0.400  800523651  0.000e+00
    12.9284   0.000020      0.421  800523661  0.000e+00
    12.9468   0.000020      0.421  800523671  0.000e+00
    12.9657   0.000020      0.402  800523681  0.000e+00
    12.9851   0.000020      0.424  800523691  0.000e+00
    12.9988   0.000017      0.402  800523701  0.000e+00
    13.0157   0.000020      0.405  800523711  0.000e+00
    13.0325   0.000020      0.448  800523721  0.000e+00
    13.0474   0.000020      0.362  800523731  0.000e+00
    13.0618   0.000017      0.429  800523741  0.000e+00
    13.0777   0.000020      0.429  800523751  0.000e+00
    13.0935   0.000020      0.408  800523761  0.000e+00
    13.1088   0.000020      0.453  800523771  0.000e+00
    13.1232   0.000020      0.411  800523781  0.000e+00
    13.1383   0.000020      0.389  800523791  0.000e+00
    13.1506   0.000020      0.413  800523801  0.000e+00
    13.1657   0.000020      0.453  800523811  0.000e+00
    13.1802   0.000020      0.413  800523821  0.000e+00
    13.1917   0.000017      0.432  800523831  0.000e+00
    13.2046   0.000020      0.411  800523841  0.000e+00
    13.2138   0.000020      0.413  800523851  0.000e+00
    13.2243   0.000020      0.437  800523861  0.000e+00
    13.2340   0.000020      0.413  800523871  0.000e+00
    13.2459   0.000020      0.437  800523881  0.000e+00
    13.2574   0.000020      0.416  800523891  0.000e+00
    13.2666   0.000020      0.416  800523901  0.000e+00
    13.2762   0.000020      0.419  800523911  0.000e+00
    13.2840   0.000020      0.461  800523921  0.000e+00
    13.2928   0.000020      0.461  800523931  0.000e+00
    13.3013   0.000020      0.443  800523941  0.000e+00
    13.3090   0.000020      0.461  800523951  0.000e+00
    13.3192   0.000020      0.440  800523961  0.000e+00
    13.3287   0.000020      0.443  800523971  0.000e+00
    13.3362   0.000020      0.421  800523981  0.000e+00
    13.3480   0.000023      0.488  800523991  0.000e+00
    13.3420   0.000023      0.488  800524001  0.000e+00
    13.3632   0.000020      0.424  800524011  0.000e+00
    13.3771   0.000020      0.467  800524021  0.000e+00
    13.3875   0.000023      0.427  800524031  0.000e+00
    13.3948   0.000020      0.448  800524041  0.000e+00
    13.4013   0.000020      0.427  800524051  0.000e+00
    13.4040   0.000020      0.427  800524061  0.000e+00
    13.4093   0.000020      0.408  800524071  0.000e+00
    13.4127   0.000020      0.429  800524081  0.000e+00
    13.4133   0.000023      0.472  800524091  0.000e+00
    13.4122   0.000020      0.496  800524101  0.000e+00
    13.4173   0.000020      0.475  800524111  0.000e+00
    13.4201   0.000020      0.517  800524121  0.000e+00
    13.4224   0.000020      0.496  800524131  0.000e+00
    13.4242   0.000020      0.496  800524141  0.000e+00
    13.4280   0.000020      0.520  800524151  0.000e+00
    13.4318   0.000023      0.520  800524161  0.000e+00
    13.4344   0.000020      0.541  800524171  0.000e+00
    13.4375   0.000020      0.563  800524181  0.000e+00
    13.4403   0.000020      0.584  800524191  0.000e+00
    13.4412   0.000023      0.565  800524201  0.000e+00
    13.4433   0.000023      0.565  800524211  0.000e+00
    13.4461   0.000020      0.584  800524221  0.000e+00
    13.4484   0.000020      0.587  800524231  0.000e+00
    13.4501   0.000023      0.608  800524241  0.000e+00
    13.4529   0.000020      0.587  800524251  0.000e+00
    13.4579   0.000020      0.632  800524261  0.000e+00
    13.4604   0.000023      0.651  800524271  0.000e+00
    13.4632   0.000020      0.632  800524281  0.000e+00
    13.4668   0.000020      0.632  800524291  0.000e+00
    13.4702   0.000020      0.632  800524301  0.000e+00
    13.4742   0.000023      0.653  800524311  0.000e+00
    13.4783   0.000023      0.634  800524321  0.000e+00
    13.4811   0.000023      0.613  800524331  0.000e+00
    13.4875   0.000023      0.634  800524341  0.000e+00
    13.4915   0.000023      0.656  800524351  0.000e+00
    13.4962   0.000023      0.656  800524361  0.000e+00
    13.4996   0.000020      0.656  800524371  0.000e+00
    13.5045   0.000020      0.656  800524381  0.000e+00
    13.5095   0.000023      0.701  800524391  0.000e+00
    13.5130   0.000023      0.679  800524401  0.000e+00
    13.5196   0.000023      0.682  800524411  0.000e+00
    13.5244   0.000023      0.679  800524421  0.000e+00
    13.5295   0.000023      0.722  800524431  0.000e+00
    13.5356   0.000023      0.706  800524441  0.000e+00
    13.5418   0.000023      0.682  800524451  0.000e+00
    13.5468   0.000023      0.682  800524461  0.000e+00
    13.5506   0.000023      0.682  800524471  0.000e+00
    13.5564   0.000023      0.682  800524481  0.000e+00
    13.5616   0.000023      0.727  800524491  0.000e+00
    13.5672   0.000020      0.703  800524501  0.000e+00
    13.5727   0.000023      0.751  800524511  0.000e+00
    13.5778   0.000023      0.727  800524521  0.000e+00
    13.5823   0.000020      0.706  800524531  0.000e+00
    13.5886   0.000023      0.751  800524541  0.000e+00
    13.5961   0.000020      0.730  800524551  0.000e+00
    13.6037   0.000023      0.708  800524561  0.000e+00
    13.6122   0.000023      0.730  800524571  0.000e+00
    13.6195   0.000023      0.730  800524581  0.000e+00
    13.6264   0.000023      0.732  800524591  0.000e+00
    13.6337   0.000023      0.734  800524601  0.000e+00
    13.6463   0.000023      0.732  800524611  0.000e+00
    13.6570   0.000023      0.732  800524621  0.000e+00
    13.6667   0.000023      0.753  800524631  0.000e+00
    13.6760   0.000023      0.734  800524641  0.000e+00
    13.6866   0.000023      0.734  800524651  0.000e+00
    13.6962   0.000020      0.777  800524661  0.000e+00
    13.7058   0.000023      0.756  800524671  0.000e+00
    13.7145   0.000020      0.734  800524681  0.000e+00
    13.7225   0.000023      0.737  800524691  0.000e+00
    13.7287   0.000023      0.758  800524701  0.000e+00
    13.7379   0.000020      0.737  800524711  0.000e+00
    13.7486   0.000023      0.718  800524721  0.000e+00
    13.7587   0.000020      0.761  800524731  0.000e+00
    13.7679   0.000020      0.758  800524741  0.000e+00
    13.7770   0.000023      0.720  800524751  0.000e+00
    13.7850   0.000023      0.739  800524761  0.000e+00
    13.7928   0.000023      0.761  800524771  0.000e+00
    13.7872   0.000023      0.718  800524781  0.000e+00
    13.8052   0.000023      0.742  800524791  0.000e+00
    13.8165   0.000023      0.744  800524801  0.000e+00
    13.8307   0.000020      0.742  800524811  0.000e+00
    13.8447   0.000023      0.720  800524821  0.000e+00
    13.8555   0.000023      0.742  800524831  0.000e+00
    13.8639   0.000023      0.742  800524841  0.000e+00
    13.8750   0.000023      0.720  800524851  0.000e+00
    13.8843   0.000023      0.720  800524861  0.000e+00
    13.8936   0.000023      0.723  800524871  0.000e+00
    13.9033   0.000020      0.723  800524881  0.000e+00
    13.9127   0.000023      0.744  800524891  0.000e+00
    13.9226   0.000023      0.768  800524901  0.000e+00
    13.9308   0.000023      0.744  800524911  0.000e+00
    13.9398   0.000023      0.789  800524921  0.000e+00
    13.9489   0.000020      0.746  800524931  0.000e+00
    13.9575   0.000023      0.768  800524941  0.000e+00
    13.9670   0.000023      0.768  800524951  0.000e+00
    13.9755   0.000023      0.768  800524961  0.000e+00
    13.9831   0.000023      0.791  800524971  0.000e+00
    13.9919   0.000023      0.768  800524981  0.000e+00
    14.0009   0.000023      0.770  800524991  0.000e+00
    14.0110   0.000023      0.791  800525001  0.000e+00
    14.0213   0.000023      0.813  800525011  0.000e+00
    14.0331   0.000023      0.791  800525021  0.000e+00
    14.0687   0.000023      0.791  800525031  0.000e+00
    14.1257   0.000023      0.810  800525041  0.000e+00
    14.1633   0.000023      0.834  800525051  0.000e+00
    14.1729   0.000023      0.813  800525061  0.000e+00
    14.1755   0.000023      0.834  800525071  0.000e+00
    14.1836   0.000023      0.815  800525081  0.000e+00
    14.1973   0.000023      0.834  800525091  0.000e+00
    14.2091   0.000023      0.813  800525101  0.000e+00
    -1.7414   1.190790 -11767.051  170864567  0.000e+00
    -1.8293   1.281470 -11767.080  170864567  0.000e+00
    -1.9168   0.993086 -11767.066  170930103  0.000e+00
    -2.0040   0.792779 -10139.154    8716288  0.000e+00
    34.8627  -1.049051  -8680.761  134234388  0.000e+00
    99.0000  -0.283440  -1420.756 2147827720  0.000e+00
     2.9270 -99.000000  26464.302 1241876520  0.000e+00
   -20.3833 -99.000000 -13809.233  738722312  0.000e+00
   308.5930 -99.000000 -62442.317  436212648  0.000e+00
   -38.5739 -99.000000 100410.616   25299080  0.000e+00
   -30.1275  -0.174969   1343.086    5316608  0.000e+00
   139.8318   9.767470  -8190.484 2686459905  0.000e+00
   -30.2749  -1.046557  -4684.768  540017708  0.000e+00
   656.8541   1.717330 -10270.071     208928  0.000e+00
    18.1009  -0.880434 -10366.507     524813  0.000e+00
   -12.7324  -0.697344 -69929.979  637618468  0.000e+00
    58.9255  66.038519  13363.302   16853920  0.000e+00
    65.0101  -0.299642 -65911.878  277364736  0.000e+00
    19.5668  87.599750  75703.366 4255629307  0.000e+00
    99.0000 -99.000000 -32893.182 3590061815  0.000e+00
    99.0000 -99.000000 -54996.340 4160741964  0.000e+00
    99.0000 -99.000000 196421.349  668990719  0.000e+00
   -48.8634 -99.000000 248218.608 3210730749  0.000e+00
    99.0000 -99.000000   9918.788 2078276575  0.000e+00
    99.0000 -99.000000  25818.764 3086707710  0.000e+00
    99.0000 -99.000000 -34972.181 4009754607  0.000e+00
    99.0000 -99.000000 -70049.726 3990354559  0.000e+00
   -25.9470 -99.000000 106926.378 4223659759  0.000e+00
    99.0000 -99.000000 -65371.309 4290248191  0.000e+00
    99.0000 -99.000000  22903.717  494919423  0.000e+00
    99.0000 -99.000000 -52142.533 4002916335  0.000e+00
   -44.9431 -99.000000  66509.206 4271634363  0.000e+00
    99.0000 -99.000000  26483.456 2080364221  0.000e+00
    99.0000 -99.000000  42204.335 3221209087  0.000e+00
   -50.1549 -99.000000  -9843.283 2952785131  0.000e+00
    99.0000 -99.000000  -5314.263   33649667  0.000e+00
   -27.4036  -1.024216 -10844.539 1359231632  0.000e+00
   -26.3565  -0.356046   7082.820      33554  0.000e+00
    58.6747  -1.056057  61400.340 2551096838  0.000e+00
   458.1266  -1.038811 -69692.740   33817668  0.000e+00
   -27.0943 -99.000000  41020.517   33701956  0.000e+00
   -16.7435  87.156009   6026.028 2149639184  0.000e+00
   120.3756   3.367532   4366.326     524356  0.000e+00
    -5.4001   2.432208 -66406.530  135290937  0.000e+00
   128.2843  94.137633 113423.862  537398274  0.000e+00
    99.0000 -99.000000   1560.456   80740421  0.000e+00
   -99.0000   2.000429 -62405.607  705239782  0.000e+00
