odissea/data/moor/raw/ce25007/microcat_cal_dip/cast13/23829_cal_dip_data.cnv
* Sea-Bird SBE37SMP-RS232  Data File:
* FileName = C:\CE25007_recovery_data\23829_cal_dip_data.hex
* Software version SeatermV2 2.8.0.119
* Temperature SN = 23829
* Conductivity SN = 23829
* System UpLoad Time = May 14 2025 09:25:46
* sample interval = 10 seconds
* <ApplicationData>
# nquan = 5
# nvalues = 1561                                  
# units = specified
# name 0 = tv290C: Temperature [ITS-90, deg C]
# name 1 = cond0S/m: Conductivity [S/m]
# name 2 = prdM: Pressure, Strain Gauge [db]
# name 3 = timeK: Time, Instrument [seconds]
# name 4 = flag:  0.000e+00
# span 0 =   -99.0000,   656.8541                 
# span 1 = -99.000000, 212.096382                 
# span 2 = -70064.104, 465929.789                 
# span 3 =          0, 4294967295                 
# span 4 = 0.0000e+00, 0.0000e+00                 
# interval = seconds: 10
# start_time = May 14 2025 04:15:01 [Instrument's time stamp, first data scan]
# bad_flag = -9.990e-29
*END*
[from data line 858]
     4.5761   3.358571   1215.024  800519881  0.000e+00
     4.5769   3.358710   1214.959  800519891  0.000e+00
     4.5749   3.358525   1214.931  800519901  0.000e+00
     4.5735   3.358374   1215.138  800519911  0.000e+00
     4.5737   3.358374   1214.729  800519921  0.000e+00
     4.5811   3.358873   1210.513  800519931  0.000e+00
     4.5774   3.358080   1202.581  800519941  0.000e+00
     4.6036   3.359737   1194.486  800519951  0.000e+00
     4.6110   3.360037   1186.255  800519961  0.000e+00
     4.6715   3.364936   1178.211  800519971  0.000e+00
     4.7345   3.370933   1170.109  800519981  0.000e+00
     4.7712   3.374275   1162.102  800519991  0.000e+00
     4.8430   3.380674   1153.507  800520001  0.000e+00
     4.9218   3.388274   1145.221  800520011  0.000e+00
     4.9852   3.394274   1138.239  800520021  0.000e+00
     4.9861   3.394682   1131.058  800520031  0.000e+00
     5.0691   3.402294   1123.754  800520041  0.000e+00
     5.0785   3.403337   1116.273  800520051  0.000e+00
     5.0811   3.403714   1113.155  800520061  0.000e+00
     5.0832   3.404104   1113.097  800520071  0.000e+00
     5.0913   3.405038   1113.456  800520081  0.000e+00
     5.0931   3.405349   1113.220  800520091  0.000e+00
     5.0959   3.405627   1112.818  800520101  0.000e+00
     5.0934   3.405554   1113.491  800520111  0.000e+00
     5.0876   3.405051   1113.298  800520121  0.000e+00
     5.0859   3.404932   1113.240  800520131  0.000e+00
     5.0857   3.404919   1112.939  800520141  0.000e+00
     5.0857   3.404965   1113.332  800520151  0.000e+00
     5.0866   3.405045   1113.483  800520161  0.000e+00
     5.0894   3.405156   1110.458  800520171  0.000e+00
     5.1146   3.407007   1102.024  800520181  0.000e+00
     5.1474   3.409707   1093.948  800520191  0.000e+00
     5.1955   3.413825   1085.501  800520201  0.000e+00
     5.2532   3.419013   1077.254  800520211  0.000e+00
     5.3064   3.423879   1068.893  800520221  0.000e+00
     5.3187   3.424991   1060.469  800520231  0.000e+00
     5.3704   3.429509   1052.109  800520241  0.000e+00
     5.4238   3.434400   1043.886  800520251  0.000e+00
     5.4977   3.441143   1037.010  800520261  0.000e+00
     5.5391   3.445070   1029.704  800520271  0.000e+00
     5.5625   3.447356   1022.584  800520281  0.000e+00
     5.5973   3.450554   1015.123  800520291  0.000e+00
     5.6283   3.453421   1008.248  800520301  0.000e+00
     5.6986   3.459971   1000.865  800520311  0.000e+00
     5.7242   3.462501    993.003  800520321  0.000e+00
     5.7486   3.464711    985.534  800520331  0.000e+00
     5.8064   3.469755    977.351  800520341  0.000e+00
     5.8386   3.472755    969.797  800520351  0.000e+00
     5.8861   3.477096    962.308  800520361  0.000e+00
     5.9358   3.481661    954.620  800520371  0.000e+00
     5.9768   3.485559    947.025  800520381  0.000e+00
     5.9742   3.485552    944.190  800520391  0.000e+00
     5.9776   3.486079    943.853  800520401  0.000e+00
     5.9846   3.486875    944.218  800520411  0.000e+00
     5.9871   3.487249    944.776  800520421  0.000e+00
     5.9910   3.487623    944.203  800520431  0.000e+00
     5.9991   3.488458    943.485  800520441  0.000e+00
     5.9986   3.488599    944.129  800520451  0.000e+00
     6.0020   3.488906    943.914  800520461  0.000e+00
     5.9963   3.488452    944.200  800520471  0.000e+00
     5.9959   3.488418    944.457  800520481  0.000e+00
     5.9969   3.488505    943.948  800520491  0.000e+00
     6.0016   3.489006    943.948  800520501  0.000e+00
     6.0048   3.489159    941.850  800520511  0.000e+00
     6.0575   3.493556    934.427  800520521  0.000e+00
     6.0676   3.494302    926.525  800520531  0.000e+00
     6.1626   3.502784    918.909  800520541  0.000e+00
     6.2346   3.509183    911.261  800520551  0.000e+00
     6.2670   3.512517    903.839  800520561  0.000e+00
     6.3108   3.516362    895.924  800520571  0.000e+00
     6.3666   3.521624    888.089  800520581  0.000e+00
     6.4350   3.527755    880.948  800520591  0.000e+00
     6.4532   3.529732    873.157  800520601  0.000e+00
     6.5486   3.538462    865.393  800520611  0.000e+00
     6.5590   3.539509    859.734  800520621  0.000e+00
     6.5513   3.539254    859.933  800520631  0.000e+00
     6.5696   3.541069    860.555  800520641  0.000e+00
     6.5786   3.542017    859.997  800520651  0.000e+00
     6.5818   3.542386    859.917  800520661  0.000e+00
     6.5782   3.542245    859.703  800520671  0.000e+00
     6.5760   3.542165    860.524  800520681  0.000e+00
     6.5798   3.542588    860.202  800520691  0.000e+00
     6.5759   3.542272    859.993  800520701  0.000e+00
     6.5759   3.542279    860.208  800520711  0.000e+00
     6.5805   3.542743    859.999  800520721  0.000e+00
     6.6423   3.548169    854.119  800520731  0.000e+00
     6.7119   3.554263    845.670  800520741  0.000e+00
     6.5721   3.539784    837.565  800520751  0.000e+00
     6.7724   3.558365    829.117  800520761  0.000e+00
     6.7768   3.558059    820.385  800520771  0.000e+00
     6.8687   3.566142    813.219  800520781  0.000e+00
     6.9071   3.569767    805.781  800520791  0.000e+00
     7.0016   3.578610    798.509  800520801  0.000e+00
     7.0153   3.579641    790.942  800520811  0.000e+00
     7.0355   3.581333    783.263  800520821  0.000e+00
     7.1351   3.590126    775.977  800520831  0.000e+00
     7.1837   3.594342    768.899  800520841  0.000e+00
     7.2457   3.600211    761.356  800520851  0.000e+00
     7.2718   3.602415    753.748  800520861  0.000e+00
     7.3313   3.607286    746.077  800520871  0.000e+00
     7.4075   3.614634    739.280  800520881  0.000e+00
     7.4273   3.615987    731.309  800520891  0.000e+00
     7.4862   3.621368    723.660  800520901  0.000e+00
     7.8473   3.656605    716.129  800520911  0.000e+00
     7.9733   3.671244    708.417  800520921  0.000e+00
     7.9587   3.670739    706.750  800520931  0.000e+00
     7.9911   3.674511    707.179  800520941  0.000e+00
     7.9932   3.675309    707.228  800520951  0.000e+00
     7.9904   3.675555    706.939  800520961  0.000e+00
     7.9908   3.675841    707.137  800520971  0.000e+00
     7.9901   3.675903    707.164  800520981  0.000e+00
     7.9919   3.676278    706.971  800520991  0.000e+00
     7.9867   3.675896    707.260  800521001  0.000e+00
     7.9922   3.676517    707.282  800521011  0.000e+00
     7.9940   3.676715    707.330  800521021  0.000e+00
     7.9945   3.676844    706.741  800521031  0.000e+00
     7.9960   3.676987    706.805  800521041  0.000e+00
     7.9952   3.676960    707.218  800521051  0.000e+00
     7.9941   3.676885    706.923  800521061  0.000e+00
     7.9967   3.677124    707.164  800521071  0.000e+00
     7.9967   3.677179    707.014  800521081  0.000e+00
     7.9956   3.677070    707.475  800521091  0.000e+00
     7.9973   3.677172    706.553  800521101  0.000e+00
     7.9981   3.677308    706.923  800521111  0.000e+00
     7.9987   3.677349    707.271  800521121  0.000e+00
     7.9979   3.677308    707.191  800521131  0.000e+00
     7.9966   3.677199    706.912  800521141  0.000e+00
     7.9997   3.677499    706.703  800521151  0.000e+00
     8.0016   3.677629    706.703  800521161  0.000e+00
     7.9985   3.677404    706.686  800521171  0.000e+00
     8.0002   3.677547    706.799  800521181  0.000e+00
     7.9974   3.677068    703.819  800521191  0.000e+00
     8.1197   3.687852    696.021  800521201  0.000e+00
     8.1217   3.688061    688.133  800521211  0.000e+00
     8.2007   3.694954    680.850  800521221  0.000e+00
     8.1655   3.692281    680.486  800521231  0.000e+00
     8.1369   3.689862    681.129  800521241  0.000e+00
     8.1505   3.690976    681.027  800521251  0.000e+00
     8.1579   3.691755    681.032  800521261  0.000e+00
     8.1602   3.692035    680.818  800521271  0.000e+00
     8.1809   3.694045    680.394  800521281  0.000e+00
     8.1828   3.694250    680.909  800521291  0.000e+00
     8.1928   3.695173    681.209  800521301  0.000e+00
     8.1963   3.695542    680.635  800521311  0.000e+00
     8.1897   3.695091    680.656  800521321  0.000e+00
     8.2356   3.698801    673.653  800521331  0.000e+00
     8.3022   3.704996    665.851  800521341  0.000e+00
     8.3571   3.709806    658.115  800521351  0.000e+00
     8.3997   3.713494    650.105  800521361  0.000e+00
     8.4878   3.720762    642.241  800521371  0.000e+00
     8.5403   3.725573    634.205  800521381  0.000e+00
     8.6093   3.731086    626.347  800521391  0.000e+00
     8.7079   3.739988    618.982  800521401  0.000e+00
     8.7670   3.745578    610.798  800521411  0.000e+00
     8.7911   3.747831    605.163  800521421  0.000e+00
     8.7549   3.745040    605.168  800521431  0.000e+00
     8.7763   3.747034    605.323  800521441  0.000e+00
     8.7813   3.747838    605.987  800521451  0.000e+00
     8.7886   3.748443    605.328  800521461  0.000e+00
     8.7923   3.748876    605.649  800521471  0.000e+00
     8.7911   3.748897    605.504  800521481  0.000e+00
     8.7917   3.749027    605.526  800521491  0.000e+00
     8.7900   3.748924    605.445  800521501  0.000e+00
     8.7926   3.749172    605.814  800521511  0.000e+00
     8.7901   3.748938    605.755  800521521  0.000e+00
     8.8024   3.749734    600.613  800521531  0.000e+00
     8.8619   3.754663    593.099  800521541  0.000e+00
     9.0091   3.768423    584.959  800521551  0.000e+00
     9.0745   3.774829    577.056  800521561  0.000e+00
     9.1102   3.778426    569.222  800521571  0.000e+00
     9.1479   3.781955    561.255  800521581  0.000e+00
     9.2064   3.787515    553.079  800521591  0.000e+00
     9.2541   3.792188    545.481  800521601  0.000e+00
     9.3618   3.802503    537.863  800521611  0.000e+00
     9.4207   3.808531    530.043  800521621  0.000e+00
     9.4530   3.812017    523.025  800521631  0.000e+00
     9.4712   3.813779    516.393  800521641  0.000e+00
     9.4684   3.813278    508.990  800521651  0.000e+00
     9.4534   3.811248    502.054  800521661  0.000e+00
     9.5226   3.817420    494.588  800521671  0.000e+00
     9.5704   3.822232    486.801  800521681  0.000e+00
     9.5831   3.823421    479.523  800521691  0.000e+00
     9.6105   3.826073    472.144  800521701  0.000e+00
     9.6593   3.830611    464.615  800521711  0.000e+00
     9.6724   3.831739    457.424  800521721  0.000e+00
     9.6650   3.831212    455.866  800521731  0.000e+00
     9.6757   3.832266    455.571  800521741  0.000e+00
     9.6790   3.832738    455.871  800521751  0.000e+00
     9.6789   3.832835    455.704  800521761  0.000e+00
     9.6785   3.832890    455.880  800521771  0.000e+00
     9.6771   3.832821    455.884  800521781  0.000e+00
     9.6783   3.832960    456.034  800521791  0.000e+00
     9.6778   3.832904    455.798  800521801  0.000e+00
     9.6752   3.832744    455.829  800521811  0.000e+00
     9.6760   3.832772    455.824  800521821  0.000e+00
     9.6761   3.832786    456.004  800521831  0.000e+00
     9.6755   3.832752    456.261  800521841  0.000e+00
     9.6740   3.832543    455.431  800521851  0.000e+00
     9.6751   3.832696    455.735  800521861  0.000e+00
     9.6711   3.832328    456.142  800521871  0.000e+00
     9.6737   3.832627    456.013  800521881  0.000e+00
     9.6752   3.832731    455.675  800521891  0.000e+00
     9.6741   3.832633    455.722  800521901  0.000e+00
     9.6741   3.832613    455.872  800521911  0.000e+00
     9.6760   3.832793    456.107  800521921  0.000e+00
     9.6766   3.832842    456.026  800521931  0.000e+00
     9.6760   3.832765    455.684  800521941  0.000e+00
     9.6750   3.832724    455.577  800521951  0.000e+00
     9.6721   3.832453    456.137  800521961  0.000e+00
     9.6722   3.832460    456.223  800521971  0.000e+00
     9.6726   3.832474    455.581  800521981  0.000e+00
     9.6728   3.832460    455.761  800521991  0.000e+00
     9.6704   3.832280    456.120  800522001  0.000e+00
     9.6711   3.832363    456.274  800522011  0.000e+00
     9.6726   3.832439    455.671  800522021  0.000e+00
     9.6734   3.832529    455.590  800522031  0.000e+00
     9.6695   3.832141    456.296  800522041  0.000e+00
     9.6697   3.832190    456.189  800522051  0.000e+00
     9.6692   3.832086    455.915  800522061  0.000e+00
     9.6701   3.832183    455.872  800522071  0.000e+00
     9.6689   3.832106    455.962  800522081  0.000e+00
     9.6699   3.832259    456.176  800522091  0.000e+00
     9.6709   3.832273    455.940  800522101  0.000e+00
     9.6676   3.831954    456.133  800522111  0.000e+00
     9.6692   3.832120    455.919  800522121  0.000e+00
     9.6696   3.832176    456.009  800522131  0.000e+00
     9.6704   3.832203    455.795  800522141  0.000e+00
     9.6672   3.831884    456.030  800522151  0.000e+00
     9.6692   3.832072    455.731  800522161  0.000e+00
     9.6676   3.832009    456.398  800522171  0.000e+00
     9.6677   3.832030    455.842  800522181  0.000e+00
     9.6690   3.832099    455.778  800522191  0.000e+00
     9.6680   3.832002    455.885  800522201  0.000e+00
     9.6689   3.832100    456.163  800522211  0.000e+00
     9.6686   3.832037    456.103  800522221  0.000e+00
     9.6663   3.831794    456.184  800522231  0.000e+00
     9.6685   3.832058    455.735  800522241  0.000e+00
     9.6680   3.831982    456.060  800522251  0.000e+00
     9.6684   3.832037    456.167  800522261  0.000e+00
     9.6684   3.832065    456.039  800522271  0.000e+00
     9.6863   3.833352    448.917  800522281  0.000e+00
     9.7646   3.840296    440.464  800522291  0.000e+00
     9.8109   3.844299    432.693  800522301  0.000e+00
     9.8906   3.851869    424.523  800522311  0.000e+00
     9.9482   3.857553    416.432  800522321  0.000e+00
     9.9903   3.861257    408.306  800522331  0.000e+00
    10.0523   3.867038    401.268  800522341  0.000e+00
    10.0903   3.870948    393.969  800522351  0.000e+00
    10.0676   3.868286    387.150  800522361  0.000e+00
    10.0860   3.869738    379.984  800522371  0.000e+00
    10.0715   3.867744    372.306  800522381  0.000e+00
    10.1205   3.872254    365.381  800522391  0.000e+00
    10.2559   3.886630    357.660  800522401  0.000e+00
    10.2465   3.886057    353.383  800522411  0.000e+00
    10.2402   3.885729    353.644  800522421  0.000e+00
    10.2386   3.885757    353.729  800522431  0.000e+00
    10.2365   3.885590    353.729  800522441  0.000e+00
    10.2284   3.884669    354.161  800522451  0.000e+00
    10.2275   3.884572    354.033  800522461  0.000e+00
    10.2275   3.884613    353.862  800522471  0.000e+00
    10.2273   3.884648    353.481  800522481  0.000e+00
    10.2283   3.884739    353.887  800522491  0.000e+00
    10.2279   3.884753    353.656  800522501  0.000e+00
    10.2292   3.884892    353.930  800522511  0.000e+00
    10.2317   3.885073    352.206  800522521  0.000e+00
    10.2507   3.886604    343.798  800522531  0.000e+00
    10.1985   3.880423    335.633  800522541  0.000e+00
    10.0307   3.861074    327.419  800522551  0.000e+00
    10.0611   3.862281    319.704  800522561  0.000e+00
    10.1086   3.865939    311.606  800522571  0.000e+00
    10.1411   3.868080    304.551  800522581  0.000e+00
    10.1298   3.867188    302.990  800522591  0.000e+00
    10.1295   3.867244    303.336  800522601  0.000e+00
    10.1331   3.867369    303.140  800522611  0.000e+00
    10.1370   3.867871    303.251  800522621  0.000e+00
    10.1376   3.867947    303.015  800522631  0.000e+00
    10.1351   3.867766    303.443  800522641  0.000e+00
    10.1390   3.868038    302.870  800522651  0.000e+00
    10.1414   3.868302    303.208  800522661  0.000e+00
    10.1406   3.868302    303.383  800522671  0.000e+00
    10.1401   3.868254    302.955  800522681  0.000e+00
    10.1405   3.867910    296.268  800522691  0.000e+00
    10.2520   3.878028    288.419  800522701  0.000e+00
    10.3601   3.888903    280.276  800522711  0.000e+00
