odissea/data/moor/raw/ce25007/microcat_cal_dip/cast13/23829_cal_dip_data.cnv
* Sea-Bird SBE37SMP-RS232  Data File:
* FileName = C:\CE25007_recovery_data\23829_cal_dip_data.hex
* Software version SeatermV2 2.8.0.119
* Temperature SN = 23829
* Conductivity SN = 23829
* System UpLoad Time = May 14 2025 09:25:46
* sample interval = 10 seconds
* <ApplicationData>
# nquan = 5
# nvalues = 1561                                  
# units = specified
# name 0 = tv290C: Temperature [ITS-90, deg C]
# name 1 = cond0S/m: Conductivity [S/m]
# name 2 = prdM: Pressure, Strain Gauge [db]
# name 3 = timeK: Time, Instrument [seconds]
# name 4 = flag:  0.000e+00
# span 0 =   -99.0000,   656.8541                 
# span 1 = -99.000000, 212.096382                 
# span 2 = -70064.104, 465929.789                 
# span 3 =          0, 4294967295                 
# span 4 = 0.0000e+00, 0.0000e+00                 
# interval = seconds: 10
# start_time = May 14 2025 04:15:01 [Instrument's time stamp, first data scan]
# bad_flag = -9.990e-29
*END*
[from data line 572]
     3.4148   3.284433   2028.981  800517021  0.000e+00
     3.4142   3.284420   2029.075  800517031  0.000e+00
     3.4143   3.284452   2029.170  800517041  0.000e+00
     3.4142   3.284439   2029.032  800517051  0.000e+00
     3.4144   3.284446   2028.621  800517061  0.000e+00
     3.4144   3.284426   2028.650  800517071  0.000e+00
     3.4134   3.284387   2029.270  800517081  0.000e+00
     3.4134   3.284374   2029.126  800517091  0.000e+00
     3.4139   3.284393   2028.174  800517101  0.000e+00
     3.4139   3.284426   2029.177  800517111  0.000e+00
     3.4140   3.284413   2028.910  800517121  0.000e+00
     3.4135   3.284400   2029.040  800517131  0.000e+00
     3.4135   3.284387   2028.939  800517141  0.000e+00
     3.4136   3.284406   2028.831  800517151  0.000e+00
     3.4122   3.284322   2029.459  800517161  0.000e+00
     3.4116   3.284204   2028.485  800517171  0.000e+00
     3.4114   3.284204   2029.272  800517181  0.000e+00
     3.4114   3.284211   2029.221  800517191  0.000e+00
     3.4108   3.284165   2029.026  800517201  0.000e+00
     3.4111   3.284158   2028.550  800517211  0.000e+00
     3.4111   3.284178   2028.709  800517221  0.000e+00
     3.4117   3.284224   2029.163  800517231  0.000e+00
     3.4117   3.284230   2029.264  800517241  0.000e+00
     3.4118   3.284224   2028.831  800517251  0.000e+00
     3.4120   3.284230   2028.644  800517261  0.000e+00
     3.4118   3.284250   2029.077  800517271  0.000e+00
     3.4105   3.284165   2029.380  800517281  0.000e+00
     3.4090   3.284015   2029.055  800517291  0.000e+00
     3.4064   3.283806   2029.077  800517301  0.000e+00
     3.4048   3.283662   2028.990  800517311  0.000e+00
     3.4060   3.283754   2029.128  800517321  0.000e+00
     3.4078   3.283884   2029.380  800517331  0.000e+00
     3.4104   3.284054   2028.976  800517341  0.000e+00
     3.4115   3.284139   2028.493  800517351  0.000e+00
     3.4116   3.284165   2028.760  800517361  0.000e+00
     3.4106   3.284113   2029.128  800517371  0.000e+00
     3.4093   3.284008   2029.120  800517381  0.000e+00
     3.4113   3.284139   2028.803  800517391  0.000e+00
     3.4103   3.284106   2029.214  800517401  0.000e+00
     3.4115   3.284145   2028.414  800517411  0.000e+00
     3.4159   3.284201   2020.733  800517421  0.000e+00
     3.4283   3.284858   2012.880  800517431  0.000e+00
     3.4444   3.285894   2005.028  800517441  0.000e+00
     3.4510   3.286186   1997.024  800517451  0.000e+00
     3.4545   3.286177   1989.467  800517461  0.000e+00
     3.4625   3.286494   1981.494  800517471  0.000e+00
     3.4754   3.287269   1973.340  800517481  0.000e+00
     3.4801   3.287410   1965.511  800517491  0.000e+00
     3.4889   3.287891   1957.726  800517501  0.000e+00
     3.5034   3.288783   1949.509  800517511  0.000e+00
     3.5201   3.289937   1941.789  800517521  0.000e+00
     3.5438   3.291673   1934.143  800517531  0.000e+00
     3.5729   3.293938   1926.071  800517541  0.000e+00
     3.5561   3.292624   1925.681  800517551  0.000e+00
     3.5697   3.293833   1924.990  800517561  0.000e+00
     3.5750   3.294337   1925.775  800517571  0.000e+00
     3.5755   3.294467   1925.257  800517581  0.000e+00
     3.5765   3.294644   1925.840  800517591  0.000e+00
     3.5765   3.294696   1926.057  800517601  0.000e+00
     3.5769   3.294742   1925.711  800517611  0.000e+00
     3.5774   3.294768   1925.062  800517621  0.000e+00
     3.5774   3.294833   1926.078  800517631  0.000e+00
     3.5779   3.294833   1925.365  800517641  0.000e+00
     3.5779   3.294853   1925.386  800517651  0.000e+00
     3.5786   3.294918   1925.783  800517661  0.000e+00
     3.5786   3.294892   1925.156  800517671  0.000e+00
     3.5788   3.294846   1923.837  800517681  0.000e+00
     3.5794   3.294484   1916.033  800517691  0.000e+00
     3.5840   3.294455   1908.034  800517701  0.000e+00
     3.5957   3.295132   1899.863  800517711  0.000e+00
     3.6305   3.297745   1891.757  800517721  0.000e+00
     3.6350   3.297867   1883.594  800517731  0.000e+00
     3.6382   3.297832   1875.727  800517741  0.000e+00
     3.6421   3.297633   1867.355  800517751  0.000e+00
     3.6490   3.297879   1859.295  800517761  0.000e+00
     3.6650   3.298890   1851.623  800517771  0.000e+00
     3.6725   3.299286   1844.565  800517781  0.000e+00
     3.6785   3.299533   1837.715  800517791  0.000e+00
     3.6820   3.299602   1830.448  800517801  0.000e+00
     3.6818   3.299417   1824.722  800517811  0.000e+00
     3.6816   3.299424   1824.759  800517821  0.000e+00
     3.6814   3.299450   1824.622  800517831  0.000e+00
     3.6820   3.299516   1824.730  800517841  0.000e+00
     3.6824   3.299555   1824.716  800517851  0.000e+00
     3.6833   3.299653   1824.629  800517861  0.000e+00
     3.6835   3.299692   1824.867  800517871  0.000e+00
     3.6840   3.299699   1824.608  800517881  0.000e+00
     3.6835   3.299692   1824.651  800517891  0.000e+00
     3.6832   3.299705   1825.198  800517901  0.000e+00
     3.6828   3.299633   1824.507  800517911  0.000e+00
     3.6825   3.299627   1824.932  800517921  0.000e+00
     3.6825   3.299653   1825.069  800517931  0.000e+00
     3.6826   3.299640   1825.148  800517941  0.000e+00
     3.6825   3.299627   1824.694  800517951  0.000e+00
     3.6826   3.299640   1824.572  800517961  0.000e+00
     3.6831   3.299646   1824.737  800517971  0.000e+00
     3.6827   3.299673   1825.198  800517981  0.000e+00
     3.6827   3.299646   1824.745  800517991  0.000e+00
     3.6826   3.299627   1824.637  800518001  0.000e+00
     3.6823   3.299620   1825.033  800518011  0.000e+00
     3.6825   3.299640   1824.896  800518021  0.000e+00
     3.6823   3.299633   1824.860  800518031  0.000e+00
     3.6826   3.299640   1825.242  800518041  0.000e+00
     3.6823   3.299640   1825.076  800518051  0.000e+00
     3.6823   3.299594   1824.882  800518061  0.000e+00
     3.6821   3.299581   1824.903  800518071  0.000e+00
     3.6818   3.299607   1825.422  800518081  0.000e+00
     3.6818   3.299575   1824.860  800518091  0.000e+00
     3.6816   3.299575   1824.990  800518101  0.000e+00
     3.6816   3.299555   1824.644  800518111  0.000e+00
     3.6817   3.299555   1825.004  800518121  0.000e+00
     3.6813   3.299542   1824.752  800518131  0.000e+00
     3.6814   3.299522   1824.903  800518141  0.000e+00
     3.6814   3.299529   1825.206  800518151  0.000e+00
     3.6813   3.299542   1825.119  800518161  0.000e+00
     3.6815   3.299516   1824.529  800518171  0.000e+00
     3.6815   3.299529   1825.055  800518181  0.000e+00
     3.6813   3.299535   1824.947  800518191  0.000e+00
     3.6813   3.299535   1825.033  800518201  0.000e+00
     3.6815   3.299522   1824.990  800518211  0.000e+00
     3.6813   3.299529   1824.932  800518221  0.000e+00
     3.6815   3.299529   1825.076  800518231  0.000e+00
     3.6808   3.299516   1825.141  800518241  0.000e+00
     3.6810   3.299522   1825.148  800518251  0.000e+00
     3.6809   3.299476   1824.803  800518261  0.000e+00
     3.6807   3.299470   1825.141  800518271  0.000e+00
     3.6810   3.299233   1819.048  800518281  0.000e+00
     3.6800   3.298825   1811.574  800518291  0.000e+00
     3.6824   3.298678   1803.775  800518301  0.000e+00
     3.6857   3.298604   1795.847  800518311  0.000e+00
     3.6844   3.298209   1788.071  800518321  0.000e+00
     3.6905   3.298318   1780.296  800518331  0.000e+00
     3.6907   3.298067   1772.722  800518341  0.000e+00
     3.7120   3.299437   1764.530  800518351  0.000e+00
     3.7181   3.299697   1757.101  800518361  0.000e+00
     3.7208   3.299642   1749.507  800518371  0.000e+00
     3.7239   3.299548   1741.957  800518381  0.000e+00
     3.7264   3.299473   1734.169  800518391  0.000e+00
     3.7320   3.299635   1726.749  800518401  0.000e+00
     3.7318   3.299496   1722.841  800518411  0.000e+00
     3.7304   3.299463   1723.294  800518421  0.000e+00
     3.7323   3.299640   1723.165  800518431  0.000e+00
     3.7326   3.299646   1723.064  800518441  0.000e+00
     3.7329   3.299705   1723.078  800518451  0.000e+00
     3.7331   3.299725   1723.078  800518461  0.000e+00
     3.7331   3.299758   1723.640  800518471  0.000e+00
     3.7333   3.299771   1723.273  800518481  0.000e+00
     3.7332   3.299764   1722.971  800518491  0.000e+00
     3.7332   3.299810   1723.661  800518501  0.000e+00
     3.7333   3.299790   1723.338  800518511  0.000e+00
     3.7333   3.299797   1722.877  800518521  0.000e+00
     3.7360   3.299736   1717.005  800518531  0.000e+00
     3.7079   3.296536   1708.880  800518541  0.000e+00
     3.7245   3.297553   1700.979  800518551  0.000e+00
     3.7367   3.298283   1692.640  800518561  0.000e+00
     3.7553   3.299660   1684.718  800518571  0.000e+00
     3.7592   3.299769   1676.711  800518581  0.000e+00
     3.7720   3.300545   1668.618  800518591  0.000e+00
     3.7773   3.300797   1660.654  800518601  0.000e+00
     3.7854   3.301128   1652.713  800518611  0.000e+00
     3.7932   3.301466   1644.729  800518621  0.000e+00
     3.8079   3.302432   1637.349  800518631  0.000e+00
     3.8102   3.302423   1630.121  800518641  0.000e+00
     3.8185   3.302768   1622.922  800518651  0.000e+00
     3.8173   3.302747   1620.959  800518661  0.000e+00
     3.8187   3.302826   1620.477  800518671  0.000e+00
     3.8228   3.303218   1620.606  800518681  0.000e+00
     3.8267   3.303637   1621.196  800518691  0.000e+00
     3.8301   3.303925   1621.024  800518701  0.000e+00
     3.8322   3.304187   1620.980  800518711  0.000e+00
     3.8336   3.304305   1620.700  800518721  0.000e+00
     3.8333   3.304338   1621.024  800518731  0.000e+00
     3.8332   3.304324   1620.786  800518741  0.000e+00
     3.8334   3.304357   1621.139  800518751  0.000e+00
     3.8335   3.304350   1620.527  800518761  0.000e+00
     3.8334   3.304357   1620.916  800518771  0.000e+00
     3.8327   3.304325   1621.268  800518781  0.000e+00
     3.8337   3.304357   1620.535  800518791  0.000e+00
     3.8329   3.304305   1621.009  800518801  0.000e+00
     3.8325   3.304305   1620.923  800518811  0.000e+00
     3.8325   3.304318   1621.268  800518821  0.000e+00
     3.8332   3.304337   1620.664  800518831  0.000e+00
     3.8330   3.304351   1620.966  800518841  0.000e+00
     3.8327   3.304338   1621.247  800518851  0.000e+00
     3.8329   3.304337   1620.578  800518861  0.000e+00
     3.8330   3.304337   1620.642  800518871  0.000e+00
     3.8331   3.304344   1621.254  800518881  0.000e+00
     3.8330   3.304344   1620.858  800518891  0.000e+00
     3.8327   3.304344   1621.009  800518901  0.000e+00
     3.8340   3.304403   1620.707  800518911  0.000e+00
     3.8334   3.304390   1621.333  800518921  0.000e+00
     3.8337   3.304410   1621.009  800518931  0.000e+00
     3.8348   3.304488   1620.412  800518941  0.000e+00
     3.8347   3.304495   1620.988  800518951  0.000e+00
     3.8340   3.304449   1621.182  800518961  0.000e+00
     3.8349   3.304501   1620.865  800518971  0.000e+00
     3.8344   3.304475   1620.909  800518981  0.000e+00
     3.8353   3.304521   1620.714  800518991  0.000e+00
     3.8350   3.304540   1621.182  800519001  0.000e+00
     3.8365   3.304619   1620.664  800519011  0.000e+00
     3.8359   3.304586   1621.189  800519021  0.000e+00
     3.8360   3.304612   1620.995  800519031  0.000e+00
     3.8364   3.304625   1620.671  800519041  0.000e+00
     3.8361   3.304619   1620.628  800519051  0.000e+00
     3.8365   3.304684   1621.211  800519061  0.000e+00
     3.8367   3.304671   1620.628  800519071  0.000e+00
     3.8482   3.305291   1613.811  800519081  0.000e+00
     3.8548   3.305609   1605.613  800519091  0.000e+00
     3.8636   3.306136   1597.696  800519101  0.000e+00
     3.8761   3.306933   1589.564  800519111  0.000e+00
     3.8968   3.308455   1581.238  800519121  0.000e+00
     3.9067   3.308976   1572.827  800519131  0.000e+00
     3.9207   3.309923   1564.898  800519141  0.000e+00
     3.9319   3.310713   1557.558  800519151  0.000e+00
     3.9389   3.311110   1549.903  800519161  0.000e+00
     3.9431   3.311219   1542.205  800519171  0.000e+00
     3.9488   3.311427   1534.809  800519181  0.000e+00
     3.9592   3.312099   1527.485  800519191  0.000e+00
     3.9635   3.312234   1519.781  800519201  0.000e+00
     3.9624   3.312135   1518.660  800519211  0.000e+00
     3.9631   3.312240   1518.251  800519221  0.000e+00
     3.9637   3.312325   1518.387  800519231  0.000e+00
     3.9638   3.312391   1518.732  800519241  0.000e+00
     3.9643   3.312430   1518.452  800519251  0.000e+00
     3.9648   3.312502   1518.617  800519261  0.000e+00
     3.9644   3.312456   1518.279  800519271  0.000e+00
     3.9648   3.312548   1519.070  800519281  0.000e+00
     3.9640   3.312469   1518.710  800519291  0.000e+00
     3.9645   3.312483   1518.710  800519301  0.000e+00
     3.9640   3.312384   1516.360  800519311  0.000e+00
     3.9705   3.312597   1508.449  800519321  0.000e+00
     3.9822   3.313269   1500.494  800519331  0.000e+00
     3.9936   3.313961   1492.605  800519341  0.000e+00
     4.0034   3.314535   1484.629  800519351  0.000e+00
     4.0228   3.315994   1476.705  800519361  0.000e+00
     4.0361   3.316994   1468.989  800519371  0.000e+00
     4.0524   3.318145   1461.015  800519381  0.000e+00
     4.0637   3.318896   1452.798  800519391  0.000e+00
     4.0708   3.319327   1444.918  800519401  0.000e+00
     4.0870   3.320544   1437.240  800519411  0.000e+00
     4.0855   3.320128   1430.352  800519421  0.000e+00
     4.0958   3.320742   1423.091  800519431  0.000e+00
     4.1606   3.326473   1416.025  800519441  0.000e+00
     4.1910   3.329345   1408.642  800519451  0.000e+00
     4.1910   3.329060   1400.837  800519461  0.000e+00
     4.1513   3.324897   1393.212  800519471  0.000e+00
     4.1524   3.324495   1385.788  800519481  0.000e+00
     4.1642   3.325142   1378.070  800519491  0.000e+00
     4.1812   3.326274   1370.819  800519501  0.000e+00
     4.1867   3.326647   1365.951  800519511  0.000e+00
     4.1774   3.325866   1366.490  800519521  0.000e+00
     4.1807   3.326260   1366.518  800519531  0.000e+00
     4.1823   3.326378   1366.066  800519541  0.000e+00
     4.1859   3.326719   1366.647  800519551  0.000e+00
     4.1868   3.326844   1366.540  800519561  0.000e+00
     4.1911   3.327224   1366.288  800519571  0.000e+00
     4.1916   3.327303   1366.044  800519581  0.000e+00
     4.1910   3.327310   1366.870  800519591  0.000e+00
     4.1925   3.327428   1366.374  800519601  0.000e+00
     4.1935   3.327520   1366.417  800519611  0.000e+00
     4.1952   3.327630   1364.156  800519621  0.000e+00
     4.2079   3.328396   1356.231  800519631  0.000e+00
     4.2652   3.333303   1348.393  800519641  0.000e+00
     4.3440   3.340389   1340.232  800519651  0.000e+00
     4.3917   3.345383   1332.394  800519661  0.000e+00
     4.4159   3.347590   1324.966  800519671  0.000e+00
     4.4231   3.348252   1316.943  800519681  0.000e+00
     4.4342   3.349097   1308.590  800519691  0.000e+00
     4.4486   3.350009   1301.055  800519701  0.000e+00
     4.4351   3.348481   1293.478  800519711  0.000e+00
     4.3915   3.344039   1285.342  800519721  0.000e+00
     4.4052   3.344615   1277.292  800519731  0.000e+00
     4.4407   3.347499   1269.479  800519741  0.000e+00
     4.4673   3.349655   1262.169  800519751  0.000e+00
     4.5096   3.353205   1253.798  800519761  0.000e+00
     4.5234   3.354394   1246.438  800519771  0.000e+00
     4.5518   3.356834   1238.914  800519781  0.000e+00
     4.5707   3.358445   1231.613  800519791  0.000e+00
     4.5858   3.359668   1224.046  800519801  0.000e+00
     4.5927   3.360146   1216.639  800519811  0.000e+00
     4.5858   3.359520   1215.096  800519821  0.000e+00
     4.5774   3.358696   1214.688  800519831  0.000e+00
     4.5743   3.358354   1215.060  800519841  0.000e+00
     4.5729   3.358242   1214.952  800519851  0.000e+00
     4.5729   3.358262   1214.931  800519861  0.000e+00
