odissea/data/moor/raw/ce25007/microcat_cal_dip/cast13/23829_cal_dip_data.cnv
* Sea-Bird SBE37SMP-RS232  Data File:
* FileName = C:\CE25007_recovery_data\23829_cal_dip_data.hex
* Software version SeatermV2 2.8.0.119
* Temperature SN = 23829
* Conductivity SN = 23829
* System UpLoad Time = May 14 2025 09:25:46
* sample interval = 10 seconds
* <ApplicationData>
# nquan = 5
# nvalues = 1561                                  
# units = specified
# name 0 = tv290C: Temperature [ITS-90, deg C]
# name 1 = cond0S/m: Conductivity [S/m]
# name 2 = prdM: Pressure, Strain Gauge [db]
# name 3 = timeK: Time, Instrument [seconds]
# name 4 = flag:  0.000e+00
# span 0 =   -99.0000,   656.8541                 
# span 1 = -99.000000, 212.096382                 
# span 2 = -70064.104, 465929.789                 
# span 3 =          0, 4294967295                 
# span 4 = 0.0000e+00, 0.0000e+00                 
# interval = seconds: 10
# start_time = May 14 2025 04:15:01 [Instrument's time stamp, first data scan]
# bad_flag = -9.990e-29
*END*
[from data line 286]
     4.1734   3.327696   1385.129  800514161  0.000e+00
     4.1507   3.326086   1395.318  800514171  0.000e+00
     4.1312   3.324639   1405.150  800514181  0.000e+00
     4.1040   3.322333   1414.767  800514191  0.000e+00
     4.0563   3.318324   1425.345  800514201  0.000e+00
     4.0473   3.317665   1435.343  800514211  0.000e+00
     4.0388   3.317164   1445.140  800514221  0.000e+00
     4.0225   3.316007   1455.348  800514231  0.000e+00
     4.0180   3.315918   1465.104  800514241  0.000e+00
     4.0274   3.317285   1475.135  800514251  0.000e+00
     3.9958   3.314902   1484.791  800514261  0.000e+00
     3.9770   3.313399   1495.016  800514271  0.000e+00
     3.9510   3.311293   1504.680  800514281  0.000e+00
     3.9452   3.311021   1514.756  800514291  0.000e+00
     3.9341   3.310369   1524.739  800514301  0.000e+00
     3.9247   3.309868   1534.478  800514311  0.000e+00
     3.9166   3.309524   1544.433  800514321  0.000e+00
     3.9090   3.309174   1554.654  800514331  0.000e+00
     3.8919   3.307979   1564.712  800514341  0.000e+00
     3.8848   3.307798   1574.460  800514351  0.000e+00
     3.8698   3.306944   1584.677  800514361  0.000e+00
     3.8470   3.305174   1595.031  800514371  0.000e+00
     3.8358   3.304437   1605.687  800514381  0.000e+00
     3.8307   3.304343   1616.051  800514391  0.000e+00
     3.8134   3.303194   1626.148  800514401  0.000e+00
     3.8042   3.302726   1636.454  800514411  0.000e+00
     3.7849   3.301349   1646.956  800514421  0.000e+00
     3.7850   3.301784   1657.746  800514431  0.000e+00
     3.7822   3.301899   1667.990  800514441  0.000e+00
     3.7624   3.300672   1678.004  800514451  0.000e+00
     3.7566   3.300532   1688.617  800514461  0.000e+00
     3.7566   3.300967   1698.762  800514471  0.000e+00
     3.7475   3.300656   1709.441  800514481  0.000e+00
     3.7196   3.298534   1719.760  800514491  0.000e+00
     3.7113   3.298164   1730.160  800514501  0.000e+00
     3.7098   3.298422   1740.236  800514511  0.000e+00
     3.7080   3.298700   1750.579  800514521  0.000e+00
     3.7050   3.299031   1760.945  800514531  0.000e+00
     3.7100   3.300002   1770.714  800514541  0.000e+00
     3.6979   3.299443   1781.146  800514551  0.000e+00
     3.6872   3.298962   1791.147  800514561  0.000e+00
     3.6832   3.299063   1800.889  800514571  0.000e+00
     3.6793   3.299138   1810.624  800514581  0.000e+00
     3.6760   3.299227   1820.778  800514591  0.000e+00
     3.6685   3.299021   1831.034  800514601  0.000e+00
     3.6657   3.299148   1840.930  800514611  0.000e+00
     3.6636   3.299354   1850.718  800514621  0.000e+00
     3.6459   3.298396   1860.803  800514631  0.000e+00
     3.6383   3.298000   1870.888  800514641  0.000e+00
     3.6320   3.297912   1880.837  800514651  0.000e+00
     3.6229   3.297791   1890.780  800514661  0.000e+00
     3.6021   3.296493   1900.911  800514671  0.000e+00
     3.5757   3.294580   1910.956  800514681  0.000e+00
     3.5621   3.293734   1921.073  800514691  0.000e+00
     3.5549   3.293397   1930.946  800514701  0.000e+00
     3.5366   3.292178   1941.109  800514711  0.000e+00
     3.5264   3.291626   1951.272  800514721  0.000e+00
     3.5101   3.290642   1961.320  800514731  0.000e+00
     3.5102   3.290972   1971.744  800514741  0.000e+00
     3.4961   3.290211   1981.866  800514751  0.000e+00
     3.4693   3.288379   1991.946  800514761  0.000e+00
     3.4610   3.287938   2002.213  800514771  0.000e+00
     3.4424   3.286772   2012.805  800514781  0.000e+00
     3.4319   3.286220   2022.873  800514791  0.000e+00
     3.4206   3.285622   2032.717  800514801  0.000e+00
     3.4075   3.284881   2043.031  800514811  0.000e+00
     3.3950   3.284225   2053.136  800514821  0.000e+00
     3.3908   3.284176   2062.823  800514831  0.000e+00
     3.3839   3.283990   2073.255  800514841  0.000e+00
     3.3662   3.282877   2083.059  800514851  0.000e+00
     3.3469   3.281672   2093.319  800514861  0.000e+00
     3.3184   3.279685   2103.290  800514871  0.000e+00
     3.3004   3.278533   2113.616  800514881  0.000e+00
     3.2792   3.277042   2123.531  800514891  0.000e+00
     3.2527   3.275186   2133.375  800514901  0.000e+00
     3.2321   3.273781   2143.306  800514911  0.000e+00
     3.2007   3.271528   2153.469  800514921  0.000e+00
     3.1788   3.269940   2163.769  800514931  0.000e+00
     3.1649   3.268992   2174.042  800514941  0.000e+00
     3.1433   3.267529   2183.932  800514951  0.000e+00
     3.1162   3.265642   2193.853  800514961  0.000e+00
     3.0867   3.263463   2203.896  800514971  0.000e+00
     3.0673   3.262073   2214.026  800514981  0.000e+00
     3.0389   3.259992   2224.252  800514991  0.000e+00
     3.0205   3.258720   2234.240  800515001  0.000e+00
     2.9923   3.256672   2244.250  800515011  0.000e+00
     2.9759   3.255524   2254.535  800515021  0.000e+00
     2.9509   3.253738   2264.547  800515031  0.000e+00
     2.9264   3.252036   2274.342  800515041  0.000e+00
     2.9128   3.251103   2284.564  800515051  0.000e+00
     2.9043   3.250644   2294.939  800515061  0.000e+00
     2.8881   3.249594   2304.888  800515071  0.000e+00
     2.8792   3.249077   2314.600  800515081  0.000e+00
     2.8799   3.249431   2324.673  800515091  0.000e+00
     2.8729   3.249187   2334.733  800515101  0.000e+00
     2.8720   3.249202   2338.714  800515111  0.000e+00
     2.8660   3.248917   2344.807  800515121  0.000e+00
     2.8572   3.248452   2352.960  800515131  0.000e+00
     2.8495   3.248084   2361.114  800515141  0.000e+00
     2.8456   3.248028   2369.086  800515151  0.000e+00
     2.8441   3.248141   2377.067  800515161  0.000e+00
     2.8409   3.248182   2385.605  800515171  0.000e+00
     2.8392   3.248354   2393.673  800515181  0.000e+00
     2.8346   3.248043   2397.027  800515191  0.000e+00
     2.8236   3.247303   2401.930  800515201  0.000e+00
     2.8118   3.246447   2407.071  800515211  0.000e+00
     2.8102   3.246422   2411.843  800515221  0.000e+00
     2.8082   3.246306   2414.533  800515231  0.000e+00
     2.8062   3.246105   2414.633  800515241  0.000e+00
     2.8050   3.245936   2414.959  800515251  0.000e+00
     2.8050   3.245903   2414.785  800515261  0.000e+00
     2.8079   3.246124   2414.604  800515271  0.000e+00
     2.8079   3.246118   2414.604  800515281  0.000e+00
     2.8081   3.246144   2415.029  800515291  0.000e+00
     2.8078   3.246131   2415.029  800515301  0.000e+00
     2.8084   3.246144   2414.639  800515311  0.000e+00
     2.8079   3.246118   2414.769  800515321  0.000e+00
     2.8089   3.246189   2414.769  800515331  0.000e+00
     2.8094   3.246209   2414.718  800515341  0.000e+00
     2.8092   3.246222   2415.217  800515351  0.000e+00
     2.8093   3.246209   2414.775  800515361  0.000e+00
     2.8089   3.246202   2414.948  800515371  0.000e+00
     2.8092   3.246228   2414.775  800515381  0.000e+00
     2.8094   3.246248   2415.013  800515391  0.000e+00
     2.8096   3.246274   2415.100  800515401  0.000e+00
     2.8096   3.246261   2414.862  800515411  0.000e+00
     2.8097   3.246248   2414.905  800515421  0.000e+00
     2.8102   3.246300   2415.266  800515431  0.000e+00
     2.8098   3.246293   2415.135  800515441  0.000e+00
     2.8095   3.246248   2414.940  800515451  0.000e+00
     2.8096   3.246267   2415.135  800515461  0.000e+00
     2.8098   3.246261   2414.780  800515471  0.000e+00
     2.8098   3.246254   2414.550  800515481  0.000e+00
     2.8097   3.246274   2414.759  800515491  0.000e+00
     2.8101   3.246293   2415.214  800515501  0.000e+00
     2.8099   3.246287   2415.358  800515511  0.000e+00
     2.8097   3.246261   2415.119  800515521  0.000e+00
     2.8100   3.246261   2414.759  800515531  0.000e+00
     2.8097   3.246254   2414.715  800515541  0.000e+00
     2.8097   3.246248   2414.816  800515551  0.000e+00
     2.8095   3.246241   2414.889  800515561  0.000e+00
     2.8092   3.246248   2415.236  800515571  0.000e+00
     2.8092   3.246222   2414.620  800515581  0.000e+00
     2.8084   3.246137   2414.577  800515591  0.000e+00
     2.8078   3.246092   2415.141  800515601  0.000e+00
     2.8084   3.246137   2414.859  800515611  0.000e+00
     2.8083   3.246131   2414.599  800515621  0.000e+00
     2.8090   3.246163   2415.098  800515631  0.000e+00
     2.8084   3.246177   2415.480  800515641  0.000e+00
     2.8091   3.246209   2415.263  800515651  0.000e+00
     2.8093   3.246209   2414.829  800515661  0.000e+00
     2.8097   3.246241   2415.306  800515671  0.000e+00
     2.8081   3.246144   2415.119  800515681  0.000e+00
     2.8081   3.246150   2415.350  800515691  0.000e+00
     2.8084   3.246131   2414.677  800515701  0.000e+00
     2.8093   3.246202   2414.981  800515711  0.000e+00
     2.8092   3.246235   2415.502  800515721  0.000e+00
     2.8096   3.246235   2414.894  800515731  0.000e+00
     2.8097   3.246248   2415.263  800515741  0.000e+00
     2.8091   3.246209   2415.436  800515751  0.000e+00
     2.8096   3.246228   2414.989  800515761  0.000e+00
     2.8091   3.246189   2414.504  800515771  0.000e+00
     2.8088   3.246163   2415.016  800515781  0.000e+00
     2.8086   3.246170   2415.428  800515791  0.000e+00
     2.8083   3.246157   2415.393  800515801  0.000e+00
     2.8087   3.246163   2415.198  800515811  0.000e+00
     2.8073   3.246046   2414.756  800515821  0.000e+00
     2.8069   3.246001   2415.103  800515831  0.000e+00
     2.8066   3.245994   2415.168  800515841  0.000e+00
     2.8067   3.245981   2414.908  800515851  0.000e+00
     2.8071   3.246014   2415.016  800515861  0.000e+00
     2.8077   3.246066   2415.580  800515871  0.000e+00
     2.8081   3.246092   2414.981  800515881  0.000e+00
     2.8083   3.246118   2415.024  800515891  0.000e+00
     2.8081   3.246111   2415.190  800515901  0.000e+00
     2.8080   3.246131   2415.407  800515911  0.000e+00
     2.8086   3.246131   2415.125  800515921  0.000e+00
     2.8084   3.246124   2414.943  800515931  0.000e+00
     2.8084   3.246144   2415.537  800515941  0.000e+00
     2.8086   3.246163   2415.342  800515951  0.000e+00
     2.8081   3.246125   2415.624  800515961  0.000e+00
     2.8080   3.246092   2415.190  800515971  0.000e+00
     2.8089   3.246157   2414.677  800515981  0.000e+00
     2.8084   3.246124   2415.363  800515991  0.000e+00
     2.8089   3.246196   2415.247  800516001  0.000e+00
     2.8097   3.246241   2415.255  800516011  0.000e+00
     2.8094   3.246235   2415.333  800516021  0.000e+00
     2.8095   3.246228   2414.864  800516031  0.000e+00
     2.8093   3.246241   2415.320  800516041  0.000e+00
     2.8093   3.246202   2414.929  800516051  0.000e+00
     2.8087   3.246176   2415.060  800516061  0.000e+00
     2.8090   3.246229   2415.832  800516071  0.000e+00
     2.8094   3.246222   2414.908  800516081  0.000e+00
     2.8094   3.246209   2414.769  800516091  0.000e+00
     2.8094   3.246228   2414.929  800516101  0.000e+00
     2.8094   3.246235   2415.255  800516111  0.000e+00
     2.8096   3.246261   2415.615  800516121  0.000e+00
     2.8098   3.246248   2414.639  800516131  0.000e+00
     2.8098   3.246248   2415.038  800516141  0.000e+00
     2.8101   3.246280   2415.255  800516151  0.000e+00
     2.8099   3.246254   2415.146  800516161  0.000e+00
     2.8098   3.246267   2415.051  800516171  0.000e+00
     2.8102   3.246267   2414.900  800516181  0.000e+00
     2.8102   3.246188   2412.123  800516191  0.000e+00
     2.8155   3.246297   2405.008  800516201  0.000e+00
     2.8347   3.247627   2397.958  800516211  0.000e+00
     2.8419   3.248008   2389.984  800516221  0.000e+00
     2.8425   3.247817   2381.908  800516231  0.000e+00
     2.8449   3.247730   2374.108  800516241  0.000e+00
     2.8453   3.247533   2366.670  800516251  0.000e+00
     2.8460   3.247297   2359.570  800516261  0.000e+00
     2.8449   3.247205   2359.210  800516271  0.000e+00
     2.8453   3.247277   2359.462  800516281  0.000e+00
     2.8455   3.247322   2359.375  800516291  0.000e+00
     2.8459   3.247342   2358.950  800516301  0.000e+00
     2.8461   3.247388   2359.787  800516311  0.000e+00
     2.8458   3.247375   2359.514  800516321  0.000e+00
     2.8459   3.247400   2359.362  800516331  0.000e+00
     2.8458   3.247394   2359.297  800516341  0.000e+00
     2.8463   3.247426   2359.232  800516351  0.000e+00
     2.8459   3.247440   2360.012  800516361  0.000e+00
     2.8465   3.247446   2359.145  800516371  0.000e+00
     2.8465   3.247341   2356.348  800516381  0.000e+00
     2.8505   3.247339   2348.490  800516391  0.000e+00
     2.8576   3.247616   2341.017  800516401  0.000e+00
     2.8610   3.247692   2335.329  800516411  0.000e+00
     2.8586   3.247523   2335.510  800516421  0.000e+00
     2.8648   3.247846   2330.003  800516431  0.000e+00
     2.8674   3.247799   2322.884  800516441  0.000e+00
     2.8746   3.248128   2315.153  800516451  0.000e+00
     2.8749   3.247885   2307.435  800516461  0.000e+00
     2.8778   3.247791   2298.973  800516471  0.000e+00
     2.8987   3.249180   2291.387  800516481  0.000e+00
     2.9027   3.249308   2283.744  800516491  0.000e+00
     2.9089   3.249552   2275.890  800516501  0.000e+00
     2.9331   3.251234   2268.002  800516511  0.000e+00
     2.9615   3.253248   2260.005  800516521  0.000e+00
     2.9940   3.255790   2251.887  800516531  0.000e+00
     2.9966   3.255872   2244.238  800516541  0.000e+00
     3.0070   3.256533   2236.265  800516551  0.000e+00
     3.0262   3.257839   2228.392  800516561  0.000e+00
     3.0315   3.258116   2220.614  800516571  0.000e+00
     3.0418   3.258778   2212.888  800516581  0.000e+00
     3.0845   3.261848   2204.968  800516591  0.000e+00
     3.0947   3.262614   2197.378  800516601  0.000e+00
     3.1145   3.263947   2189.646  800516611  0.000e+00
     3.1246   3.264694   2182.347  800516621  0.000e+00
     3.1437   3.266034   2175.337  800516631  0.000e+00
     3.1448   3.266058   2168.537  800516641  0.000e+00
     3.1517   3.266407   2161.469  800516651  0.000e+00
     3.1663   3.267337   2153.798  800516661  0.000e+00
     3.1866   3.268703   2146.471  800516671  0.000e+00
     3.1979   3.269463   2139.333  800516681  0.000e+00
     3.2279   3.271592   2131.379  800516691  0.000e+00
     3.2227   3.271305   2129.929  800516701  0.000e+00
     3.2303   3.272022   2129.655  800516711  0.000e+00
     3.2308   3.272185   2129.850  800516721  0.000e+00
     3.2308   3.272329   2130.197  800516731  0.000e+00
     3.2317   3.272394   2129.590  800516741  0.000e+00
     3.2312   3.272414   2130.067  800516751  0.000e+00
     3.2300   3.272342   2130.421  800516761  0.000e+00
     3.2311   3.272413   2129.937  800516771  0.000e+00
     3.2319   3.272511   2130.218  800516781  0.000e+00
     3.2313   3.272472   2130.183  800516791  0.000e+00
     3.2312   3.272485   2129.923  800516801  0.000e+00
     3.2310   3.272472   2130.161  800516811  0.000e+00
     3.2309   3.272485   2130.039  800516821  0.000e+00
     3.2365   3.272752   2126.697  800516831  0.000e+00
     3.2584   3.274138   2118.925  800516841  0.000e+00
     3.2720   3.275049   2111.161  800516851  0.000e+00
     3.2773   3.275222   2103.649  800516861  0.000e+00
     3.2849   3.275592   2095.670  800516871  0.000e+00
     3.3007   3.276567   2087.856  800516881  0.000e+00
     3.3266   3.278326   2079.970  800516891  0.000e+00
     3.3473   3.279857   2072.048  800516901  0.000e+00
     3.3586   3.280592   2064.503  800516911  0.000e+00
     3.3688   3.281184   2057.059  800516921  0.000e+00
     3.3868   3.282448   2048.923  800516931  0.000e+00
     3.3942   3.282811   2041.263  800516941  0.000e+00
     3.4035   3.283311   2033.539  800516951  0.000e+00
     3.4104   3.283753   2028.692  800516961  0.000e+00
     3.4122   3.284034   2029.068  800516971  0.000e+00
     3.4137   3.284198   2028.916  800516981  0.000e+00
     3.4146   3.284354   2029.068  800516991  0.000e+00
     3.4144   3.284380   2029.125  800517001  0.000e+00
