odissea/data/moor/raw/ce25007/microcat_cal_dip/cast13/23830_cal_dip_data.cnv
* Sea-Bird SBE37SMP-RS232  Data File:
* FileName = C:\CE25007_recovery_data\23830_cal_dip_data.hex
* Software version SeatermV2 2.8.0.119
* Temperature SN = 23830
* Conductivity SN = 23830
* System UpLoad Time = May 14 2025 13:28:54
* sample interval = 10 seconds
* <ApplicationData>
# nquan = 5
# nvalues = 1338                                  
# units = specified
# name 0 = tv290C: Temperature [ITS-90, deg C]
# name 1 = cond0S/m: Conductivity [S/m]
# name 2 = prdM: Pressure, Strain Gauge [db]
# name 3 = timeK: Time, Instrument [seconds]
# name 4 = flag:  0.000e+00
# span 0 =     2.8046,    15.3511                 
# span 1 =  -0.000041,   4.087830                 
# span 2 =      0.376,   2415.399                 
# span 3 =  800452801,  800524661                 
# span 4 = 0.0000e+00, 0.0000e+00                 
# interval = seconds: 10
# start_time = May 13 2025 12:00:01 [Instrument's time stamp, first data scan]
# bad_flag = -9.990e-29
*END*
[from data line 1143]
    10.5113   3.903734    271.806  800522721  0.000e+00
    10.6047   3.913235    263.464  800522731  0.000e+00
    10.6709   3.922117    255.272  800522741  0.000e+00
    10.7139   3.926621    248.603  800522751  0.000e+00
    10.7660   3.931289    241.142  800522761  0.000e+00
    10.8123   3.936298    233.980  800522771  0.000e+00
    10.8373   3.938933    226.649  800522781  0.000e+00
    10.8618   3.941265    219.318  800522791  0.000e+00
    10.8880   3.943760    211.706  800522801  0.000e+00
    10.9533   3.949919    203.519  800522811  0.000e+00
    10.9600   3.950845    196.403  800522821  0.000e+00
    11.0087   3.955273    188.515  800522831  0.000e+00
    11.0534   3.959602    180.865  800522841  0.000e+00
    11.0667   3.960990    173.599  800522851  0.000e+00
    11.0904   3.963035    165.563  800522861  0.000e+00
    11.1219   3.965909    157.849  800522871  0.000e+00
    11.1381   3.967500    150.608  800522881  0.000e+00
    11.2165   3.974761    142.744  800522891  0.000e+00
    11.2847   3.981953    135.053  800522901  0.000e+00
    11.3213   3.986206    127.534  800522911  0.000e+00
    11.3067   3.984646    119.864  800522921  0.000e+00
    11.3076   3.984514    111.789  800522931  0.000e+00
    11.3075   3.983940    104.612  800522941  0.000e+00
    11.2910   3.981354     96.859  800522951  0.000e+00
    11.3117   3.982975     89.557  800522961  0.000e+00
    11.2932   3.980342     81.997  800522971  0.000e+00
    11.3147   3.981998     75.015  800522981  0.000e+00
    11.3126   3.980738     68.183  800522991  0.000e+00
    11.3289   3.981177     60.796  800523001  0.000e+00
    11.3364   3.981493     53.323  800523011  0.000e+00
    11.4046   3.986881     46.085  800523021  0.000e+00
    11.4690   3.991414     38.164  800523031  0.000e+00
    11.5932   4.001825     30.756  800523041  0.000e+00
    11.6606   4.008126     30.757  800523051  0.000e+00
    11.7055   4.013116     30.308  800523061  0.000e+00
    11.6930   4.012652     30.650  800523071  0.000e+00
    11.6929   4.013048     30.845  800523081  0.000e+00
    11.6854   4.012516     30.330  800523091  0.000e+00
    11.6795   4.012216     30.674  800523101  0.000e+00
    11.6586   4.010689     30.824  800523111  0.000e+00
    11.6714   4.011609     30.889  800523121  0.000e+00
    11.6687   4.011418     30.375  800523131  0.000e+00
    11.7816   4.020863     28.556  800523141  0.000e+00
    12.0048   4.040451     26.843  800523151  0.000e+00
    12.1014   4.050779     24.532  800523161  0.000e+00
    12.1092   4.052497     22.691  800523171  0.000e+00
    12.1449   4.056076     20.315  800523181  0.000e+00
    12.2213   4.063275     18.325  800523191  0.000e+00
    12.2679   4.067777     13.787  800523201  0.000e+00
    12.3508   4.075737      7.001  800523211  0.000e+00
    12.3560   4.077198      5.267  800523221  0.000e+00
    12.3595   4.077849      4.691  800523231  0.000e+00
    12.3574   4.078090      5.119  800523241  0.000e+00
    12.3580   4.078316      5.076  800523251  0.000e+00
    12.3589   4.078550      5.206  800523261  0.000e+00
    12.3569   4.078426      5.056  800523271  0.000e+00
    12.3581   4.078632      5.099  800523281  0.000e+00
    12.3582   4.078701      4.928  800523291  0.000e+00
    12.3601   4.078865      4.951  800523301  0.000e+00
    12.3615   4.079064      4.951  800523311  0.000e+00
    12.3814   4.080470      0.841  800523321  0.000e+00
    12.3872   3.899673      0.478  800523331  0.000e+00
    12.3863   2.321389      0.435  800523341  0.000e+00
    12.3837   2.040180      0.456  800523351  0.000e+00
    12.3841   2.001021      0.479  800523361  0.000e+00
    12.3861   2.046203      0.457  800523371  0.000e+00
    12.3904   2.046659      0.500  800523381  0.000e+00
    12.3972   0.637875      0.458  800523391  0.000e+00
    12.4054  -0.000008      0.480  800523401  0.000e+00
    12.4155   0.000019      0.480  800523411  0.000e+00
    12.4239   0.000016      0.437  800523421  0.000e+00
    12.4345   0.000031      0.481  800523431  0.000e+00
    12.4457   0.000019      0.396  800523441  0.000e+00
    12.4584   0.000016      0.438  800523451  0.000e+00
    12.4726   0.000016      0.417  800523461  0.000e+00
    12.4838   0.000016      0.460  800523471  0.000e+00
    12.4971   0.000016      0.439  800523481  0.000e+00
    12.5102   0.000016      0.439  800523491  0.000e+00
    12.5231   0.000016      0.418  800523501  0.000e+00
    12.5371   0.000016      0.418  800523511  0.000e+00
    12.5511   0.000016      0.397  800523521  0.000e+00
    12.5656   0.000016      0.397  800523531  0.000e+00
    12.5805   0.000016      0.397  800523541  0.000e+00
    12.5931   0.000016      0.419  800523551  0.000e+00
    12.6084   0.000016      0.376  800523561  0.000e+00
    12.6209   0.000016      0.440  800523571  0.000e+00
    12.6348   0.000016      0.419  800523581  0.000e+00
    12.6489   0.000016      0.420  800523591  0.000e+00
    12.6630   0.000016      0.398  800523601  0.000e+00
    12.6744   0.000016      0.398  800523611  0.000e+00
    12.6867   0.000016      0.441  800523621  0.000e+00
    12.7010   0.000016      0.398  800523631  0.000e+00
    12.7122   0.000016      0.377  800523641  0.000e+00
    12.7245   0.000016      0.420  800523651  0.000e+00
    12.7366   0.000016      0.398  800523661  0.000e+00
    12.7506   0.000016      0.398  800523671  0.000e+00
    12.7623   0.000016      0.399  800523681  0.000e+00
    12.7732   0.000016      0.420  800523691  0.000e+00
    12.7866   0.000016      0.420  800523701  0.000e+00
    12.7983   0.000016      0.399  800523711  0.000e+00
    12.8095   0.000016      0.399  800523721  0.000e+00
    12.8207   0.000016      0.378  800523731  0.000e+00
    12.8311   0.000016      0.421  800523741  0.000e+00
    12.8402   0.000016      0.399  800523751  0.000e+00
    12.8500   0.000016      0.442  800523761  0.000e+00
    12.8577   0.000016      0.421  800523771  0.000e+00
    12.8663   0.000016      0.421  800523781  0.000e+00
    12.8734   0.000016      0.421  800523791  0.000e+00
    12.8799   0.000016      0.421  800523801  0.000e+00
    12.8879   0.000016      0.378  800523811  0.000e+00
    12.8940   0.000016      0.421  800523821  0.000e+00
    12.9005   0.000016      0.421  800523831  0.000e+00
    12.9061   0.000016      0.399  800523841  0.000e+00
    12.9098   0.000016      0.442  800523851  0.000e+00
    12.9147   0.000016      0.421  800523861  0.000e+00
    12.9187   0.000016      0.442  800523871  0.000e+00
    12.9240   0.000016      0.421  800523881  0.000e+00
    12.9275   0.000016      0.421  800523891  0.000e+00
    12.9327   0.000016      0.421  800523901  0.000e+00
    12.9346   0.000016      0.421  800523911  0.000e+00
    12.9395   0.000016      0.443  800523921  0.000e+00
    12.9427   0.000016      0.464  800523931  0.000e+00
    12.9466   0.000016      0.400  800523941  0.000e+00
    12.9489   0.000019      0.443  800523951  0.000e+00
    12.9531   0.000016      0.464  800523961  0.000e+00
    12.9571   0.000019      0.464  800523971  0.000e+00
    12.9595   0.000016      0.379  800523981  0.000e+00
    12.9625   0.000016      0.464  800523991  0.000e+00
    12.9684   0.000016      0.443  800524001  0.000e+00
    12.9710   0.000016      0.422  800524011  0.000e+00
    12.9754   0.000016      0.443  800524021  0.000e+00
    12.9803   0.000016      0.421  800524031  0.000e+00
    12.9868   0.000016      0.486  800524041  0.000e+00
    12.9915   0.000016      0.464  800524051  0.000e+00
    12.9960   0.000016      0.464  800524061  0.000e+00
    12.9992   0.000016      0.443  800524071  0.000e+00
    13.0050   0.000016      0.464  800524081  0.000e+00
    13.0082   0.000019      0.464  800524091  0.000e+00
    13.0137   0.000019      0.486  800524101  0.000e+00
    13.0174   0.000016      0.486  800524111  0.000e+00
    13.0211   0.000016      0.486  800524121  0.000e+00
    13.0249   0.000016      0.464  800524131  0.000e+00
    13.0292   0.000016      0.464  800524141  0.000e+00
    13.0331   0.000016      0.464  800524151  0.000e+00
    13.0378   0.000016      0.486  800524161  0.000e+00
    13.0431   0.000019      0.464  800524171  0.000e+00
    13.0484   0.000019      0.486  800524181  0.000e+00
    13.0532   0.000016      0.464  800524191  0.000e+00
    13.0591   0.000016      0.486  800524201  0.000e+00
    13.0657   0.000019      0.464  800524211  0.000e+00
    13.0730   0.000016      0.464  800524221  0.000e+00
    13.0781   0.000016      0.443  800524231  0.000e+00
    13.0855   0.000016      0.464  800524241  0.000e+00
    13.0940   0.000016      0.464  800524251  0.000e+00
    13.0997   0.000016      0.486  800524261  0.000e+00
    13.1077   0.000016      0.486  800524271  0.000e+00
    13.1178   0.000019      0.486  800524281  0.000e+00
    13.1253   0.000016      0.465  800524291  0.000e+00
    13.1361   0.000016      0.507  800524301  0.000e+00
    13.1445   0.000016      0.486  800524311  0.000e+00
    13.1558   0.000016      0.529  800524321  0.000e+00
    13.1681   0.000016      0.486  800524331  0.000e+00
    13.1808   0.000016      0.507  800524341  0.000e+00
    13.1930   0.000016      0.465  800524351  0.000e+00
    13.2037   0.000019      0.507  800524361  0.000e+00
    13.2160   0.000019      0.443  800524371  0.000e+00
    13.2256   0.000016      0.486  800524381  0.000e+00
    13.2368   0.000016      0.507  800524391  0.000e+00
    13.2501   0.000019      0.486  800524401  0.000e+00
    13.2648   0.000016      0.507  800524411  0.000e+00
    13.2788   0.000016      0.486  800524421  0.000e+00
    13.2916   0.000016      0.465  800524431  0.000e+00
    13.3027   0.000019      0.529  800524441  0.000e+00
    13.3122   0.000016      0.486  800524451  0.000e+00
    13.3226   0.000016      0.529  800524461  0.000e+00
    13.3309   0.000019      0.465  800524471  0.000e+00
    13.3387   0.000019      0.529  800524481  0.000e+00
    13.3492   0.000016      0.507  800524491  0.000e+00
    13.3679   0.000016      0.507  800524501  0.000e+00
    13.3864   0.000016      0.529  800524511  0.000e+00
    13.4181   0.000019      0.507  800524521  0.000e+00
    13.3825   0.000019      0.550  800524531  0.000e+00
    13.3949   0.000019      0.550  800524541  0.000e+00
    13.4104   0.000019      0.593  800524551  0.000e+00
    13.4202   0.000019      0.550  800524561  0.000e+00
    13.4279   0.000019      0.614  800524571  0.000e+00
    13.4346   0.000019      0.614  800524581  0.000e+00
    13.4349   0.000019      0.636  800524591  0.000e+00
    13.4379   0.000019      0.614  800524601  0.000e+00
    13.4401   0.000019      0.657  800524611  0.000e+00
    13.4424   0.000019      0.657  800524621  0.000e+00
    13.4456   0.000016      0.700  800524631  0.000e+00
    13.4474   0.000019      0.678  800524641  0.000e+00
    13.4498   0.000019      0.678  800524651  0.000e+00
    13.4521   0.000019      0.678  800524661  0.000e+00
