odissea/data/moor/raw/ce25007/microcat_cal_dip/cast13/23830_cal_dip_data.cnv
* Sea-Bird SBE37SMP-RS232  Data File:
* FileName = C:\CE25007_recovery_data\23830_cal_dip_data.hex
* Software version SeatermV2 2.8.0.119
* Temperature SN = 23830
* Conductivity SN = 23830
* System UpLoad Time = May 14 2025 13:28:54
* sample interval = 10 seconds
* <ApplicationData>
# nquan = 5
# nvalues = 1338                                  
# units = specified
# name 0 = tv290C: Temperature [ITS-90, deg C]
# name 1 = cond0S/m: Conductivity [S/m]
# name 2 = prdM: Pressure, Strain Gauge [db]
# name 3 = timeK: Time, Instrument [seconds]
# name 4 = flag:  0.000e+00
# span 0 =     2.8046,    15.3511                 
# span 1 =  -0.000041,   4.087830                 
# span 2 =      0.376,   2415.399                 
# span 3 =  800452801,  800524661                 
# span 4 = 0.0000e+00, 0.0000e+00                 
# interval = seconds: 10
# start_time = May 13 2025 12:00:01 [Instrument's time stamp, first data scan]
# bad_flag = -9.990e-29
*END*
[from data line 858]
     4.5771   3.359034   1214.882  800519871  0.000e+00
     4.5772   3.359047   1214.666  800519881  0.000e+00
     4.5762   3.358990   1214.796  800519891  0.000e+00
     4.5748   3.358838   1214.860  800519901  0.000e+00
     4.5740   3.358799   1214.994  800519911  0.000e+00
     4.5743   3.358793   1214.436  800519921  0.000e+00
     4.5831   3.359255   1209.752  800519931  0.000e+00
     4.5711   3.357932   1201.825  800519941  0.000e+00
     4.6029   3.359986   1193.756  800519951  0.000e+00
     4.6071   3.359812   1185.486  800519961  0.000e+00
     4.6782   3.365253   1177.284  800519971  0.000e+00
     4.7325   3.370577   1169.475  800519981  0.000e+00
     4.7686   3.373881   1161.361  800519991  0.000e+00
     4.8476   3.380471   1152.708  800520001  0.000e+00
     4.9293   3.388785   1144.529  800520011  0.000e+00
     4.9817   3.393793   1137.585  800520021  0.000e+00
     4.9854   3.394549   1130.379  800520031  0.000e+00
     5.0689   3.401359   1122.979  800520041  0.000e+00
     5.0764   3.403009   1115.730  800520051  0.000e+00
     5.0757   3.403449   1112.929  800520061  0.000e+00
     5.0790   3.403934   1112.886  800520071  0.000e+00
     5.0813   3.404406   1113.274  800520081  0.000e+00
     5.0828   3.404674   1112.911  800520091  0.000e+00
     5.0866   3.405127   1112.609  800520101  0.000e+00
     5.0851   3.405102   1113.368  800520111  0.000e+00
     5.0883   3.405415   1113.170  800520121  0.000e+00
     5.0902   3.405632   1112.807  800520131  0.000e+00
     5.0893   3.405581   1112.854  800520141  0.000e+00
     5.0893   3.405626   1113.030  800520151  0.000e+00
     5.0892   3.405638   1113.249  800520161  0.000e+00
     5.0906   3.405580   1109.708  800520171  0.000e+00
     5.1153   3.407377   1101.363  800520181  0.000e+00
     5.1462   3.409814   1093.296  800520191  0.000e+00
     5.2022   3.414271   1084.668  800520201  0.000e+00
     5.2510   3.418743   1076.627  800520211  0.000e+00
     5.3078   3.423811   1068.216  800520221  0.000e+00
     5.3193   3.424915   1059.698  800520231  0.000e+00
     5.3752   3.429905   1051.485  800520241  0.000e+00
     5.4277   3.434493   1043.205  800520251  0.000e+00
     5.4957   3.440912   1036.521  800520261  0.000e+00
     5.5409   3.444974   1029.083  800520271  0.000e+00
     5.5660   3.447422   1021.910  800520281  0.000e+00
     5.5908   3.449883   1014.386  800520291  0.000e+00
     5.6267   3.453346   1007.660  800520301  0.000e+00
     5.7045   3.460163   1000.119  800520311  0.000e+00
     5.7276   3.462660    992.424  800520321  0.000e+00
     5.7475   3.464508    984.754  800520331  0.000e+00
     5.8067   3.469598    976.650  800520341  0.000e+00
     5.8413   3.473017    969.150  800520351  0.000e+00
     5.8859   3.476998    961.697  800520361  0.000e+00
     5.9367   3.481527    953.961  800520371  0.000e+00
     5.9762   3.485299    946.336  800520381  0.000e+00
     5.9752   3.485737    943.902  800520391  0.000e+00
     5.9828   3.486774    943.733  800520401  0.000e+00
     5.9876   3.487438    944.016  800520411  0.000e+00
     5.9885   3.487696    944.623  800520421  0.000e+00
     5.9956   3.488424    943.825  800520431  0.000e+00
     6.0012   3.489139    943.373  800520441  0.000e+00
     6.0000   3.489036    943.850  800520451  0.000e+00
     6.0008   3.489184    943.850  800520461  0.000e+00
     5.9977   3.488978    944.004  800520471  0.000e+00
     5.9987   3.489094    944.223  800520481  0.000e+00
     5.9998   3.489184    943.706  800520491  0.000e+00
     5.9991   3.489133    943.752  800520501  0.000e+00
     6.0083   3.489570    941.124  800520511  0.000e+00
     6.0576   3.493662    933.737  800520521  0.000e+00
     6.0673   3.494368    925.919  800520531  0.000e+00
     6.1622   3.502740    918.292  800520541  0.000e+00
     6.2347   3.508911    910.669  800520551  0.000e+00
     6.2658   3.512333    903.173  800520561  0.000e+00
     6.3174   3.516551    895.184  800520571  0.000e+00
     6.3686   3.521547    887.495  800520581  0.000e+00
     6.4336   3.527408    880.175  800520591  0.000e+00
     6.4510   3.529237    872.575  800520601  0.000e+00
     6.5439   3.537480    864.607  800520611  0.000e+00
     6.5509   3.538697    859.546  800520621  0.000e+00
     6.5437   3.538639    859.633  800520631  0.000e+00
     6.5605   3.540415    860.432  800520641  0.000e+00
     6.5712   3.541504    859.639  800520651  0.000e+00
     6.5795   3.542548    859.790  800520661  0.000e+00
     6.5768   3.542451    859.534  800520671  0.000e+00
     6.5696   3.541971    860.309  800520681  0.000e+00
     6.5748   3.542399    860.079  800520691  0.000e+00
     6.5772   3.542684    859.651  800520701  0.000e+00
     6.5768   3.542723    860.036  800520711  0.000e+00
     6.5775   3.542801    860.039  800520721  0.000e+00
     6.6472   3.548727    853.385  800520731  0.000e+00
     6.7105   3.554021    844.861  800520741  0.000e+00
     6.5756   3.540880    836.897  800520751  0.000e+00
     6.7765   3.558392    828.457  800520761  0.000e+00
     6.7836   3.558655    819.762  800520771  0.000e+00
     6.8760   3.566490    812.528  800520781  0.000e+00
     6.9116   3.569687    805.083  800520791  0.000e+00
     7.0017   3.578169    797.915  800520801  0.000e+00
     7.0152   3.579442    790.298  800520811  0.000e+00
     7.0388   3.581595    782.679  800520821  0.000e+00
     7.1387   3.589939    775.256  800520831  0.000e+00
     7.1851   3.594455    768.286  800520841  0.000e+00
     7.2472   3.600108    760.708  800520851  0.000e+00
     7.2697   3.601913    753.010  800520861  0.000e+00
     7.3313   3.607049    745.433  800520871  0.000e+00
     7.4146   3.614782    738.572  800520881  0.000e+00
     7.4279   3.615564    730.552  800520891  0.000e+00
     7.4839   3.620877    723.086  800520901  0.000e+00
     7.8828   3.659074    715.517  800520911  0.000e+00
     7.9728   3.669679    707.710  800520921  0.000e+00
     7.9695   3.671639    706.613  800520931  0.000e+00
     7.9837   3.673882    707.089  800520941  0.000e+00
     7.9916   3.675376    707.135  800520951  0.000e+00
     7.9891   3.675665    706.662  800520961  0.000e+00
     7.9896   3.676067    706.815  800520971  0.000e+00
     7.9922   3.676521    706.796  800520981  0.000e+00
     7.9910   3.676528    706.863  800520991  0.000e+00
     7.9915   3.676686    706.850  800521001  0.000e+00
     7.9926   3.676896    706.979  800521011  0.000e+00
     7.9925   3.676962    707.041  800521021  0.000e+00
     7.9929   3.677087    706.530  800521031  0.000e+00
     7.9948   3.677238    706.772  800521041  0.000e+00
     7.9935   3.677107    706.858  800521051  0.000e+00
     7.9943   3.677265    706.710  800521061  0.000e+00
     7.9954   3.677403    706.860  800521071  0.000e+00
     7.9958   3.677469    706.973  800521081  0.000e+00
     7.9945   3.677317    707.102  800521091  0.000e+00
     7.9969   3.677561    706.268  800521101  0.000e+00
     7.9967   3.677574    706.827  800521111  0.000e+00
     7.9973   3.677620    707.110  800521121  0.000e+00
     7.9967   3.677587    706.983  800521131  0.000e+00
     7.9954   3.677488    706.768  800521141  0.000e+00
     7.9955   3.677482    706.534  800521151  0.000e+00
     7.9975   3.677646    706.644  800521161  0.000e+00
     7.9977   3.677686    706.515  800521171  0.000e+00
     7.9986   3.677771    706.880  800521181  0.000e+00
     7.9958   3.677257    703.204  800521191  0.000e+00
     8.1168   3.687461    695.334  800521201  0.000e+00
     8.1193   3.687893    687.590  800521211  0.000e+00
     8.1944   3.694488    680.495  800521221  0.000e+00
     8.1565   3.691442    680.497  800521231  0.000e+00
     8.1599   3.692121    680.820  800521241  0.000e+00
     8.1472   3.691100    680.779  800521251  0.000e+00
     8.1624   3.692543    680.887  800521261  0.000e+00
     8.1626   3.692649    680.674  800521271  0.000e+00
     8.1710   3.693459    680.308  800521281  0.000e+00
     8.1684   3.693288    680.846  800521291  0.000e+00
     8.1655   3.692992    680.975  800521301  0.000e+00
     8.1980   3.695800    680.442  800521311  0.000e+00
     8.1992   3.696137    680.313  800521321  0.000e+00
     8.2355   3.699016    672.979  800521331  0.000e+00
     8.3045   3.705217    665.196  800521341  0.000e+00
     8.3568   3.709631    657.476  800521351  0.000e+00
     8.3990   3.713248    649.436  800521361  0.000e+00
     8.4884   3.720694    641.671  800521371  0.000e+00
     8.5414   3.725195    633.632  800521381  0.000e+00
     8.6137   3.731195    625.808  800521391  0.000e+00
     8.7164   3.739921    618.262  800521401  0.000e+00
     8.7660   3.745128    610.267  800521411  0.000e+00
     8.7846   3.747002    605.086  800521421  0.000e+00
     8.7626   3.745948    605.000  800521431  0.000e+00
     8.7718   3.746956    605.325  800521441  0.000e+00
     8.7913   3.748787    605.733  800521451  0.000e+00
     8.7913   3.748985    605.069  800521461  0.000e+00
     8.7919   3.749271    605.563  800521471  0.000e+00
     8.7912   3.749277    605.415  800521481  0.000e+00
     8.7914   3.749383    605.548  800521491  0.000e+00
     8.7906   3.749330    605.140  800521501  0.000e+00
     8.7916   3.749463    605.806  800521511  0.000e+00
     8.7918   3.749496    605.464  800521521  0.000e+00
     8.8052   3.750197    600.047  800521531  0.000e+00
     8.8762   3.755410    592.418  800521541  0.000e+00
     9.0121   3.767786    584.274  800521551  0.000e+00
     9.0756   3.774551    576.429  800521561  0.000e+00
     9.1101   3.778141    568.714  800521571  0.000e+00
     9.1536   3.781991    560.655  800521581  0.000e+00
     9.2036   3.785995    552.384  800521591  0.000e+00
     9.2590   3.792281    545.015  800521601  0.000e+00
     9.3621   3.801918    537.218  800521611  0.000e+00
     9.4202   3.807853    529.504  800521621  0.000e+00
     9.4528   3.811696    522.459  800521631  0.000e+00
     9.4694   3.813543    515.692  800521641  0.000e+00
     9.4666   3.813100    508.390  800521651  0.000e+00
     9.4519   3.811281    501.453  800521661  0.000e+00
     9.5275   3.817536    493.873  800521671  0.000e+00
     9.5691   3.821784    486.226  800521681  0.000e+00
     9.5832   3.823352    478.925  800521691  0.000e+00
     9.6104   3.825702    471.432  800521701  0.000e+00
     9.6592   3.830168    463.980  800521711  0.000e+00
     9.6714   3.831637    456.895  800521721  0.000e+00
     9.6656   3.831550    455.671  800521731  0.000e+00
     9.6685   3.831944    455.524  800521741  0.000e+00
     9.6766   3.832848    455.632  800521751  0.000e+00
     9.6776   3.833075    455.805  800521761  0.000e+00
     9.6769   3.833135    455.528  800521771  0.000e+00
     9.6757   3.833082    455.807  800521781  0.000e+00
     9.6756   3.833156    455.852  800521791  0.000e+00
     9.6742   3.833028    455.724  800521801  0.000e+00
     9.6746   3.833055    455.511  800521811  0.000e+00
     9.6757   3.833149    455.834  800521821  0.000e+00
     9.6755   3.833136    455.835  800521831  0.000e+00
     9.6752   3.833189    456.071  800521841  0.000e+00
     9.6745   3.833102    455.279  800521851  0.000e+00
     9.6742   3.833062    455.751  800521861  0.000e+00
     9.6732   3.833002    455.882  800521871  0.000e+00
     9.6726   3.832922    456.010  800521881  0.000e+00
     9.6734   3.832948    455.647  800521891  0.000e+00
     9.6738   3.833008    455.540  800521901  0.000e+00
     9.6732   3.832955    455.606  800521911  0.000e+00
     9.6734   3.833009    456.057  800521921  0.000e+00
     9.6716   3.832821    455.906  800521931  0.000e+00
     9.6729   3.832861    455.500  800521941  0.000e+00
     9.6740   3.832995    455.609  800521951  0.000e+00
     9.6721   3.832861    456.124  800521961  0.000e+00
     9.6721   3.832855    456.017  800521971  0.000e+00
     9.6721   3.832861    455.503  800521981  0.000e+00
     9.6721   3.832821    455.696  800521991  0.000e+00
     9.6710   3.832768    456.083  800522001  0.000e+00
     9.6699   3.832667    456.106  800522011  0.000e+00
     9.6709   3.832707    455.526  800522021  0.000e+00
     9.6709   3.832707    455.635  800522031  0.000e+00
     9.6714   3.832761    456.258  800522041  0.000e+00
     9.6712   3.832808    456.000  800522051  0.000e+00
     9.6709   3.832714    455.807  800522061  0.000e+00
     9.6699   3.832654    455.873  800522071  0.000e+00
     9.6702   3.832654    456.002  800522081  0.000e+00
     9.6696   3.832634    456.088  800522091  0.000e+00
     9.6694   3.832567    455.916  800522101  0.000e+00
     9.6685   3.832493    456.023  800522111  0.000e+00
     9.6683   3.832486    455.704  800522121  0.000e+00
     9.6694   3.832560    455.853  800522131  0.000e+00
     9.6699   3.832573    455.830  800522141  0.000e+00
     9.6671   3.832339    455.917  800522151  0.000e+00
     9.6683   3.832453    455.661  800522161  0.000e+00
     9.6686   3.832480    456.219  800522171  0.000e+00
     9.6678   3.832466    455.552  800522181  0.000e+00
     9.6687   3.832486    455.831  800522191  0.000e+00
     9.6678   3.832406    455.790  800522201  0.000e+00
     9.6684   3.832473    456.025  800522211  0.000e+00
     9.6674   3.832366    455.899  800522221  0.000e+00
     9.6680   3.832440    456.091  800522231  0.000e+00
     9.6684   3.832453    455.727  800522241  0.000e+00
     9.6676   3.832413    456.028  800522251  0.000e+00
     9.6678   3.832440    456.135  800522261  0.000e+00
     9.6673   3.832366    455.943  800522271  0.000e+00
     9.6877   3.833641    448.213  800522281  0.000e+00
     9.7625   3.840186    440.010  800522291  0.000e+00
     9.8130   3.844463    432.129  800522301  0.000e+00
     9.8911   3.851685    423.993  800522311  0.000e+00
     9.9481   3.857196    415.857  800522321  0.000e+00
     9.9905   3.860903    407.826  800522331  0.000e+00
    10.0583   3.867749    400.745  800522341  0.000e+00
    10.0877   3.870575    393.554  800522351  0.000e+00
    10.0641   3.867946    386.792  800522361  0.000e+00
    10.0899   3.870059    379.496  800522371  0.000e+00
    10.0713   3.867819    371.834  800522381  0.000e+00
    10.1332   3.873487    364.795  800522391  0.000e+00
    10.2512   3.885609    357.199  800522401  0.000e+00
    10.2460   3.886132    353.421  800522411  0.000e+00
    10.2426   3.886220    353.723  800522421  0.000e+00
    10.2410   3.886301    353.594  800522431  0.000e+00
    10.2357   3.885910    353.574  800522441  0.000e+00
    10.2299   3.885312    354.089  800522451  0.000e+00
    10.2268   3.884989    354.026  800522461  0.000e+00
    10.2267   3.885002    353.854  800522471  0.000e+00
    10.2287   3.885332    353.424  800522481  0.000e+00
    10.2264   3.885036    353.726  800522491  0.000e+00
    10.2270   3.885076    353.704  800522501  0.000e+00
    10.2278   3.885211    354.072  800522511  0.000e+00
    10.2327   3.885674    351.690  800522521  0.000e+00
    10.2487   3.886707    343.235  800522531  0.000e+00
    10.1881   3.879694    335.212  800522541  0.000e+00
    10.0334   3.862444    326.907  800522551  0.000e+00
    10.0619   3.863367    319.056  800522561  0.000e+00
    10.1122   3.866694    311.033  800522571  0.000e+00
    10.1396   3.868310    304.276  800522581  0.000e+00
    10.1302   3.867719    303.096  800522591  0.000e+00
    10.1353   3.868129    303.269  800522601  0.000e+00
    10.1342   3.868041    303.011  800522611  0.000e+00
    10.1385   3.868411    303.290  800522621  0.000e+00
    10.1357   3.868209    303.097  800522631  0.000e+00
    10.1362   3.868337    303.334  800522641  0.000e+00
    10.1382   3.868471    302.861  800522651  0.000e+00
    10.1376   3.868444    303.290  800522661  0.000e+00
    10.1378   3.868458    303.270  800522671  0.000e+00
    10.1377   3.868431    302.798  800522681  0.000e+00
    10.1400   3.868274    295.785  800522691  0.000e+00
    10.2492   3.877753    287.956  800522701  0.000e+00
