odissea/data/moor/raw/ce25007/microcat_cal_dip/cast13/23830_cal_dip_data.cnv
* Sea-Bird SBE37SMP-RS232  Data File:
* FileName = C:\CE25007_recovery_data\23830_cal_dip_data.hex
* Software version SeatermV2 2.8.0.119
* Temperature SN = 23830
* Conductivity SN = 23830
* System UpLoad Time = May 14 2025 13:28:54
* sample interval = 10 seconds
* <ApplicationData>
# nquan = 5
# nvalues = 1338                                  
# units = specified
# name 0 = tv290C: Temperature [ITS-90, deg C]
# name 1 = cond0S/m: Conductivity [S/m]
# name 2 = prdM: Pressure, Strain Gauge [db]
# name 3 = timeK: Time, Instrument [seconds]
# name 4 = flag:  0.000e+00
# span 0 =     2.8046,    15.3511                 
# span 1 =  -0.000041,   4.087830                 
# span 2 =      0.376,   2415.399                 
# span 3 =  800452801,  800524661                 
# span 4 = 0.0000e+00, 0.0000e+00                 
# interval = seconds: 10
# start_time = May 13 2025 12:00:01 [Instrument's time stamp, first data scan]
# bad_flag = -9.990e-29
*END*
[from data line 286]
     4.1863   3.328782   1375.836  800514151  0.000e+00
     4.1734   3.328412   1385.966  800514161  0.000e+00
     4.1529   3.316193   1396.230  800514171  0.000e+00
     4.1316   3.325256   1406.041  800514181  0.000e+00
     4.0979   3.322635   1415.567  800514191  0.000e+00
     4.0582   3.319168   1426.118  800514201  0.000e+00
     4.0486   3.318463   1436.103  800514211  0.000e+00
     4.0391   3.317872   1445.985  800514221  0.000e+00
     4.0225   3.316681   1456.119  800514231  0.000e+00
     4.0191   3.316628   1465.872  800514241  0.000e+00
     4.0266   3.317844   1475.814  800514251  0.000e+00
     3.9921   3.315193   1485.547  800514261  0.000e+00
     3.9770   3.314060   1495.749  800514271  0.000e+00
     3.9522   3.312067   1505.396  800514281  0.000e+00
     3.9441   3.311786   1515.517  800514291  0.000e+00
     3.9343   3.302227   1525.509  800514301  0.000e+00
     3.9247   3.310586   1535.245  800514311  0.000e+00
     3.9172   3.310242   1545.108  800514321  0.000e+00
     3.9090   3.309861   1555.296  800514331  0.000e+00
     3.8938   3.308948   1565.485  800514341  0.000e+00
     3.8849   3.308567   1575.202  800514351  0.000e+00
     3.8707   3.307711   1585.328  800514361  0.000e+00
     3.8462   3.305960   1595.778  800514371  0.000e+00
     3.8369   3.305320   1606.342  800514381  0.000e+00
     3.8313   3.305084   1616.725  800514391  0.000e+00
     3.8135   3.304021   1626.944  800514401  0.000e+00
     3.8058   3.303481   1637.030  800514411  0.000e+00
     3.7848   3.302192   1647.770  800514421  0.000e+00
     3.7856   3.302447   1658.311  800514431  0.000e+00
     3.7826   3.302602   1668.663  800514441  0.000e+00
     3.7633   3.301583   1678.816  800514451  0.000e+00
     3.7574   3.301271   1689.256  800514461  0.000e+00
     3.7574   3.301621   1699.324  800514471  0.000e+00
     3.7485   3.301404   1710.090  800514481  0.000e+00
     3.7196   3.299188   1720.377  800514491  0.000e+00
     3.7115   3.298869   1730.750  800514501  0.000e+00
     3.7104   3.299169   1740.826  800514511  0.000e+00
     3.7074   3.299349   1751.287  800514521  0.000e+00
     3.7048   3.299560   1761.451  800514531  0.000e+00
     3.7101   3.300484   1771.285  800514541  0.000e+00
     3.6979   3.299989   1781.667  800514551  0.000e+00
     3.6879   3.299557   1791.767  800514561  0.000e+00
     3.6829   3.299579   1801.387  800514571  0.000e+00
     3.6797   3.299677   1811.268  800514581  0.000e+00
     3.6792   3.300046   1821.240  800514591  0.000e+00
     3.6679   3.299570   1831.599  800514601  0.000e+00
     3.6655   3.299655   1841.508  800514611  0.000e+00
     3.6666   3.300043   1851.218  800514621  0.000e+00
     3.6495   3.299050   1861.154  800514631  0.000e+00
     3.6384   3.298637   1871.494  800514641  0.000e+00
     3.6324   3.298458   1881.427  800514651  0.000e+00
     3.6226   3.298259   1891.231  800514661  0.000e+00
     3.5991   3.296692   1901.356  800514671  0.000e+00
     3.5764   3.295170   1911.422  800514681  0.000e+00
     3.5623   3.294279   1921.553  800514691  0.000e+00
     3.5518   3.293627   1931.507  800514701  0.000e+00
     3.5375   3.292792   1941.769  800514711  0.000e+00
     3.5268   3.292260   1951.794  800514721  0.000e+00
     3.5107   3.291211   1961.750  800514731  0.000e+00
     3.5107   3.291548   1972.232  800514741  0.000e+00
     3.4940   3.290701   1982.450  800514751  0.000e+00
     3.4688   3.285225   1992.521  800514761  0.000e+00
     3.4609   3.288559   2002.762  800514771  0.000e+00
     3.4426   3.287335   2013.225  800514781  0.000e+00
     3.4324   3.286916   2023.428  800514791  0.000e+00
     3.4204   3.286189   2033.307  800514801  0.000e+00
     3.4065   3.285424   2043.533  800514811  0.000e+00
     3.3952   3.284830   2053.647  800514821  0.000e+00
     3.3913   3.284751   2063.311  800514831  0.000e+00
     3.3840   3.284534   2073.626  800514841  0.000e+00
     3.3633   3.283322   2083.591  800514851  0.000e+00
     3.3456   3.282212   2093.795  800514861  0.000e+00
     3.3174   3.280245   2103.673  800514871  0.000e+00
     3.2978   3.279053   2114.039  800514881  0.000e+00
     3.2791   3.277849   2123.985  800514891  0.000e+00
     3.2524   3.276028   2133.827  800514901  0.000e+00
     3.2293   3.274327   2143.778  800514911  0.000e+00
     3.2015   3.272369   2153.899  800514921  0.000e+00
     3.1789   3.270770   2164.156  800514931  0.000e+00
     3.1650   3.269824   2174.413  800514941  0.000e+00
     3.1398   3.268181   2184.389  800514951  0.000e+00
     3.1180   3.266520   2194.252  800514961  0.000e+00
     3.0871   3.264375   2204.316  800514971  0.000e+00
     3.0666   3.262966   2214.441  800514981  0.000e+00
     3.0403   3.260998   2224.572  800514991  0.000e+00
     3.0216   3.259720   2234.638  800515001  0.000e+00
     2.9918   3.257552   2244.700  800515011  0.000e+00
     2.9769   3.256514   2254.941  800515021  0.000e+00
     2.9522   3.254761   2264.966  800515031  0.000e+00
     2.9272   3.252926   2274.721  800515041  0.000e+00
     2.9128   3.252027   2284.943  800515051  0.000e+00
     2.9060   3.251572   2295.366  800515061  0.000e+00
     2.8882   3.250346   2305.193  800515071  0.000e+00
     2.8803   3.249923   2315.025  800515081  0.000e+00
     2.8805   3.250171   2325.093  800515091  0.000e+00
     2.8733   3.249905   2335.118  800515101  0.000e+00
     2.8736   3.249830   2338.386  800515111  0.000e+00
     2.8656   3.249394   2345.083  800515121  0.000e+00
     2.8576   3.249020   2353.325  800515131  0.000e+00
     2.8488   3.248565   2361.398  800515141  0.000e+00
     2.8478   3.248712   2369.188  800515151  0.000e+00
     2.8443   3.248677   2377.262  800515161  0.000e+00
     2.8409   3.248654   2385.854  800515171  0.000e+00
     2.8393   3.248839   2393.798  800515181  0.000e+00
     2.8337   3.248445   2397.150  800515191  0.000e+00
     2.8226   3.247682   2401.956  800515201  0.000e+00
     2.8116   3.246881   2407.136  800515211  0.000e+00
     2.8101   3.246832   2411.790  800515221  0.000e+00
     2.8101   3.246814   2414.228  800515231  0.000e+00
     2.8072   3.246576   2414.250  800515241  0.000e+00
     2.8046   3.246338   2414.724  800515251  0.000e+00
     2.8057   3.246351   2414.637  800515261  0.000e+00
     2.8074   3.246470   2414.354  800515271  0.000e+00
     2.8073   3.246420   2414.306  800515281  0.000e+00
     2.8079   3.246482   2414.502  800515291  0.000e+00
     2.8083   3.246482   2414.458  800515301  0.000e+00
     2.8078   3.246457   2414.475  800515311  0.000e+00
     2.8070   3.246413   2414.519  800515321  0.000e+00
     2.8085   3.246482   2414.214  800515331  0.000e+00
     2.8095   3.246558   2414.431  800515341  0.000e+00
     2.8091   3.246583   2414.671  800515351  0.000e+00
     2.8093   3.246576   2414.666  800515361  0.000e+00
     2.8094   3.246601   2414.623  800515371  0.000e+00
     2.8093   3.246551   2414.340  800515381  0.000e+00
     2.8091   3.246576   2414.601  800515391  0.000e+00
     2.8096   3.246595   2414.644  800515401  0.000e+00
     2.8089   3.246533   2414.531  800515411  0.000e+00
     2.8094   3.246583   2414.618  800515421  0.000e+00
     2.8090   3.246558   2414.906  800515431  0.000e+00
     2.8090   3.246558   2414.700  800515441  0.000e+00
     2.8089   3.246558   2414.395  800515451  0.000e+00
     2.8089   3.246564   2414.613  800515461  0.000e+00
     2.8092   3.246545   2414.395  800515471  0.000e+00
     2.8090   3.246551   2414.282  800515481  0.000e+00
     2.8094   3.246583   2414.308  800515491  0.000e+00
     2.8093   3.246589   2414.831  800515501  0.000e+00
     2.8092   3.246595   2415.000  800515511  0.000e+00
     2.8092   3.246583   2414.782  800515521  0.000e+00
     2.8093   3.246576   2414.482  800515531  0.000e+00
     2.8091   3.246570   2414.195  800515541  0.000e+00
     2.8090   3.246558   2414.391  800515551  0.000e+00
     2.8090   3.246539   2414.657  800515561  0.000e+00
     2.8085   3.246539   2414.913  800515571  0.000e+00
     2.8085   3.246482   2414.086  800515581  0.000e+00
     2.8080   3.246445   2414.216  800515591  0.000e+00
     2.8080   3.246476   2414.869  800515601  0.000e+00
     2.8082   3.246464   2414.369  800515611  0.000e+00
     2.8082   3.246470   2414.233  800515621  0.000e+00
     2.8084   3.246501   2414.891  800515631  0.000e+00
     2.8083   3.246520   2415.152  800515641  0.000e+00
     2.8085   3.246507   2414.560  800515651  0.000e+00
     2.8088   3.246514   2414.364  800515661  0.000e+00
     2.8093   3.246577   2414.947  800515671  0.000e+00
     2.8090   3.246570   2414.799  800515681  0.000e+00
     2.8087   3.246545   2414.903  800515691  0.000e+00
     2.8089   3.246520   2414.212  800515701  0.000e+00
     2.8091   3.246570   2414.686  800515711  0.000e+00
     2.8095   3.246608   2414.886  800515721  0.000e+00
     2.8093   3.246570   2414.664  800515731  0.000e+00
     2.8092   3.246583   2415.012  800515741  0.000e+00
     2.8090   3.246539   2414.886  800515751  0.000e+00
     2.8089   3.246558   2414.577  800515761  0.000e+00
     2.8092   3.246520   2414.250  800515771  0.000e+00
     2.8086   3.246520   2414.751  800515781  0.000e+00
     2.8086   3.246520   2414.886  800515791  0.000e+00
     2.8083   3.246514   2415.039  800515801  0.000e+00
     2.8084   3.246501   2414.577  800515811  0.000e+00
     2.8075   3.246426   2414.233  800515821  0.000e+00
     2.8076   3.246432   2414.615  800515831  0.000e+00
     2.8070   3.246382   2414.882  800515841  0.000e+00
     2.8070   3.246370   2414.490  800515851  0.000e+00
     2.8082   3.246445   2414.620  800515861  0.000e+00
     2.8079   3.246476   2415.121  800515871  0.000e+00
     2.8073   3.246413   2414.599  800515881  0.000e+00
     2.8074   3.246395   2414.686  800515891  0.000e+00
     2.8076   3.246407   2414.669  800515901  0.000e+00
     2.8078   3.246439   2414.751  800515911  0.000e+00
     2.8079   3.246445   2414.642  800515921  0.000e+00
     2.8080   3.246445   2414.707  800515931  0.000e+00
     2.8077   3.246445   2415.143  800515941  0.000e+00
     2.8074   3.246420   2414.773  800515951  0.000e+00
     2.8078   3.246458   2415.181  800515961  0.000e+00
     2.8085   3.246489   2414.659  800515971  0.000e+00
     2.8085   3.246489   2414.398  800515981  0.000e+00
     2.8080   3.246476   2414.947  800515991  0.000e+00
     2.8091   3.246551   2414.838  800516001  0.000e+00
     2.8093   3.246583   2414.877  800516011  0.000e+00
     2.8093   3.246589   2414.947  800516021  0.000e+00
     2.8094   3.246564   2414.441  800516031  0.000e+00
     2.8093   3.246583   2414.964  800516041  0.000e+00
     2.8095   3.246564   2414.250  800516051  0.000e+00
     2.8092   3.246558   2414.729  800516061  0.000e+00
     2.8087   3.246564   2415.399  800516071  0.000e+00
     2.8089   3.246526   2414.398  800516081  0.000e+00
     2.8092   3.246539   2414.507  800516091  0.000e+00
     2.8091   3.246551   2414.572  800516101  0.000e+00
     2.8094   3.246570   2414.790  800516111  0.000e+00
     2.8090   3.246583   2415.382  800516121  0.000e+00
     2.8092   3.246539   2414.202  800516131  0.000e+00
     2.8093   3.246558   2414.811  800516141  0.000e+00
     2.8091   3.246551   2414.567  800516151  0.000e+00
     2.8094   3.246589   2414.898  800516161  0.000e+00
     2.8094   3.246583   2414.659  800516171  0.000e+00
     2.8097   3.246608   2414.620  800516181  0.000e+00
     2.8102   3.246506   2411.285  800516191  0.000e+00
     2.8171   3.246723   2404.058  800516201  0.000e+00
     2.8337   3.247768   2397.006  800516211  0.000e+00
     2.8413   3.248148   2389.083  800516221  0.000e+00
     2.8422   3.248045   2381.091  800516231  0.000e+00
     2.8447   3.247980   2373.174  800516241  0.000e+00
     2.8451   3.247770   2365.737  800516251  0.000e+00
     2.8457   3.247580   2358.921  800516261  0.000e+00
     2.8446   3.247530   2358.877  800516271  0.000e+00
     2.8457   3.247656   2359.334  800516281  0.000e+00
     2.8455   3.247693   2358.877  800516291  0.000e+00
     2.8459   3.247706   2358.660  800516301  0.000e+00
     2.8451   3.247700   2359.399  800516311  0.000e+00
     2.8456   3.247718   2359.073  800516321  0.000e+00
     2.8458   3.247737   2358.877  800516331  0.000e+00
     2.8461   3.247781   2358.708  800516341  0.000e+00
     2.8460   3.247743   2358.643  800516351  0.000e+00
     2.8461   3.247794   2359.508  800516361  0.000e+00
     2.8465   3.247812   2359.008  800516371  0.000e+00
     2.8464   3.247667   2355.461  800516381  0.000e+00
     2.8499   3.247608   2347.584  800516391  0.000e+00
     2.8573   3.247881   2340.121  800516401  0.000e+00
     2.8604   3.247942   2334.899  800516411  0.000e+00
     2.8599   3.247961   2334.921  800516421  0.000e+00
     2.8656   3.248173   2329.069  800516431  0.000e+00
     2.8671   3.247988   2321.885  800516441  0.000e+00
     2.8738   3.248281   2314.189  800516451  0.000e+00
     2.8743   3.248090   2306.558  800516461  0.000e+00
     2.8788   3.248088   2298.119  800516471  0.000e+00
     2.8976   3.249220   2290.371  800516481  0.000e+00
     2.9021   3.249468   2282.872  800516491  0.000e+00
     2.9097   3.249754   2274.951  800516501  0.000e+00
     2.9264   3.250899   2267.170  800516511  0.000e+00
     2.9618   3.253235   2259.033  800516521  0.000e+00
     2.9933   3.255597   2250.900  800516531  0.000e+00
     2.9949   3.255858   2243.442  800516541  0.000e+00
     3.0078   3.256414   2235.207  800516551  0.000e+00
     3.0255   3.257860   2227.489  800516561  0.000e+00
     3.0312   3.258159   2219.679  800516571  0.000e+00
     3.0400   3.258734   2211.940  800516581  0.000e+00
     3.0824   3.261813   2204.093  800516591  0.000e+00
     3.0930   3.262602   2196.442  800516601  0.000e+00
     3.1155   3.264037   2188.639  800516611  0.000e+00
     3.1245   3.264845   2181.515  800516621  0.000e+00
     3.1421   3.266099   2174.517  800516631  0.000e+00
     3.1433   3.266153   2167.802  800516641  0.000e+00
     3.1520   3.266647   2160.587  800516651  0.000e+00
     3.1661   3.267336   2152.769  800516661  0.000e+00
     3.1827   3.268596   2145.642  800516671  0.000e+00
     3.1958   3.269499   2138.429  800516681  0.000e+00
     3.2269   3.271563   2130.477  800516691  0.000e+00
     3.2166   3.271249   2129.560  800516701  0.000e+00
     3.2180   3.271368   2129.152  800516711  0.000e+00
     3.2222   3.271764   2129.347  800516721  0.000e+00
     3.2234   3.271959   2129.678  800516731  0.000e+00
     3.2268   3.272292   2129.282  800516741  0.000e+00
     3.2280   3.272450   2129.569  800516751  0.000e+00
     3.2268   3.272406   2129.830  800516761  0.000e+00
     3.2292   3.272556   2129.395  800516771  0.000e+00
     3.2297   3.272670   2129.895  800516781  0.000e+00
     3.2300   3.272701   2129.634  800516791  0.000e+00
     3.2306   3.272732   2129.400  800516801  0.000e+00
     3.2300   3.272732   2129.569  800516811  0.000e+00
     3.2299   3.272726   2129.578  800516821  0.000e+00
     3.2379   3.273133   2125.793  800516831  0.000e+00
     3.2599   3.274338   2117.956  800516841  0.000e+00
     3.2717   3.275203   2110.283  800516851  0.000e+00
     3.2765   3.275377   2102.771  800516861  0.000e+00
     3.2844   3.275745   2094.626  800516871  0.000e+00
     3.3008   3.276780   2086.959  800516881  0.000e+00
     3.3271   3.278564   2079.162  800516891  0.000e+00
     3.3514   3.280235   2071.170  800516901  0.000e+00
     3.3577   3.280704   2063.656  800516911  0.000e+00
     3.3723   3.281476   2056.055  800516921  0.000e+00
     3.3864   3.282537   2048.065  800516931  0.000e+00
     3.3942   3.283013   2040.535  800516941  0.000e+00
     3.4065   3.283683   2032.632  800516951  0.000e+00
     3.4080   3.283865   2028.355  800516961  0.000e+00
     3.4106   3.284179   2028.507  800516971  0.000e+00
     3.4137   3.284526   2028.637  800516981  0.000e+00
     3.4146   3.284702   2028.876  800516991  0.000e+00
