odissea/data/moor/raw/ce25007/microcat_cal_dip/cast13/23830_cal_dip_data.cnv
* Sea-Bird SBE37SMP-RS232  Data File:
* FileName = C:\CE25007_recovery_data\23830_cal_dip_data.hex
* Software version SeatermV2 2.8.0.119
* Temperature SN = 23830
* Conductivity SN = 23830
* System UpLoad Time = May 14 2025 13:28:54
* sample interval = 10 seconds
* <ApplicationData>
# nquan = 5
# nvalues = 1338                                  
# units = specified
# name 0 = tv290C: Temperature [ITS-90, deg C]
# name 1 = cond0S/m: Conductivity [S/m]
# name 2 = prdM: Pressure, Strain Gauge [db]
# name 3 = timeK: Time, Instrument [seconds]
# name 4 = flag:  0.000e+00
# span 0 =     2.8046,    15.3511                 
# span 1 =  -0.000041,   4.087830                 
# span 2 =      0.376,   2415.399                 
# span 3 =  800452801,  800524661                 
# span 4 = 0.0000e+00, 0.0000e+00                 
# interval = seconds: 10
# start_time = May 13 2025 12:00:01 [Instrument's time stamp, first data scan]
# bad_flag = -9.990e-29
*END*
    14.9965   0.000028      1.347  800452801  0.000e+00
    15.1829   0.000022      0.486  800511301  0.000e+00
    15.1894   0.000019      0.465  800511311  0.000e+00
    15.1953   0.000016      0.486  800511321  0.000e+00
    15.2001   0.000016      0.486  800511331  0.000e+00
    15.2027   0.000016      0.487  800511341  0.000e+00
    15.2036   0.000016      0.487  800511351  0.000e+00
    15.2052   0.000016      0.467  800511361  0.000e+00
    15.2047   0.000016      0.488  800511371  0.000e+00
    15.1942   0.000016      0.488  800511381  0.000e+00
    15.1891   0.000016      0.488  800511391  0.000e+00
    15.1854   0.000016      0.511  800511401  0.000e+00
    15.1948   0.000016      0.491  800511411  0.000e+00
    15.1993   0.000016      0.510  800511421  0.000e+00
    15.1885   0.000019      0.510  800511431  0.000e+00
    15.1857   0.000016      0.467  800511441  0.000e+00
    15.1868   0.000016      0.511  800511451  0.000e+00
    15.1890   0.000016      0.511  800511461  0.000e+00
    15.1907   0.000016      0.469  800511471  0.000e+00
    15.1915   0.000016      0.468  800511481  0.000e+00
    15.1919   0.000016      0.491  800511491  0.000e+00
    15.1963   0.000019      0.491  800511501  0.000e+00
    15.2010   0.000016      0.469  800511511  0.000e+00
    15.2010   0.000016      0.512  800511521  0.000e+00
    15.2040   0.000016      0.470  800511531  0.000e+00
    15.2042   0.000016      0.492  800511541  0.000e+00
    15.2040   0.000016      0.491  800511551  0.000e+00
    15.2058   0.000016      0.491  800511561  0.000e+00
    15.2096   0.000019      0.470  800511571  0.000e+00
    15.2106   0.000019      0.493  800511581  0.000e+00
    15.2050   0.000016      0.471  800511591  0.000e+00
    15.2051   0.000016      0.493  800511601  0.000e+00
    15.2025   0.000016      0.471  800511611  0.000e+00
    15.2058   0.000016      0.493  800511621  0.000e+00
    15.2052   0.000016      0.493  800511631  0.000e+00
    15.2111   0.000016      0.471  800511641  0.000e+00
    15.2122   0.000016      0.494  800511651  0.000e+00
    15.2020   0.000019      0.514  800511661  0.000e+00
    15.2071   0.000016      0.494  800511671  0.000e+00
    15.2108   0.000016      0.494  800511681  0.000e+00
    15.2081   0.000019      0.515  800511691  0.000e+00
    15.2099   0.000016      0.515  800511701  0.000e+00
    15.2120   0.000019      0.515  800511711  0.000e+00
    15.2129   0.000019      0.516  800511721  0.000e+00
    15.2148   0.000016      0.494  800511731  0.000e+00
    15.2166   0.000016      0.494  800511741  0.000e+00
    15.2121   0.000019      0.494  800511751  0.000e+00
    15.2021   0.000016      0.495  800511761  0.000e+00
    15.1995   0.000016      0.495  800511771  0.000e+00
    15.2007   0.000019      0.495  800511781  0.000e+00
    15.2077   0.000016      0.516  800511791  0.000e+00
    15.2109   0.000016      0.495  800511801  0.000e+00
    15.2052   0.000019      0.538  800511811  0.000e+00
    15.2006   0.000019      0.496  800511821  0.000e+00
    15.2069   0.000019      0.475  800511831  0.000e+00
    15.2159   0.000019      0.518  800511841  0.000e+00
    15.2212   0.000019      0.495  800511851  0.000e+00
    15.2113   0.000016      0.496  800511861  0.000e+00
    15.2209   0.000019      0.496  800511871  0.000e+00
    15.2222   0.000016      0.496  800511881  0.000e+00
    15.2201   0.000019      0.519  800511891  0.000e+00
    15.2189   0.000016      0.497  800511901  0.000e+00
    15.2207   0.000016      0.496  800511911  0.000e+00
    15.2181   0.000019      0.497  800511921  0.000e+00
    15.2223   0.000016      0.496  800511931  0.000e+00
    15.2177   0.000016      0.539  800511941  0.000e+00
    15.2217   0.000016      0.519  800511951  0.000e+00
    15.2232   0.000016      0.519  800511961  0.000e+00
    15.2277   0.000016      0.497  800511971  0.000e+00
    15.2318   0.000016      0.540  800511981  0.000e+00
    15.2313   0.000016      0.497  800511991  0.000e+00
    15.2227   0.000016      0.476  800512001  0.000e+00
    15.2165   0.000016      0.520  800512011  0.000e+00
    15.2223   0.000016      0.477  800512021  0.000e+00
    15.2342   0.000013      0.497  800512031  0.000e+00
    15.2449   0.000016      0.520  800512041  0.000e+00
    15.2534   0.000016      0.497  800512051  0.000e+00
    15.2588   0.000013      0.478  800512061  0.000e+00
    15.2675   0.000013      0.520  800512071  0.000e+00
    15.2734   0.000016      0.477  800512081  0.000e+00
    15.2751   0.000016      0.520  800512091  0.000e+00
    15.2839   0.000016      0.478  800512101  0.000e+00
    15.2936   0.000016      0.542  800512111  0.000e+00
    15.2982   0.000013      0.498  800512121  0.000e+00
    15.3040   0.000013      0.498  800512131  0.000e+00
    15.3108   0.000016      0.499  800512141  0.000e+00
    15.3067   0.000016      0.499  800512151  0.000e+00
    15.3127   0.000016      0.499  800512161  0.000e+00
    15.3189   0.000013      0.520  800512171  0.000e+00
    15.3248   0.000016      0.455  800512181  0.000e+00
    15.3271   0.000013      0.478  800512191  0.000e+00
    15.3227   0.000013      0.499  800512201  0.000e+00
    15.3177   0.000016      0.542  800512211  0.000e+00
    15.3266   0.000013      0.499  800512221  0.000e+00
    15.3378   0.000013      0.499  800512231  0.000e+00
    15.3452   0.000013      0.499  800512241  0.000e+00
    15.3484   0.000013      0.521  800512251  0.000e+00
    15.3504   0.000013      0.498  800512261  0.000e+00
    15.3400   0.000016      0.521  800512271  0.000e+00
    15.3475   0.000016      0.542  800512281  0.000e+00
    15.3499   0.000013      0.520  800512291  0.000e+00
    15.3511   0.000016      0.521  800512301  0.000e+00
    15.3509   0.000013      0.455  800512311  0.000e+00
    15.3491   0.000013      0.499  800512321  0.000e+00
    15.3411   0.000016      0.522  800512331  0.000e+00
    15.3352   0.000016      0.522  800512341  0.000e+00
    15.3248   0.000013      0.499  800512351  0.000e+00
    15.3281   0.000013      0.522  800512361  0.000e+00
    15.3288   0.000013      0.521  800512371  0.000e+00
    15.3343   0.000013      0.522  800512381  0.000e+00
    15.3248   0.000016      0.522  800512391  0.000e+00
    15.3229   0.000013      0.499  800512401  0.000e+00
    15.3185   0.000013      0.543  800512411  0.000e+00
    15.3077   0.000016      0.522  800512421  0.000e+00
    15.3127   0.000016      0.522  800512431  0.000e+00
    15.3153   0.000016      0.522  800512441  0.000e+00
    15.3141   0.000016      0.500  800512451  0.000e+00
    15.3089   0.000016      0.522  800512461  0.000e+00
    15.3064   0.000016      0.522  800512471  0.000e+00
    15.3113   0.000016      0.522  800512481  0.000e+00
    15.3027   0.000016      0.500  800512491  0.000e+00
    15.3027   0.000016      0.500  800512501  0.000e+00
    15.3002   0.000016      0.544  800512511  0.000e+00
    15.2932   0.000016      0.543  800512521  0.000e+00
    15.2950   0.000016      0.501  800512531  0.000e+00
    15.2910   0.000016      0.500  800512541  0.000e+00
    15.2902   0.000016      0.522  800512551  0.000e+00
    15.2870   0.000016      0.544  800512561  0.000e+00
    15.2469   0.000016      0.544  800512571  0.000e+00
    15.2179   0.000016      0.544  800512581  0.000e+00
    15.2127   0.000016      0.523  800512591  0.000e+00
    15.1976   0.000016      0.500  800512601  0.000e+00
    12.5744   0.000022      1.186  800512611  0.000e+00
    12.5169  -0.000041      1.487  800512621  0.000e+00
    12.4162   2.116406      4.162  800512631  0.000e+00
    12.3771   2.135620      7.394  800512641  0.000e+00
    12.3481   3.082471     10.907  800512651  0.000e+00
    12.3625   4.087830     11.014  800512661  0.000e+00
    12.3466   4.083894     11.143  800512671  0.000e+00
    12.3422   4.081029      8.319  800512681  0.000e+00
    12.3428   3.481301      4.467  800512691  0.000e+00
    12.3408   4.078796      1.793  800512701  0.000e+00
    12.3414   4.078343      1.815  800512711  0.000e+00
    12.3403   4.077629      2.117  800512721  0.000e+00
    12.3453   4.077891      4.816  800512731  0.000e+00
    12.3436   4.077886      9.419  800512741  0.000e+00
    12.3430   4.077524     14.515  800512751  0.000e+00
    12.2355   4.068492     19.312  800512761  0.000e+00
    12.1132   4.057256     23.937  800512771  0.000e+00
    11.9784   4.044610     28.712  800512781  0.000e+00
    11.6984   4.020266     35.650  800512791  0.000e+00
    11.3887   3.991369     42.375  800512801  0.000e+00
    11.3232   3.985863     49.356  800512811  0.000e+00
    11.3306   3.985675     56.252  800512821  0.000e+00
    11.3278   3.985222     62.955  800512831  0.000e+00
    11.3295   3.985762     69.810  800512841  0.000e+00
    11.3159   3.984507     77.092  800512851  0.000e+00
    11.3008   3.983559     85.060  800512861  0.000e+00
    11.3093   3.984765     93.371  800512871  0.000e+00
    11.2957   3.983837    101.919  800512881  0.000e+00
    11.2064   3.974687    107.425  800512891  0.000e+00
    11.1116   3.964956    115.330  800512901  0.000e+00
    11.1654   3.971041    125.978  800512911  0.000e+00
    11.1324   3.968140    136.798  800512921  0.000e+00
    11.1098   3.966278    147.512  800512931  0.000e+00
    11.0525   3.960936    156.941  800512941  0.000e+00
    10.9995   3.956174    166.606  800512951  0.000e+00
    10.9723   3.953642    176.057  800512961  0.000e+00
    10.9141   3.948240    186.002  800512971  0.000e+00
    10.8575   3.942881    196.055  800512981  0.000e+00
    10.8179   3.939366    206.409  800512991  0.000e+00
    10.7939   3.937428    216.549  800513001  0.000e+00
    10.7663   3.935193    226.904  800513011  0.000e+00
    10.7514   3.934087    236.745  800513021  0.000e+00
    10.6703   3.926209    247.144  800513031  0.000e+00
    10.5940   3.918992    257.394  800513041  0.000e+00
    10.4877   3.907739    267.687  800513051  0.000e+00
    10.2524   3.883809    277.874  800513061  0.000e+00
    10.2021   3.877827    287.461  800513071  0.000e+00
    10.2147   3.879283    297.693  800513081  0.000e+00
    10.0566   3.864270    307.925  800513091  0.000e+00
    10.0263   3.860944    318.200  800513101  0.000e+00
    10.2123   3.881225    328.305  800513111  0.000e+00
    10.1935   3.880603    338.388  800513121  0.000e+00
    10.2330   3.886070    348.516  800513131  0.000e+00
    10.1823   3.881957    359.073  800513141  0.000e+00
    10.0407   3.867892    369.137  800513151  0.000e+00
     9.9909   3.863457    379.223  800513161  0.000e+00
     9.9716   3.861521    389.397  800513171  0.000e+00
     9.9309   3.857794    399.399  800513181  0.000e+00
     9.8962   3.855060    409.402  800513191  0.000e+00
     9.8189   3.848399    419.276  800513201  0.000e+00
     9.7511   3.842526    429.281  800513211  0.000e+00
     9.7178   3.839389    439.307  800513221  0.000e+00
     9.6613   3.834091    449.334  800513231  0.000e+00
     9.6475   3.832555    459.469  800513241  0.000e+00
     9.6151   3.829642    469.519  800513251  0.000e+00
     9.5795   3.826488    479.506  800513261  0.000e+00
     9.5400   3.822881    489.535  800513271  0.000e+00
     9.4774   3.817252    499.908  800513281  0.000e+00
     9.4463   3.814276    509.725  800513291  0.000e+00
     9.3003   3.800351    519.928  800513301  0.000e+00
     9.1947   3.790311    530.284  800513311  0.000e+00
     9.1136   3.782310    540.080  800513321  0.000e+00
     9.0335   3.774822    550.221  800513331  0.000e+00
     8.9246   3.763732    560.471  800513341  0.000e+00
     8.8316   3.754944    570.549  800513351  0.000e+00
     8.7810   3.750197    580.929  800513361  0.000e+00
     8.6613   3.739839    590.880  800513371  0.000e+00
     8.5631   3.730584    600.444  800513381  0.000e+00
     8.5127   3.726577    610.417  800513391  0.000e+00
     8.4233   3.718869    620.498  800513401  0.000e+00
     8.3730   3.714273    630.795  800513411  0.000e+00
     8.3014   3.707658    640.920  800513421  0.000e+00
     8.2090   3.699299    650.618  800513431  0.000e+00
     8.1276   3.691501    660.594  800513441  0.000e+00
     8.0886   3.688032    670.721  800513451  0.000e+00
     7.9899   3.678717    680.828  800513461  0.000e+00
     7.5928   3.639980    690.850  800513471  0.000e+00
     7.6013   3.640134    700.721  800513481  0.000e+00
     7.4577   3.625866    710.852  800513491  0.000e+00
     7.4046   3.619425    720.833  800513501  0.000e+00
     7.2626   3.605843    731.007  800513511  0.000e+00
     7.1783   3.598047    741.054  800513521  0.000e+00
     7.0840   3.589690    751.077  800513531  0.000e+00
     7.0008   3.582129    761.512  800513541  0.000e+00
     7.0000   3.581833    771.882  800513551  0.000e+00
     6.8960   3.572340    781.975  800513561  0.000e+00
     6.8107   3.564371    792.176  800513571  0.000e+00
     6.7584   3.560014    802.333  800513581  0.000e+00
     6.7604   3.560856    812.986  800513591  0.000e+00
     6.7408   3.559378    823.035  800513601  0.000e+00
     6.6541   3.551992    833.283  800513611  0.000e+00
     6.5182   3.538582    843.443  800513621  0.000e+00
     6.4519   3.532767    853.347  800513631  0.000e+00
     6.4008   3.528374    863.893  800513641  0.000e+00
     6.3721   3.525089    873.561  800513651  0.000e+00
     6.2903   3.518280    883.422  800513661  0.000e+00
     6.2103   3.510605    893.369  800513671  0.000e+00
     6.0903   3.499864    903.083  800513681  0.000e+00
     6.0533   3.496164    913.074  800513691  0.000e+00
     5.9935   3.490325    922.810  800513701  0.000e+00
     5.9466   3.485985    932.976  800513711  0.000e+00
     5.8843   3.480185    942.752  800513721  0.000e+00
     5.8415   3.476248    952.384  800513731  0.000e+00
     5.7815   3.470558    962.271  800513741  0.000e+00
     5.7367   3.466465    972.159  800513751  0.000e+00
     5.6833   3.461809    982.284  800513761  0.000e+00
     5.6227   3.456006    991.895  800513771  0.000e+00
     5.5420   3.448885   1001.720  800513781  0.000e+00
     5.4737   3.442333   1011.914  800513791  0.000e+00
     5.4095   3.436018   1021.676  800513801  0.000e+00
     5.3535   3.430923   1031.828  800513811  0.000e+00
     5.2875   3.424494   1041.826  800513821  0.000e+00
     5.2458   3.420979   1051.271  800513831  0.000e+00
     5.2177   3.398223   1061.725  800513841  0.000e+00
     5.1485   3.412171   1071.923  800513851  0.000e+00
     5.0655   3.404435   1081.904  800513861  0.000e+00
     4.9874   3.397770   1091.928  800513871  0.000e+00
     4.9572   3.394496   1101.935  800513881  0.000e+00
     4.9474   3.393734   1112.090  800513891  0.000e+00
     4.9110   3.390506   1122.702  800513901  0.000e+00
     4.8297   3.382527   1132.948  800513911  0.000e+00
     4.7037   3.371052   1143.234  800513921  0.000e+00
     4.6766   3.368322   1153.522  800513931  0.000e+00
     4.6289   3.363654   1164.050  800513941  0.000e+00
     4.6346   3.364299   1174.210  800513951  0.000e+00
     4.6225   3.363369   1184.391  800513961  0.000e+00
     4.5759   3.359276   1194.687  800513971  0.000e+00
     4.5866   3.360276   1204.654  800513981  0.000e+00
     4.5874   3.360971   1214.557  800513991  0.000e+00
     4.5612   3.359336   1225.047  800514001  0.000e+00
     4.5033   3.354312   1235.170  800514011  0.000e+00
     4.4744   3.351745   1245.226  800514021  0.000e+00
     4.4558   3.350232   1255.307  800514031  0.000e+00
     4.4784   3.352640   1265.220  800514041  0.000e+00
     4.4233   3.348064   1275.663  800514051  0.000e+00
     4.4142   3.347363   1285.469  800514061  0.000e+00
     4.4108   3.347620   1295.701  800514071  0.000e+00
     4.4038   3.347268   1305.829  800514081  0.000e+00
     4.3835   3.345902   1315.893  800514091  0.000e+00
     4.3328   3.341747   1325.716  800514101  0.000e+00
     4.2584   3.335277   1335.782  800514111  0.000e+00
     4.1562   3.325869   1346.002  800514121  0.000e+00
     4.1392   3.324108   1356.047  800514131  0.000e+00
