odissea/data/moor/raw/ce25007/microcat_cal_dip/cast13/5509_cal_dip_data.asc
* Sea-Bird SBE37 Data File:
* FileName = C:\CE25007_recovery_data\5509_cal_dip_data.asc
* Software Version 1.59
* Temperature SN = 5509
* Conductivity SN = 5509
* System UpLoad Time = May 14 2025 13:41:09
* ds
* SBE37-SM V 2.6b  SERIAL NO. 5509    14 May 2025  13:40:31
*END*
[from data line 315]
  3.7829, 3.30149, 1651.367, 14 May 2025, 05:07:01
  3.7826, 3.30205, 1661.625, 14 May 2025, 05:07:11
  3.7767, 3.30182, 1672.254, 14 May 2025, 05:07:21
  3.7573, 3.30052, 1682.635, 14 May 2025, 05:07:31
  3.7554, 3.30077, 1692.769, 14 May 2025, 05:07:41
  3.7532, 3.30096, 1703.151, 14 May 2025, 05:07:51
  3.7438, 3.30060, 1713.903, 14 May 2025, 05:08:01
  3.7117, 3.29823, 1724.037, 14 May 2025, 05:08:11
  3.7075, 3.29824, 1734.295, 14 May 2025, 05:08:21
  3.7077, 3.29860, 1744.800, 14 May 2025, 05:08:31
  3.7050, 3.29886, 1755.182, 14 May 2025, 05:08:41
  3.7024, 3.29925, 1765.069, 14 May 2025, 05:08:51
  3.7054, 3.29996, 1775.203, 14 May 2025, 05:09:01
  3.6917, 3.29946, 1785.214, 14 May 2025, 05:09:11
  3.6860, 3.29927, 1795.472, 14 May 2025, 05:09:21
  3.6802, 3.29919, 1805.359, 14 May 2025, 05:09:31
  3.6773, 3.29932, 1815.246, 14 May 2025, 05:09:41
  3.6695, 3.29923, 1825.010, 14 May 2025, 05:09:51
  3.6659, 3.29921, 1835.515, 14 May 2025, 05:10:01
  3.6631, 3.29935, 1845.402, 14 May 2025, 05:10:11
  3.6615, 3.29962, 1855.042, 14 May 2025, 05:10:21
  3.6398, 3.29834, 1864.929, 14 May 2025, 05:10:31
  3.6325, 3.29796, 1875.558, 14 May 2025, 05:10:41
  3.6284, 3.29804, 1885.569, 14 May 2025, 05:10:51
  3.6184, 3.29779, 1895.209, 14 May 2025, 05:11:01
  3.5894, 3.29574, 1905.467, 14 May 2025, 05:11:11
  3.5691, 3.29430, 1915.477, 14 May 2025, 05:11:21
  3.5586, 3.29377, 1925.488, 14 May 2025, 05:11:31
  3.5420, 3.29252, 1935.870, 14 May 2025, 05:11:41
  3.5342, 3.29222, 1946.128, 14 May 2025, 05:11:51
  3.5239, 3.29173, 1955.891, 14 May 2025, 05:12:01
  3.5080, 3.29076, 1966.026, 14 May 2025, 05:12:11
  3.5073, 3.29110, 1976.531, 14 May 2025, 05:12:21
  3.4842, 3.28948, 1986.912, 14 May 2025, 05:12:31
  3.4643, 3.28823, 1997.046, 14 May 2025, 05:12:41
  3.4523, 3.28756, 2007.057, 14 May 2025, 05:12:51
  3.4389, 3.28682, 2017.315, 14 May 2025, 05:13:01
  3.4290, 3.28639, 2027.944, 14 May 2025, 05:13:11
  3.4174, 3.28566, 2037.954, 14 May 2025, 05:13:21
  3.4009, 3.28473, 2047.965, 14 May 2025, 05:13:31
  3.3914, 3.28430, 2058.100, 14 May 2025, 05:13:41
  3.3868, 3.28421, 2068.110, 14 May 2025, 05:13:51
  3.3769, 3.28385, 2078.121, 14 May 2025, 05:14:01
  3.3548, 3.28220, 2088.503, 14 May 2025, 05:14:11
  3.3376, 3.28133, 2098.266, 14 May 2025, 05:14:21
  3.3094, 3.27923, 2108.401, 14 May 2025, 05:14:31
  3.2863, 3.27771, 2118.658, 14 May 2025, 05:14:41
  3.2696, 3.27647, 2128.793, 14 May 2025, 05:14:51
  3.2429, 3.27462, 2138.803, 14 May 2025, 05:15:01
  3.2201, 3.27301, 2148.814, 14 May 2025, 05:15:11
  3.1966, 3.27140, 2158.701, 14 May 2025, 05:15:21
  3.1719, 3.26977, 2168.959, 14 May 2025, 05:15:31
  3.1564, 3.26882, 2179.093, 14 May 2025, 05:15:41
  3.1305, 3.26689, 2189.352, 14 May 2025, 05:15:51
  3.1073, 3.26502, 2199.363, 14 May 2025, 05:16:01
  3.0741, 3.26279, 2209.497, 14 May 2025, 05:16:11
  3.0557, 3.26154, 2219.508, 14 May 2025, 05:16:21
  3.0374, 3.26022, 2229.642, 14 May 2025, 05:16:31
  3.0142, 3.25859, 2239.776, 14 May 2025, 05:16:41
  2.9826, 3.25625, 2250.034, 14 May 2025, 05:16:51
  2.9706, 3.25553, 2260.045, 14 May 2025, 05:17:01
  2.9456, 3.25366, 2270.179, 14 May 2025, 05:17:11
  2.9185, 3.25167, 2280.066, 14 May 2025, 05:17:21
  2.9041, 3.25075, 2290.324, 14 May 2025, 05:17:31
  2.9009, 3.25086, 2300.458, 14 May 2025, 05:17:41
  2.8815, 3.24958, 2310.346, 14 May 2025, 05:17:51
  2.8774, 3.24937, 2320.480, 14 May 2025, 05:18:01
  2.8786, 3.24981, 2330.367, 14 May 2025, 05:18:11
  2.8687, 3.24936, 2340.378, 14 May 2025, 05:18:21
  2.8701, 3.25001, 2342.479, 14 May 2025, 05:18:31
  2.8604, 3.24902, 2350.018, 14 May 2025, 05:18:41
  2.8538, 3.24875, 2358.422, 14 May 2025, 05:18:51
  2.8449, 3.24835, 2366.208, 14 May 2025, 05:19:01
  2.8433, 3.24853, 2373.994, 14 May 2025, 05:19:11
  2.8415, 3.24850, 2382.398, 14 May 2025, 05:19:21
  2.8383, 3.24869, 2390.555, 14 May 2025, 05:19:31
  2.8326, 3.24864, 2398.341, 14 May 2025, 05:19:41
  2.8300, 3.24837, 2401.678, 14 May 2025, 05:19:51
  2.8143, 3.24733, 2406.498, 14 May 2025, 05:20:01
  2.8090, 3.24704, 2411.318, 14 May 2025, 05:20:11
  2.8055, 3.24717, 2415.891, 14 May 2025, 05:20:21
  2.8056, 3.24722, 2417.868, 14 May 2025, 05:20:31
  2.8043, 3.24699, 2417.621, 14 May 2025, 05:20:41
  2.8038, 3.24670, 2417.992, 14 May 2025, 05:20:51
  2.8032, 3.24655, 2418.239, 14 May 2025, 05:21:01
  2.8063, 3.24657, 2417.992, 14 May 2025, 05:21:11
  2.8052, 3.24659, 2417.498, 14 May 2025, 05:21:21
  2.8060, 3.24654, 2417.127, 14 May 2025, 05:21:31
  2.8062, 3.24657, 2417.621, 14 May 2025, 05:21:41
  2.8060, 3.24656, 2418.115, 14 May 2025, 05:21:51
  2.8062, 3.24657, 2417.868, 14 May 2025, 05:22:01
  2.8060, 3.24654, 2417.003, 14 May 2025, 05:22:11
  2.8064, 3.24658, 2417.868, 14 May 2025, 05:22:21
  2.8071, 3.24660, 2417.374, 14 May 2025, 05:22:31
  2.8067, 3.24664, 2418.115, 14 May 2025, 05:22:41
  2.8070, 3.24664, 2417.745, 14 May 2025, 05:22:51
  2.8072, 3.24666, 2417.498, 14 May 2025, 05:23:01
  2.8070, 3.24667, 2417.621, 14 May 2025, 05:23:11
  2.8070, 3.24666, 2417.498, 14 May 2025, 05:23:21
  2.8068, 3.24666, 2417.868, 14 May 2025, 05:23:31
  2.8068, 3.24666, 2418.115, 14 May 2025, 05:23:41
  2.8068, 3.24667, 2417.745, 14 May 2025, 05:23:51
  2.8071, 3.24667, 2417.498, 14 May 2025, 05:24:01
  2.8072, 3.24665, 2417.621, 14 May 2025, 05:24:11
  2.8074, 3.24668, 2417.621, 14 May 2025, 05:24:21
  2.8074, 3.24669, 2417.745, 14 May 2025, 05:24:31
  2.8073, 3.24668, 2417.868, 14 May 2025, 05:24:41
  2.8077, 3.24670, 2417.498, 14 May 2025, 05:24:51
  2.8077, 3.24674, 2417.621, 14 May 2025, 05:25:01
  2.8074, 3.24675, 2418.115, 14 May 2025, 05:25:11
  2.8073, 3.24673, 2417.992, 14 May 2025, 05:25:21
  2.8076, 3.24671, 2417.745, 14 May 2025, 05:25:31
  2.8071, 3.24668, 2417.498, 14 May 2025, 05:25:41
  2.8069, 3.24667, 2417.745, 14 May 2025, 05:25:51
  2.8070, 3.24669, 2418.363, 14 May 2025, 05:26:01
  2.8071, 3.24670, 2417.868, 14 May 2025, 05:26:11
  2.8063, 3.24662, 2417.250, 14 May 2025, 05:26:21
  2.8060, 3.24659, 2417.745, 14 May 2025, 05:26:31
  2.8062, 3.24663, 2417.868, 14 May 2025, 05:26:41
  2.8067, 3.24664, 2417.621, 14 May 2025, 05:26:51
  2.8067, 3.24664, 2417.868, 14 May 2025, 05:27:01
  2.8071, 3.24670, 2418.363, 14 May 2025, 05:27:11
  2.8070, 3.24670, 2418.115, 14 May 2025, 05:27:21
  2.8069, 3.24666, 2417.250, 14 May 2025, 05:27:31
  2.8069, 3.24668, 2417.992, 14 May 2025, 05:27:41
  2.8071, 3.24670, 2417.992, 14 May 2025, 05:27:51
  2.8074, 3.24675, 2418.486, 14 May 2025, 05:28:01
  2.8076, 3.24676, 2417.992, 14 May 2025, 05:28:11
  2.8071, 3.24671, 2417.745, 14 May 2025, 05:28:21
  2.8072, 3.24674, 2418.115, 14 May 2025, 05:28:31
  2.8079, 3.24675, 2417.621, 14 May 2025, 05:28:41
  2.8079, 3.24680, 2418.363, 14 May 2025, 05:28:51
  2.8076, 3.24681, 2418.486, 14 May 2025, 05:29:01
  2.8078, 3.24678, 2417.621, 14 May 2025, 05:29:11
  2.8072, 3.24678, 2417.868, 14 May 2025, 05:29:21
  2.8076, 3.24676, 2418.239, 14 May 2025, 05:29:31
  2.8074, 3.24677, 2418.239, 14 May 2025, 05:29:41
  2.8074, 3.24676, 2417.745, 14 May 2025, 05:29:51
  2.8072, 3.24678, 2418.239, 14 May 2025, 05:30:01
  2.8071, 3.24673, 2417.498, 14 May 2025, 05:30:11
  2.8068, 3.24670, 2417.745, 14 May 2025, 05:30:21
  2.8070, 3.24674, 2417.745, 14 May 2025, 05:30:31
  2.8068, 3.24674, 2418.115, 14 May 2025, 05:30:41
  2.8067, 3.24671, 2418.115, 14 May 2025, 05:30:51
  2.8065, 3.24673, 2418.239, 14 May 2025, 05:31:01
  2.8063, 3.24669, 2417.992, 14 May 2025, 05:31:11
  2.8057, 3.24665, 2418.239, 14 May 2025, 05:31:21
  2.8058, 3.24664, 2418.363, 14 May 2025, 05:31:31
  2.8064, 3.24668, 2417.745, 14 May 2025, 05:31:41
  2.8066, 3.24669, 2417.498, 14 May 2025, 05:31:51
  2.8065, 3.24668, 2418.239, 14 May 2025, 05:32:01
  2.8058, 3.24669, 2418.610, 14 May 2025, 05:32:11
  2.8058, 3.24666, 2418.239, 14 May 2025, 05:32:21
  2.8059, 3.24667, 2417.992, 14 May 2025, 05:32:31
  2.8067, 3.24673, 2418.239, 14 May 2025, 05:32:41
  2.8071, 3.24673, 2417.992, 14 May 2025, 05:32:51
  2.8071, 3.24676, 2418.486, 14 May 2025, 05:33:01
  2.8071, 3.24676, 2418.239, 14 May 2025, 05:33:11
  2.8074, 3.24677, 2418.239, 14 May 2025, 05:33:21
  2.8077, 3.24681, 2418.363, 14 May 2025, 05:33:31
  2.8077, 3.24683, 2418.115, 14 May 2025, 05:33:41
  2.8078, 3.24683, 2418.363, 14 May 2025, 05:33:51
  2.8076, 3.24683, 2418.239, 14 May 2025, 05:34:01
  2.8076, 3.24680, 2417.745, 14 May 2025, 05:34:11
  2.8076, 3.24683, 2418.363, 14 May 2025, 05:34:21
  2.8076, 3.24683, 2418.363, 14 May 2025, 05:34:31
  2.8073, 3.24681, 2418.239, 14 May 2025, 05:34:41
  2.8072, 3.24680, 2418.239, 14 May 2025, 05:34:51
  2.8074, 3.24681, 2417.992, 14 May 2025, 05:35:01
  2.8072, 3.24682, 2418.610, 14 May 2025, 05:35:11
  2.8074, 3.24684, 2418.734, 14 May 2025, 05:35:21
  2.8075, 3.24679, 2418.239, 14 May 2025, 05:35:31
  2.8074, 3.24683, 2418.486, 14 May 2025, 05:35:41
  2.8076, 3.24681, 2417.745, 14 May 2025, 05:35:51
  2.8080, 3.24687, 2418.610, 14 May 2025, 05:36:01
  2.8080, 3.24687, 2418.610, 14 May 2025, 05:36:11
  2.8080, 3.24688, 2418.486, 14 May 2025, 05:36:21
  2.8082, 3.24668, 2413.790, 14 May 2025, 05:36:31
  2.8140, 3.24679, 2406.251, 14 May 2025, 05:36:41
  2.8318, 3.24775, 2399.083, 14 May 2025, 05:36:51
  2.8392, 3.24745, 2391.297, 14 May 2025, 05:37:01
  2.8404, 3.24710, 2383.510, 14 May 2025, 05:37:11
  2.8430, 3.24737, 2375.601, 14 May 2025, 05:37:21
  2.8436, 3.24725, 2367.815, 14 May 2025, 05:37:31
  2.8437, 3.24745, 2362.130, 14 May 2025, 05:37:41
  2.8434, 3.24763, 2362.500, 14 May 2025, 05:37:51
  2.8444, 3.24765, 2362.871, 14 May 2025, 05:38:01
  2.8440, 3.24772, 2362.500, 14 May 2025, 05:38:11
  2.8441, 3.24791, 2362.500, 14 May 2025, 05:38:21
  2.8439, 3.24793, 2362.500, 14 May 2025, 05:38:31
  2.8438, 3.24787, 2362.500, 14 May 2025, 05:38:41
  2.8443, 3.24787, 2362.500, 14 May 2025, 05:38:51
  2.8444, 3.24791, 2362.006, 14 May 2025, 05:39:01
  2.8446, 3.24800, 2362.253, 14 May 2025, 05:39:11
  2.8442, 3.24806, 2362.377, 14 May 2025, 05:39:21
  2.8446, 3.24808, 2363.118, 14 May 2025, 05:39:31
  2.8449, 3.24792, 2357.557, 14 May 2025, 05:39:41
  2.8478, 3.24782, 2350.018, 14 May 2025, 05:39:51
  2.8557, 3.24802, 2342.355, 14 May 2025, 05:40:01
  2.8568, 3.24802, 2338.277, 14 May 2025, 05:40:11
  2.8560, 3.24794, 2337.906, 14 May 2025, 05:40:21
  2.8640, 3.24801, 2331.603, 14 May 2025, 05:40:31
  2.8673, 3.24849, 2323.693, 14 May 2025, 05:40:41
  2.8727, 3.24861, 2316.155, 14 May 2025, 05:40:51
  2.8735, 3.24839, 2308.492, 14 May 2025, 05:41:01
  2.8765, 3.24824, 2300.706, 14 May 2025, 05:41:11
  2.8963, 3.24947, 2292.549, 14 May 2025, 05:41:21
  2.9005, 3.24982, 2284.762, 14 May 2025, 05:41:31
  2.9080, 3.24999, 2277.100, 14 May 2025, 05:41:41
  2.9341, 3.25180, 2269.190, 14 May 2025, 05:41:51
  2.9588, 3.25380, 2260.910, 14 May 2025, 05:42:01
  2.9891, 3.25523, 2253.000, 14 May 2025, 05:42:11
  2.9943, 3.25632, 2245.461, 14 May 2025, 05:42:21
  3.0074, 3.25694, 2237.181, 14 May 2025, 05:42:31
  3.0229, 3.25825, 2229.271, 14 May 2025, 05:42:41
  3.0284, 3.25852, 2221.609, 14 May 2025, 05:42:51
  3.0396, 3.25932, 2213.822, 14 May 2025, 05:43:01
  3.0810, 3.26233, 2206.036, 14 May 2025, 05:43:11
  3.0920, 3.26319, 2198.003, 14 May 2025, 05:43:21
  3.1122, 3.26423, 2190.340, 14 May 2025, 05:43:31
  3.1235, 3.26519, 2183.543, 14 May 2025, 05:43:41
  3.1413, 3.26538, 2176.498, 14 May 2025, 05:43:51
  3.1428, 3.26644, 2169.824, 14 May 2025, 05:44:01
  3.1512, 3.26705, 2162.162, 14 May 2025, 05:44:11
  3.1644, 3.26739, 2154.500, 14 May 2025, 05:44:21
  3.1829, 3.26917, 2147.331, 14 May 2025, 05:44:31
  3.1951, 3.27000, 2139.916, 14 May 2025, 05:44:41
  3.2238, 3.27038, 2132.501, 14 May 2025, 05:44:51
  3.2097, 3.27019, 2132.501, 14 May 2025, 05:45:01
  3.2153, 3.27127, 2132.377, 14 May 2025, 05:45:11
  3.2225, 3.27105, 2132.377, 14 May 2025, 05:45:21
  3.2233, 3.27190, 2132.377, 14 May 2025, 05:45:31
  3.2242, 3.27237, 2132.871, 14 May 2025, 05:45:41
  3.2256, 3.27238, 2132.377, 14 May 2025, 05:45:51
  3.2254, 3.27260, 2132.377, 14 May 2025, 05:46:01
  3.2269, 3.27267, 2132.501, 14 May 2025, 05:46:11
  3.2279, 3.27291, 2132.748, 14 May 2025, 05:46:21
  3.2283, 3.27293, 2132.501, 14 May 2025, 05:46:31
  3.2285, 3.27296, 2132.748, 14 May 2025, 05:46:41
  3.2287, 3.27298, 2132.501, 14 May 2025, 05:46:51
  3.2286, 3.27299, 2132.995, 14 May 2025, 05:47:01
  3.2360, 3.27307, 2127.804, 14 May 2025, 05:47:11
  3.2572, 3.27415, 2119.647, 14 May 2025, 05:47:21
  3.2697, 3.27441, 2112.479, 14 May 2025, 05:47:31
  3.2755, 3.27461, 2104.569, 14 May 2025, 05:47:41
  3.2825, 3.27427, 2096.536, 14 May 2025, 05:47:51
  3.2978, 3.27402, 2088.874, 14 May 2025, 05:48:01
  3.3237, 3.27670, 2081.211, 14 May 2025, 05:48:11
  3.3487, 3.27808, 2073.301, 14 May 2025, 05:48:21
  3.3562, 3.27778, 2065.515, 14 May 2025, 05:48:31
  3.3712, 3.28108, 2057.605, 14 May 2025, 05:48:41
  3.3848, 3.28084, 2049.943, 14 May 2025, 05:48:51
  3.3918, 3.28285, 2042.527, 14 May 2025, 05:49:01
  3.4034, 3.28356, 2034.370, 14 May 2025, 05:49:11
  3.4078, 3.28384, 2031.404, 14 May 2025, 05:49:21
  3.4086, 3.28375, 2031.404, 14 May 2025, 05:49:31
  3.4125, 3.28431, 2032.022, 14 May 2025, 05:49:41
  3.4128, 3.28462, 2032.146, 14 May 2025, 05:49:51
  3.4125, 3.28478, 2031.281, 14 May 2025, 05:50:01
  3.4128, 3.28503, 2031.899, 14 May 2025, 05:50:11
  3.4124, 3.28501, 2031.899, 14 May 2025, 05:50:21
  3.4126, 3.28491, 2031.775, 14 May 2025, 05:50:31
  3.4119, 3.28500, 2031.775, 14 May 2025, 05:50:41
  3.4129, 3.28504, 2031.651, 14 May 2025, 05:50:51
  3.4121, 3.28506, 2031.775, 14 May 2025, 05:51:01
  3.4116, 3.28509, 2032.269, 14 May 2025, 05:51:11
  3.4117, 3.28507, 2031.651, 14 May 2025, 05:51:21
  3.4112, 3.28504, 2031.528, 14 May 2025, 05:51:31
  3.4121, 3.28510, 2031.775, 14 May 2025, 05:51:41
  3.4115, 3.28513, 2032.022, 14 May 2025, 05:51:51
  3.4116, 3.28510, 2031.775, 14 May 2025, 05:52:01
  3.4110, 3.28510, 2032.269, 14 May 2025, 05:52:11
  3.4118, 3.28509, 2031.775, 14 May 2025, 05:52:21
  3.4115, 3.28512, 2032.022, 14 May 2025, 05:52:31
  3.4097, 3.28501, 2031.775, 14 May 2025, 05:52:41
  3.4087, 3.28490, 2031.775, 14 May 2025, 05:52:51
  3.4093, 3.28492, 2032.022, 14 May 2025, 05:53:01
  3.4095, 3.28494, 2032.146, 14 May 2025, 05:53:11
  3.4094, 3.28493, 2032.393, 14 May 2025, 05:53:21
  3.4095, 3.28491, 2032.022, 14 May 2025, 05:53:31
  3.4099, 3.28491, 2031.899, 14 May 2025, 05:53:41
  3.4101, 3.28494, 2032.022, 14 May 2025, 05:53:51
  3.4099, 3.28497, 2032.146, 14 May 2025, 05:54:01
  3.4099, 3.28493, 2031.899, 14 May 2025, 05:54:11
  3.4101, 3.28492, 2031.404, 14 May 2025, 05:54:21
  3.4101, 3.28497, 2032.517, 14 May 2025, 05:54:31
  3.4099, 3.28498, 2032.022, 14 May 2025, 05:54:41
  3.4100, 3.28496, 2032.146, 14 May 2025, 05:54:51
  3.4094, 3.28492, 2032.022, 14 May 2025, 05:55:01
  3.4091, 3.28492, 2031.899, 14 May 2025, 05:55:11
  3.4089, 3.28489, 2032.146, 14 May 2025, 05:55:21
  3.4086, 3.28490, 2032.640, 14 May 2025, 05:55:31
  3.4089, 3.28486, 2032.393, 14 May 2025, 05:55:41
  3.4083, 3.28480, 2032.022, 14 May 2025, 05:55:51
  3.4078, 3.28480, 2031.899, 14 May 2025, 05:56:01
  3.4076, 3.28478, 2031.899, 14 May 2025, 05:56:11
  3.4073, 3.28477, 2032.022, 14 May 2025, 05:56:21
  3.4072, 3.28475, 2032.517, 14 May 2025, 05:56:31
  3.4074, 3.28474, 2032.022, 14 May 2025, 05:56:41
  3.4090, 3.28469, 2029.674, 14 May 2025, 05:56:51
  3.4136, 3.28470, 2022.259, 14 May 2025, 05:57:01
  3.4239, 3.28453, 2014.473, 14 May 2025, 05:57:11
  3.4416, 3.28526, 2006.192, 14 May 2025, 05:57:21
  3.4488, 3.28548, 1998.406, 14 May 2025, 05:57:31
  3.4517, 3.28624, 1990.496, 14 May 2025, 05:57:41
  3.4603, 3.28493, 1982.710, 14 May 2025, 05:57:51
  3.4712, 3.28562, 1974.677, 14 May 2025, 05:58:01
  3.4783, 3.28626, 1966.890, 14 May 2025, 05:58:11
  3.4871, 3.28810, 1958.610, 14 May 2025, 05:58:21
  3.5025, 3.28878, 1950.700, 14 May 2025, 05:58:31
  3.5194, 3.29024, 1942.791, 14 May 2025, 05:58:41
  3.5444, 3.29247, 1934.881, 14 May 2025, 05:58:51
  3.5710, 3.29347, 1928.454, 14 May 2025, 05:59:01
