odissea/data/moor/raw/ce25007/microcat_cal_dip/cast13/5509_cal_dip_data.asc
* Sea-Bird SBE37 Data File:
* FileName = C:\CE25007_recovery_data\5509_cal_dip_data.asc
* Software Version 1.59
* Temperature SN = 5509
* Conductivity SN = 5509
* System UpLoad Time = May 14 2025 13:41:09
* ds
* SBE37-SM V 2.6b  SERIAL NO. 5509    14 May 2025  13:40:31
*END*
start time =  14 May 2025  04:15:01
sample interval = 10 seconds
start sample number = 46318
 15.5843, 0.01546,    0.831, 14 May 2025, 04:15:01
 15.6169, 0.01546,    0.831, 14 May 2025, 04:15:11
 15.7164, 0.01546,    0.707, 14 May 2025, 04:15:21
 15.8170, 0.01546,    0.707, 14 May 2025, 04:15:31
 15.9043, 0.01546,    0.707, 14 May 2025, 04:15:41
 15.9506, 0.01546,    0.707, 14 May 2025, 04:15:51
 15.9127, 0.01545,    0.707, 14 May 2025, 04:16:01
 15.9091, 0.01545,    0.707, 14 May 2025, 04:16:11
 15.7729, 0.01545,    0.831, 14 May 2025, 04:16:21
 15.6974, 0.01544,    0.831, 14 May 2025, 04:16:31
 15.6864, 0.01544,    0.831, 14 May 2025, 04:16:41
 15.7789, 0.01543,    0.831, 14 May 2025, 04:16:51
 15.7482, 0.01543,    0.831, 14 May 2025, 04:17:01
 15.6215, 0.01542,    0.954, 14 May 2025, 04:17:11
 15.6287, 0.01541,    0.831, 14 May 2025, 04:17:21
 15.5559, 0.01540,    0.954, 14 May 2025, 04:17:31
 15.6242, 0.01540,    0.831, 14 May 2025, 04:17:41
 15.6601, 0.01539,    0.831, 14 May 2025, 04:17:51
 15.6923, 0.01539,    0.831, 14 May 2025, 04:18:01
 15.7640, 0.01539,    0.831, 14 May 2025, 04:18:11
 15.7639, 0.01538,    0.707, 14 May 2025, 04:18:21
 15.8057, 0.01538,    0.707, 14 May 2025, 04:18:31
 15.7845, 0.01538,    0.707, 14 May 2025, 04:18:41
 15.7681, 0.01538,    0.707, 14 May 2025, 04:18:51
 15.7464, 0.01537,    0.707, 14 May 2025, 04:19:01
 15.7437, 0.01537,    0.707, 14 May 2025, 04:19:11
 15.7030, 0.01536,    0.707, 14 May 2025, 04:19:21
 15.7509, 0.01536,    0.707, 14 May 2025, 04:19:31
 15.7352, 0.01535,    0.707, 14 May 2025, 04:19:41
 15.6457, 0.01534,    0.707, 14 May 2025, 04:19:51
 15.6325, 0.01534,    0.707, 14 May 2025, 04:20:01
 15.5781, 0.01533,    0.831, 14 May 2025, 04:20:11
 15.5842, 0.01533,    0.707, 14 May 2025, 04:20:21
 15.6127, 0.01532,    0.707, 14 May 2025, 04:20:31
 15.6998, 0.01532,    0.583, 14 May 2025, 04:20:41
 15.6977, 0.01531,    0.583, 14 May 2025, 04:20:51
 15.5615, 0.01530,    0.707, 14 May 2025, 04:21:01
 15.5741, 0.01530,    0.707, 14 May 2025, 04:21:11
 15.6036, 0.01530,    0.707, 14 May 2025, 04:21:21
 15.6048, 0.01529,    0.707, 14 May 2025, 04:21:31
 15.5983, 0.01529,    0.707, 14 May 2025, 04:21:41
 15.6075, 0.01528,    0.707, 14 May 2025, 04:21:51
 15.6205, 0.01528,    0.583, 14 May 2025, 04:22:01
 15.6275, 0.01528,    0.583, 14 May 2025, 04:22:11
 15.6363, 0.01528,    0.583, 14 May 2025, 04:22:21
 15.5714, 0.01527,    0.583, 14 May 2025, 04:22:31
 15.5195, 0.01526,    0.707, 14 May 2025, 04:22:41
 15.4210, 0.01525,    0.707, 14 May 2025, 04:22:51
 15.4628, 0.01525,    0.707, 14 May 2025, 04:23:01
 15.5637, 0.01526,    0.583, 14 May 2025, 04:23:11
 15.5644, 0.01525,    0.583, 14 May 2025, 04:23:21
 15.6254, 0.01525,    0.583, 14 May 2025, 04:23:31
 15.6333, 0.01525,    0.583, 14 May 2025, 04:23:41
 15.6678, 0.01525,    0.583, 14 May 2025, 04:23:51
 15.6598, 0.01524,    0.583, 14 May 2025, 04:24:01
 15.7150, 0.01525,    0.583, 14 May 2025, 04:24:11
 15.6804, 0.01526,    0.583, 14 May 2025, 04:24:21
 15.6726, 0.01525,    0.460, 14 May 2025, 04:24:31
 15.5781, 0.01524,    0.583, 14 May 2025, 04:24:41
 15.5367, 0.01524,    0.460, 14 May 2025, 04:24:51
 15.5417, 0.01523,    0.460, 14 May 2025, 04:25:01
 15.5100, 0.01523,    0.583, 14 May 2025, 04:25:11
 15.4746, 0.01522,    0.583, 14 May 2025, 04:25:21
 15.4727, 0.01522,    0.583, 14 May 2025, 04:25:31
 15.5569, 0.01522,    0.460, 14 May 2025, 04:25:41
 15.5540, 0.01522,    0.460, 14 May 2025, 04:25:51
 15.6023, 0.01522,    0.460, 14 May 2025, 04:26:01
 15.6386, 0.01522,    0.460, 14 May 2025, 04:26:11
 15.6635, 0.01522,    0.336, 14 May 2025, 04:26:21
 15.6870, 0.01522,    0.336, 14 May 2025, 04:26:31
 15.6240, 0.01521,    0.336, 14 May 2025, 04:26:41
 15.5262, 0.01521,    0.460, 14 May 2025, 04:26:51
 15.5805, 0.01521,    0.336, 14 May 2025, 04:27:01
 15.6970, 0.01521,    0.336, 14 May 2025, 04:27:11
 15.7450, 0.01521,    0.213, 14 May 2025, 04:27:21
 15.7271, 0.01521,    0.213, 14 May 2025, 04:27:31
 15.7195, 0.01521,    0.213, 14 May 2025, 04:27:41
 15.6900, 0.01521,    0.336, 14 May 2025, 04:27:51
 15.7127, 0.01520,    0.213, 14 May 2025, 04:28:01
 15.7180, 0.01520,    0.213, 14 May 2025, 04:28:11
 15.7290, 0.01520,    0.213, 14 May 2025, 04:28:21
 15.7390, 0.01520,    0.213, 14 May 2025, 04:28:31
 15.7260, 0.01520,    0.213, 14 May 2025, 04:28:41
 15.7201, 0.01520,    0.213, 14 May 2025, 04:28:51
 15.7115, 0.01520,    0.213, 14 May 2025, 04:29:01
 15.6574, 0.01519,    0.213, 14 May 2025, 04:29:11
 15.6212, 0.01519,    0.213, 14 May 2025, 04:29:21
 15.6426, 0.01518,    0.213, 14 May 2025, 04:29:31
 15.6646, 0.01518,    0.213, 14 May 2025, 04:29:41
 15.6120, 0.01517,    0.213, 14 May 2025, 04:29:51
 15.5448, 0.01517,    0.213, 14 May 2025, 04:30:01
 15.5072, 0.01516,    0.213, 14 May 2025, 04:30:11
 15.5252, 0.01516,    0.213, 14 May 2025, 04:30:21
 15.5621, 0.01516,    0.213, 14 May 2025, 04:30:31
 15.5979, 0.01515,    0.213, 14 May 2025, 04:30:41
 15.5894, 0.01515,    0.213, 14 May 2025, 04:30:51
 15.6462, 0.01515,    0.213, 14 May 2025, 04:31:01
 15.5749, 0.01514,    0.213, 14 May 2025, 04:31:11
 15.6076, 0.01514,    0.213, 14 May 2025, 04:31:21
 15.5974, 0.01514,    0.213, 14 May 2025, 04:31:31
 15.5726, 0.01513,    0.213, 14 May 2025, 04:31:41
 15.5388, 0.01513,    0.213, 14 May 2025, 04:31:51
 15.4792, 0.01512,    0.336, 14 May 2025, 04:32:01
 15.3364, 0.01511,    0.336, 14 May 2025, 04:32:11
 15.2911, 0.01510,    0.460, 14 May 2025, 04:32:21
 15.1984, 0.01510,    0.460, 14 May 2025, 04:32:31
 15.2647, 0.01509,    0.460, 14 May 2025, 04:32:41
 15.2835, 0.01509,    0.460, 14 May 2025, 04:32:51
 15.3206, 0.01508,    0.336, 14 May 2025, 04:33:01
 15.3201, 0.01507,    0.336, 14 May 2025, 04:33:11
 15.2668, 0.01506,    0.460, 14 May 2025, 04:33:21
 15.2404, 0.01506,    0.460, 14 May 2025, 04:33:31
 15.2675, 0.01505,    0.460, 14 May 2025, 04:33:41
 15.3247, 0.01505,    0.460, 14 May 2025, 04:33:51
 15.4224, 0.01505,    0.336, 14 May 2025, 04:34:01
 15.4450, 0.01505,    0.336, 14 May 2025, 04:34:11
 15.4280, 0.01504,    0.336, 14 May 2025, 04:34:21
 15.4026, 0.01504,    0.336, 14 May 2025, 04:34:31
 15.4064, 0.01504,    0.336, 14 May 2025, 04:34:41
 15.3192, 0.01503,    0.336, 14 May 2025, 04:34:51
 15.2187, 0.01502,    0.460, 14 May 2025, 04:35:01
 15.1631, 0.01501,    0.460, 14 May 2025, 04:35:11
 15.1371, 0.01501,    0.460, 14 May 2025, 04:35:21
 15.0685, 0.01500,    0.583, 14 May 2025, 04:35:31
 15.0060, 0.01499,    0.583, 14 May 2025, 04:35:41
 15.0325, 0.01498,    0.583, 14 May 2025, 04:35:51
 15.0740, 0.01498,    0.583, 14 May 2025, 04:36:01
 14.9548, 0.01496,    0.583, 14 May 2025, 04:36:11
 14.7217, 0.01495,    0.707, 14 May 2025, 04:36:21
 14.5792, 0.01493,    0.831, 14 May 2025, 04:36:31
 14.2427, 1.79968,    1.448, 14 May 2025, 04:36:41
 12.3911, 4.13413,    3.302, 14 May 2025, 04:36:51
 12.3599, 4.10778,    3.920, 14 May 2025, 04:37:01
 12.3503, 4.09617,    6.886, 14 May 2025, 04:37:11
 12.3491, 4.08978,   10.718, 14 May 2025, 04:37:21
 12.3480, 4.09492,   14.425, 14 May 2025, 04:37:31
 12.3429, 4.08596,   15.043, 14 May 2025, 04:37:41
 12.3434, 4.08531,   15.167, 14 May 2025, 04:37:51
 12.3429, 4.08663,   12.695, 14 May 2025, 04:38:01
 12.3420, 4.08387,    9.111, 14 May 2025, 04:38:11
 12.3409, 4.08126,    7.257, 14 May 2025, 04:38:21
 12.3408, 4.08059,    7.381, 14 May 2025, 04:38:31
 12.3402, 4.07967,    7.257, 14 May 2025, 04:38:41
 12.3421, 4.07827,   10.347, 14 May 2025, 04:38:51
 12.3422, 4.07754,   14.920, 14 May 2025, 04:39:01
 12.3388, 4.07756,   19.740, 14 May 2025, 04:39:11
 12.1846, 4.06493,   24.189, 14 May 2025, 04:39:21
 12.0824, 4.05438,   28.515, 14 May 2025, 04:39:31
 11.9255, 4.03969,   33.335, 14 May 2025, 04:39:41
 11.5149, 4.00567,   40.008, 14 May 2025, 04:39:51
 11.3571, 3.98652,   46.806, 14 May 2025, 04:40:01
 11.3196, 3.98355,   53.480, 14 May 2025, 04:40:11
 11.3315, 3.98409,   60.401, 14 May 2025, 04:40:21
 11.3211, 3.98383,   66.951, 14 May 2025, 04:40:31
 11.3291, 3.98504,   73.501, 14 May 2025, 04:40:41
 11.2917, 3.98147,   81.040, 14 May 2025, 04:40:51
 11.3042, 3.98341,   89.197, 14 May 2025, 04:41:01
 11.3070, 3.98410,   97.107, 14 May 2025, 04:41:11
 11.2719, 3.98076,  105.634, 14 May 2025, 04:41:21
 11.1835, 3.97221,  110.454, 14 May 2025, 04:41:31
 11.0886, 3.96151,  119.353, 14 May 2025, 04:41:41
 11.1622, 3.97008,  129.734, 14 May 2025, 04:41:51
 11.1110, 3.96491,  140.487, 14 May 2025, 04:42:01
 11.0932, 3.96403,  150.621, 14 May 2025, 04:42:11
 11.0394, 3.95903,  160.014, 14 May 2025, 04:42:21
 10.9731, 3.95272,  169.654, 14 May 2025, 04:42:31
 10.9615, 3.95151,  179.294, 14 May 2025, 04:42:41
 10.8594, 3.94087,  189.057, 14 May 2025, 04:42:51
 10.8471, 3.94072,  198.944, 14 May 2025, 04:43:01
 10.8125, 3.93796,  208.955, 14 May 2025, 04:43:11
 10.7731, 3.93437,  219.584, 14 May 2025, 04:43:21
 10.7660, 3.93449,  229.471, 14 May 2025, 04:43:31
 10.7466, 3.93269,  239.358, 14 May 2025, 04:43:41
 10.6514, 3.92318,  249.863, 14 May 2025, 04:43:51
 10.5163, 3.90937,  259.997, 14 May 2025, 04:44:01
 10.4184, 3.89803,  270.255, 14 May 2025, 04:44:11
 10.2264, 3.87906,  280.266, 14 May 2025, 04:44:21
 10.2268, 3.87879,  290.277, 14 May 2025, 04:44:31
 10.2151, 3.87848,  300.535, 14 May 2025, 04:44:41
 10.0410, 3.86090,  310.546, 14 May 2025, 04:44:51
 10.0983, 3.86748,  320.927, 14 May 2025, 04:45:01
 10.2414, 3.88435,  331.309, 14 May 2025, 04:45:11
 10.1835, 3.87976,  341.319, 14 May 2025, 04:45:21
 10.2319, 3.88616,  351.454, 14 May 2025, 04:45:31
 10.1472, 3.87816,  361.588, 14 May 2025, 04:45:41
 10.0251, 3.86540,  372.093, 14 May 2025, 04:45:51
  9.9821, 3.86078,  382.351, 14 May 2025, 04:46:01
  9.9531, 3.85843,  392.362, 14 May 2025, 04:46:11
  9.9232, 3.85578,  402.249, 14 May 2025, 04:46:21
  9.8913, 3.85372,  411.889, 14 May 2025, 04:46:31
  9.8018, 3.84542,  422.147, 14 May 2025, 04:46:41
  9.7415, 3.84013,  432.034, 14 May 2025, 04:46:51
  9.6920, 3.83583,  441.921, 14 May 2025, 04:47:01
  9.6510, 3.83192,  452.055, 14 May 2025, 04:47:11
  9.6389, 3.83086,  462.066, 14 May 2025, 04:47:21
  9.6086, 3.82802,  472.324, 14 May 2025, 04:47:31
  9.5656, 3.82404,  482.211, 14 May 2025, 04:47:41
  9.5207, 3.82005,  492.346, 14 May 2025, 04:47:51
  9.4662, 3.81550,  502.480, 14 May 2025, 04:48:01
  9.4162, 3.80995,  512.861, 14 May 2025, 04:48:11
  9.2536, 3.79475,  522.996, 14 May 2025, 04:48:21
  9.1811, 3.78768,  533.006, 14 May 2025, 04:48:31
  9.0714, 3.77672,  543.264, 14 May 2025, 04:48:41
  9.0219, 3.77161,  553.646, 14 May 2025, 04:48:51
  8.8905, 3.75999,  563.409, 14 May 2025, 04:49:01
  8.8208, 3.75196,  574.038, 14 May 2025, 04:49:11
  8.7658, 3.74694,  584.420, 14 May 2025, 04:49:21
  8.6266, 3.73504,  594.183, 14 May 2025, 04:49:31
  8.5414, 3.72819,  603.947, 14 May 2025, 04:49:41
  8.4970, 3.72315,  614.452, 14 May 2025, 04:49:51
  8.4059, 3.71531,  624.463, 14 May 2025, 04:50:01
  8.3441, 3.70991,  634.473, 14 May 2025, 04:50:11
  8.2818, 3.70498,  644.484, 14 May 2025, 04:50:21
  8.1939, 3.69581,  654.742, 14 May 2025, 04:50:31
  8.1132, 3.68835,  664.876, 14 May 2025, 04:50:41
  8.0381, 3.68173,  674.887, 14 May 2025, 04:50:51
  7.9574, 3.67457,  684.774, 14 May 2025, 04:51:01
  7.5738, 3.63698,  694.909, 14 May 2025, 04:51:11
  7.5256, 3.62936,  705.414, 14 May 2025, 04:51:21
  7.4518, 3.62157,  715.548, 14 May 2025, 04:51:31
  7.3719, 3.61427,  725.188, 14 May 2025, 04:51:41
  7.2421, 3.60133,  735.693, 14 May 2025, 04:51:51
  7.1520, 3.59288,  746.075, 14 May 2025, 04:52:01
  7.0644, 3.58485,  756.085, 14 May 2025, 04:52:11
  6.9920, 3.57935,  766.343, 14 May 2025, 04:52:21
  6.9883, 3.57975,  776.478, 14 May 2025, 04:52:31
  6.8758, 3.56821,  787.106, 14 May 2025, 04:52:41
  6.7854, 3.56017,  797.241, 14 May 2025, 04:52:51
  6.7660, 3.55915,  807.499, 14 May 2025, 04:53:01
  6.7496, 3.55872,  817.756, 14 May 2025, 04:53:11
  6.7387, 3.55819,  827.891, 14 May 2025, 04:53:21
  6.6049, 3.54624,  838.025, 14 May 2025, 04:53:31
  6.4882, 3.53980,  847.789, 14 May 2025, 04:53:41
  6.4399, 3.52983,  858.294, 14 May 2025, 04:53:51
  6.3805, 3.52488,  868.552, 14 May 2025, 04:54:01
  6.3402, 3.52093,  878.192, 14 May 2025, 04:54:11
  6.2732, 3.51480,  888.079, 14 May 2025, 04:54:21
  6.1957, 3.50748,  897.842, 14 May 2025, 04:54:31
  6.0536, 3.49451,  907.729, 14 May 2025, 04:54:41
  6.0299, 3.49196,  917.617, 14 May 2025, 04:54:51
  5.9667, 3.48599,  927.257, 14 May 2025, 04:55:01
  5.9235, 3.48277,  937.267, 14 May 2025, 04:55:11
  5.8727, 3.47738,  947.031, 14 May 2025, 04:55:21
  5.8315, 3.47360,  956.918, 14 May 2025, 04:55:31
  5.7653, 3.46786,  966.558, 14 May 2025, 04:55:41
  5.7188, 3.46336,  976.445, 14 May 2025, 04:55:51
  5.6678, 3.45881,  986.456, 14 May 2025, 04:56:01
  5.5887, 3.45126,  996.219, 14 May 2025, 04:56:11
  5.5251, 3.44538, 1006.230, 14 May 2025, 04:56:21
  5.4536, 3.43875, 1016.117, 14 May 2025, 04:56:31
  5.3813, 3.43212, 1025.881, 14 May 2025, 04:56:41
  5.3330, 3.42740, 1036.139, 14 May 2025, 04:56:51
  5.2659, 3.42148, 1045.902, 14 May 2025, 04:57:01
  5.2308, 3.41780, 1055.913, 14 May 2025, 04:57:11
  5.1826, 3.41412, 1065.800, 14 May 2025, 04:57:21
  5.1082, 3.41048, 1075.687, 14 May 2025, 04:57:31
  5.0504, 3.40182, 1085.945, 14 May 2025, 04:57:41
  4.9758, 3.39463, 1096.327, 14 May 2025, 04:57:51
  4.9471, 3.39216, 1106.090, 14 May 2025, 04:58:01
  4.9326, 3.39098, 1116.225, 14 May 2025, 04:58:11
  4.8805, 3.38657, 1126.606, 14 May 2025, 04:58:21
  4.7839, 3.37750, 1137.111, 14 May 2025, 04:58:31
  4.6866, 3.36747, 1147.740, 14 May 2025, 04:58:41
  4.6771, 3.36658, 1157.874, 14 May 2025, 04:58:51
  4.6142, 3.36183, 1168.009, 14 May 2025, 04:59:01
  4.6244, 3.36214, 1178.267, 14 May 2025, 04:59:11
  4.6373, 3.36366, 1188.525, 14 May 2025, 04:59:21
  4.5791, 3.35899, 1198.412, 14 May 2025, 04:59:31
  4.5911, 3.36029, 1208.422, 14 May 2025, 04:59:41
  4.5829, 3.36000, 1218.680, 14 May 2025, 04:59:51
  4.5449, 3.35691, 1229.062, 14 May 2025, 05:00:01
  4.4933, 3.35255, 1238.826, 14 May 2025, 05:00:11
  4.4603, 3.34940, 1249.083, 14 May 2025, 05:00:21
  4.4623, 3.34998, 1259.094, 14 May 2025, 05:00:31
  4.4588, 3.35031, 1269.105, 14 May 2025, 05:00:41
  4.4176, 3.34684, 1278.992, 14 May 2025, 05:00:51
  4.4060, 3.34587, 1289.250, 14 May 2025, 05:01:01
  4.4031, 3.34625, 1299.137, 14 May 2025, 05:01:11
  4.3940, 3.34566, 1309.024, 14 May 2025, 05:01:21
  4.3751, 3.34451, 1319.282, 14 May 2025, 05:01:31
  4.3114, 3.33860, 1329.293, 14 May 2025, 05:01:41
  4.2170, 3.33008, 1339.180, 14 May 2025, 05:01:51
  4.1453, 3.32340, 1349.191, 14 May 2025, 05:02:01
  4.1329, 3.32226, 1359.449, 14 May 2025, 05:02:11
  4.1244, 3.32235, 1369.336, 14 May 2025, 05:02:21
  4.1808, 3.32804, 1378.852, 14 May 2025, 05:02:31
  4.1653, 3.32711, 1389.481, 14 May 2025, 05:02:41
  4.1476, 3.32593, 1399.492, 14 May 2025, 05:02:51
  4.1295, 3.32447, 1409.502, 14 May 2025, 05:03:01
  4.0734, 3.31900, 1419.266, 14 May 2025, 05:03:11
  4.0541, 3.31799, 1429.400, 14 May 2025, 05:03:21
  4.0457, 3.31750, 1439.411, 14 May 2025, 05:03:31
  4.0329, 3.31656, 1449.669, 14 May 2025, 05:03:41
  4.0197, 3.31583, 1459.433, 14 May 2025, 05:03:51
  4.0194, 3.31628, 1469.320, 14 May 2025, 05:04:01
  4.0226, 3.31710, 1479.083, 14 May 2025, 05:04:11
  3.9767, 3.31310, 1489.094, 14 May 2025, 05:04:21
  3.9645, 3.31241, 1498.981, 14 May 2025, 05:04:31
  3.9481, 3.31102, 1508.868, 14 May 2025, 05:04:41
  3.9373, 3.31049, 1519.003, 14 May 2025, 05:04:51
  3.9289, 3.31005, 1529.013, 14 May 2025, 05:05:01
  3.9212, 3.30971, 1538.777, 14 May 2025, 05:05:11
  3.9128, 3.30932, 1548.540, 14 May 2025, 05:05:21
  3.9033, 3.30870, 1558.675, 14 May 2025, 05:05:31
  3.8861, 3.30771, 1568.933, 14 May 2025, 05:05:41
  3.8788, 3.30740, 1578.944, 14 May 2025, 05:05:51
  3.8600, 3.30615, 1588.954, 14 May 2025, 05:06:01
  3.8411, 3.30483, 1599.336, 14 May 2025, 05:06:11
  3.8316, 3.30433, 1609.717, 14 May 2025, 05:06:21
  3.8257, 3.30436, 1619.975, 14 May 2025, 05:06:31
  3.8065, 3.30278, 1630.728, 14 May 2025, 05:06:41
