odissea/data/moor/raw/ce25007/microcat_cal_dip/cast13/5509_cal_dip_data.asc
* Sea-Bird SBE37 Data File:
* FileName = C:\CE25007_recovery_data\5509_cal_dip_data.asc
* Software Version 1.59
* Temperature SN = 5509
* Conductivity SN = 5509
* System UpLoad Time = May 14 2025 13:41:09
* ds
* SBE37-SM V 2.6b  SERIAL NO. 5509    14 May 2025  13:40:31
*END*
[from data line 629]
  3.5720, 3.29444, 1928.207, 14 May 2025, 05:59:21
  3.5747, 3.29463, 1928.084, 14 May 2025, 05:59:31
  3.5741, 3.29505, 1928.578, 14 May 2025, 05:59:41
  3.5746, 3.29500, 1928.578, 14 May 2025, 05:59:51
  3.5752, 3.29523, 1928.207, 14 May 2025, 06:00:01
  3.5753, 3.29519, 1927.960, 14 May 2025, 06:00:11
  3.5755, 3.29535, 1928.578, 14 May 2025, 06:00:21
  3.5756, 3.29548, 1928.207, 14 May 2025, 06:00:31
  3.5760, 3.29548, 1928.207, 14 May 2025, 06:00:41
  3.5759, 3.29556, 1928.825, 14 May 2025, 06:00:51
  3.5764, 3.29557, 1928.331, 14 May 2025, 06:01:01
  3.5771, 3.29565, 1928.702, 14 May 2025, 06:01:11
  3.5765, 3.29548, 1924.994, 14 May 2025, 06:01:21
  3.5781, 3.29516, 1917.084, 14 May 2025, 06:01:31
  3.5848, 3.29556, 1909.174, 14 May 2025, 06:01:41
  3.5980, 3.29624, 1900.770, 14 May 2025, 06:01:51
  3.6285, 3.29832, 1892.613, 14 May 2025, 06:02:01
  3.6335, 3.29844, 1884.704, 14 May 2025, 06:02:11
  3.6372, 3.29867, 1876.423, 14 May 2025, 06:02:21
  3.6393, 3.29817, 1868.514, 14 May 2025, 06:02:31
  3.6468, 3.29852, 1860.604, 14 May 2025, 06:02:41
  3.6633, 3.29944, 1852.818, 14 May 2025, 06:02:51
  3.6700, 3.29973, 1845.649, 14 May 2025, 06:03:01
  3.6765, 3.30006, 1838.605, 14 May 2025, 06:03:11
  3.6798, 3.30016, 1831.684, 14 May 2025, 06:03:21
  3.6801, 3.29954, 1826.987, 14 May 2025, 06:03:31
  3.6800, 3.29963, 1827.234, 14 May 2025, 06:03:41
  3.6792, 3.29981, 1827.234, 14 May 2025, 06:03:51
  3.6791, 3.29993, 1827.729, 14 May 2025, 06:04:01
  3.6807, 3.29984, 1827.234, 14 May 2025, 06:04:11
  3.6805, 3.30013, 1827.605, 14 May 2025, 06:04:21
  3.6812, 3.30021, 1827.605, 14 May 2025, 06:04:31
  3.6814, 3.30024, 1827.482, 14 May 2025, 06:04:41
  3.6813, 3.30033, 1827.482, 14 May 2025, 06:04:51
  3.6810, 3.30039, 1827.852, 14 May 2025, 06:05:01
  3.6810, 3.30038, 1827.976, 14 May 2025, 06:05:11
  3.6808, 3.30038, 1827.976, 14 May 2025, 06:05:21
  3.6812, 3.30036, 1827.482, 14 May 2025, 06:05:31
  3.6815, 3.30043, 1827.729, 14 May 2025, 06:05:41
  3.6813, 3.30037, 1827.358, 14 May 2025, 06:05:51
  3.6812, 3.30040, 1827.729, 14 May 2025, 06:06:01
  3.6812, 3.30040, 1827.976, 14 May 2025, 06:06:11
  3.6812, 3.30040, 1827.605, 14 May 2025, 06:06:21
  3.6810, 3.30039, 1827.852, 14 May 2025, 06:06:31
  3.6809, 3.30038, 1827.976, 14 May 2025, 06:06:41
  3.6808, 3.30039, 1827.976, 14 May 2025, 06:06:51
  3.6805, 3.30035, 1827.482, 14 May 2025, 06:07:01
  3.6805, 3.30035, 1827.729, 14 May 2025, 06:07:11
  3.6800, 3.30032, 1828.100, 14 May 2025, 06:07:21
  3.6800, 3.30030, 1827.605, 14 May 2025, 06:07:31
  3.6798, 3.30030, 1827.852, 14 May 2025, 06:07:41
  3.6799, 3.30030, 1827.976, 14 May 2025, 06:07:51
  3.6797, 3.30028, 1827.605, 14 May 2025, 06:08:01
  3.6800, 3.30028, 1827.852, 14 May 2025, 06:08:11
  3.6798, 3.30027, 1827.852, 14 May 2025, 06:08:21
  3.6798, 3.30027, 1828.100, 14 May 2025, 06:08:31
  3.6800, 3.30029, 1828.100, 14 May 2025, 06:08:41
  3.6796, 3.30026, 1827.729, 14 May 2025, 06:08:51
  3.6796, 3.30028, 1828.223, 14 May 2025, 06:09:01
  3.6799, 3.30028, 1828.100, 14 May 2025, 06:09:11
  3.6797, 3.30028, 1827.976, 14 May 2025, 06:09:21
  3.6796, 3.30027, 1828.100, 14 May 2025, 06:09:31
  3.6800, 3.30029, 1828.100, 14 May 2025, 06:09:41
  3.6797, 3.30027, 1827.852, 14 May 2025, 06:09:51
  3.6796, 3.30026, 1827.729, 14 May 2025, 06:10:01
  3.6794, 3.30027, 1828.100, 14 May 2025, 06:10:11
  3.6792, 3.30026, 1827.729, 14 May 2025, 06:10:21
  3.6792, 3.30024, 1827.729, 14 May 2025, 06:10:31
  3.6790, 3.30024, 1827.976, 14 May 2025, 06:10:41
  3.6791, 3.30021, 1827.729, 14 May 2025, 06:10:51
  3.6789, 3.30022, 1828.100, 14 May 2025, 06:11:01
  3.6792, 3.30020, 1827.605, 14 May 2025, 06:11:11
  3.6789, 3.29985, 1820.067, 14 May 2025, 06:11:21
  3.6780, 3.29945, 1812.404, 14 May 2025, 06:11:31
  3.6796, 3.29930, 1805.112, 14 May 2025, 06:11:41
  3.6837, 3.29913, 1797.079, 14 May 2025, 06:11:51
  3.6820, 3.29861, 1788.798, 14 May 2025, 06:12:01
  3.6875, 3.29852, 1781.630, 14 May 2025, 06:12:11
  3.6885, 3.29885, 1773.720, 14 May 2025, 06:12:21
  3.7102, 3.29981, 1765.811, 14 May 2025, 06:12:31
  3.7156, 3.30004, 1758.148, 14 May 2025, 06:12:41
  3.7189, 3.30023, 1750.485, 14 May 2025, 06:12:51
  3.7216, 3.30004, 1742.699, 14 May 2025, 06:13:01
  3.7241, 3.29960, 1735.161, 14 May 2025, 06:13:11
  3.7294, 3.29948, 1728.239, 14 May 2025, 06:13:21
  3.7287, 3.29997, 1725.644, 14 May 2025, 06:13:31
  3.7287, 3.29978, 1725.768, 14 May 2025, 06:13:41
  3.7292, 3.29990, 1725.891, 14 May 2025, 06:13:51
  3.7292, 3.30010, 1726.262, 14 May 2025, 06:14:01
  3.7298, 3.30010, 1725.521, 14 May 2025, 06:14:11
  3.7296, 3.30016, 1725.891, 14 May 2025, 06:14:21
  3.7296, 3.30027, 1726.262, 14 May 2025, 06:14:31
  3.7300, 3.30026, 1726.015, 14 May 2025, 06:14:41
  3.7302, 3.30033, 1726.139, 14 May 2025, 06:14:51
  3.7299, 3.30035, 1725.644, 14 May 2025, 06:15:01
  3.7300, 3.30034, 1726.262, 14 May 2025, 06:15:11
  3.7305, 3.30035, 1725.150, 14 May 2025, 06:15:21
  3.7352, 3.30036, 1717.611, 14 May 2025, 06:15:31
  3.7056, 3.29742, 1709.948, 14 May 2025, 06:15:41
  3.7222, 3.29810, 1701.791, 14 May 2025, 06:15:51
  3.7348, 3.29845, 1693.511, 14 May 2025, 06:16:01
  3.7525, 3.30004, 1685.478, 14 May 2025, 06:16:11
  3.7583, 3.30006, 1677.444, 14 May 2025, 06:16:21
  3.7693, 3.29982, 1669.782, 14 May 2025, 06:16:31
  3.7753, 3.30023, 1661.625, 14 May 2025, 06:16:41
  3.7838, 3.30146, 1653.344, 14 May 2025, 06:16:51
  3.7897, 3.30084, 1645.682, 14 May 2025, 06:17:01
  3.8050, 3.30152, 1638.514, 14 May 2025, 06:17:11
  3.8080, 3.30232, 1631.098, 14 May 2025, 06:17:21
  3.8203, 3.30368, 1623.930, 14 May 2025, 06:17:31
  3.8176, 3.30337, 1623.065, 14 May 2025, 06:17:41
  3.8237, 3.30382, 1623.312, 14 May 2025, 06:17:51
  3.8293, 3.30442, 1623.806, 14 May 2025, 06:18:01
  3.8311, 3.30451, 1623.683, 14 May 2025, 06:18:11
  3.8311, 3.30460, 1623.065, 14 May 2025, 06:18:21
  3.8310, 3.30470, 1623.188, 14 May 2025, 06:18:31
  3.8313, 3.30493, 1623.930, 14 May 2025, 06:18:41
  3.8313, 3.30483, 1623.436, 14 May 2025, 06:18:51
  3.8313, 3.30488, 1623.188, 14 May 2025, 06:19:01
  3.8313, 3.30499, 1623.436, 14 May 2025, 06:19:11
  3.8313, 3.30502, 1623.436, 14 May 2025, 06:19:21
  3.8307, 3.30499, 1623.559, 14 May 2025, 06:19:31
  3.8306, 3.30499, 1623.188, 14 May 2025, 06:19:41
  3.8309, 3.30501, 1624.054, 14 May 2025, 06:19:51
  3.8310, 3.30501, 1623.312, 14 May 2025, 06:20:01
  3.8311, 3.30499, 1623.065, 14 May 2025, 06:20:11
  3.8309, 3.30504, 1623.559, 14 May 2025, 06:20:21
  3.8312, 3.30504, 1623.559, 14 May 2025, 06:20:31
  3.8311, 3.30504, 1623.312, 14 May 2025, 06:20:41
  3.8309, 3.30504, 1623.436, 14 May 2025, 06:20:51
  3.8313, 3.30503, 1623.436, 14 May 2025, 06:21:01
  3.8315, 3.30509, 1623.683, 14 May 2025, 06:21:11
  3.8316, 3.30510, 1623.683, 14 May 2025, 06:21:21
  3.8315, 3.30508, 1623.683, 14 May 2025, 06:21:31
  3.8318, 3.30507, 1623.188, 14 May 2025, 06:21:41
  3.8317, 3.30510, 1624.054, 14 May 2025, 06:21:51
  3.8315, 3.30510, 1623.683, 14 May 2025, 06:22:01
  3.8315, 3.30506, 1623.312, 14 May 2025, 06:22:11
  3.8320, 3.30510, 1623.559, 14 May 2025, 06:22:21
  3.8315, 3.30513, 1624.054, 14 May 2025, 06:22:31
  3.8316, 3.30513, 1623.806, 14 May 2025, 06:22:41
  3.8321, 3.30510, 1623.559, 14 May 2025, 06:22:51
  3.8328, 3.30512, 1623.065, 14 May 2025, 06:23:01
  3.8332, 3.30520, 1623.683, 14 May 2025, 06:23:11
  3.8330, 3.30527, 1623.683, 14 May 2025, 06:23:21
  3.8337, 3.30529, 1623.930, 14 May 2025, 06:23:31
  3.8342, 3.30532, 1623.436, 14 May 2025, 06:23:41
  3.8343, 3.30530, 1623.436, 14 May 2025, 06:23:51
  3.8348, 3.30533, 1623.436, 14 May 2025, 06:24:01
  3.8348, 3.30539, 1623.683, 14 May 2025, 06:24:11
  3.8348, 3.30541, 1623.806, 14 May 2025, 06:24:21
  3.8356, 3.30540, 1622.570, 14 May 2025, 06:24:31
  3.8469, 3.30567, 1614.784, 14 May 2025, 06:24:41
  3.8536, 3.30607, 1606.257, 14 May 2025, 06:24:51
  3.8604, 3.30673, 1598.594, 14 May 2025, 06:25:01
  3.8768, 3.30795, 1590.190, 14 May 2025, 06:25:11
  3.8968, 3.30932, 1581.786, 14 May 2025, 06:25:21
  3.9049, 3.30863, 1573.505, 14 May 2025, 06:25:31
  3.9188, 3.31043, 1565.719, 14 May 2025, 06:25:41
  3.9305, 3.31124, 1558.304, 14 May 2025, 06:25:51
  3.9374, 3.31153, 1550.518, 14 May 2025, 06:26:01
  3.9410, 3.31172, 1543.103, 14 May 2025, 06:26:11
  3.9471, 3.31202, 1535.564, 14 May 2025, 06:26:21
  3.9569, 3.31273, 1527.901, 14 May 2025, 06:26:31
  3.9616, 3.31229, 1521.227, 14 May 2025, 06:26:41
  3.9604, 3.31268, 1521.351, 14 May 2025, 06:26:51
  3.9599, 3.31271, 1521.227, 14 May 2025, 06:27:01
  3.9606, 3.31258, 1520.733, 14 May 2025, 06:27:11
  3.9618, 3.31258, 1520.856, 14 May 2025, 06:27:21
  3.9616, 3.31293, 1521.722, 14 May 2025, 06:27:31
  3.9623, 3.31295, 1521.104, 14 May 2025, 06:27:41
  3.9623, 3.31310, 1520.980, 14 May 2025, 06:27:51
  3.9622, 3.31310, 1520.980, 14 May 2025, 06:28:01
  3.9624, 3.31306, 1520.733, 14 May 2025, 06:28:11
  3.9626, 3.31310, 1520.980, 14 May 2025, 06:28:21
  3.9621, 3.31297, 1517.149, 14 May 2025, 06:28:31
  3.9672, 3.31321, 1509.239, 14 May 2025, 06:28:41
  3.9792, 3.31349, 1501.082, 14 May 2025, 06:28:51
  3.9909, 3.31450, 1493.296, 14 May 2025, 06:29:01
  4.0049, 3.31414, 1485.263, 14 May 2025, 06:29:11
  4.0200, 3.31506, 1477.477, 14 May 2025, 06:29:21
  4.0324, 3.31671, 1469.443, 14 May 2025, 06:29:31
  4.0494, 3.31850, 1461.286, 14 May 2025, 06:29:41
  4.0601, 3.31849, 1453.377, 14 May 2025, 06:29:51
  4.0675, 3.31951, 1445.467, 14 May 2025, 06:30:01
  4.0815, 3.31895, 1438.052, 14 May 2025, 06:30:11
  4.0839, 3.32003, 1430.636, 14 May 2025, 06:30:21
  4.0954, 3.31965, 1423.715, 14 May 2025, 06:30:31
  4.1570, 3.32274, 1416.423, 14 May 2025, 06:30:41
  4.1866, 3.32737, 1408.761, 14 May 2025, 06:30:51
  4.1903, 3.32700, 1401.345, 14 May 2025, 06:31:01
  4.1514, 3.32552, 1393.807, 14 May 2025, 06:31:11
  4.1500, 3.32478, 1385.897, 14 May 2025, 06:31:21
  4.1620, 3.32448, 1378.605, 14 May 2025, 06:31:31
  4.1805, 3.32594, 1370.819, 14 May 2025, 06:31:41
  4.1809, 3.32662, 1368.224, 14 May 2025, 06:31:51
  4.1784, 3.32649, 1368.471, 14 May 2025, 06:32:01
  4.1842, 3.32700, 1368.100, 14 May 2025, 06:32:11
  4.1914, 3.32784, 1368.347, 14 May 2025, 06:32:21
  4.1910, 3.32782, 1368.594, 14 May 2025, 06:32:31
  4.1918, 3.32785, 1368.594, 14 May 2025, 06:32:41
  4.1915, 3.32791, 1368.347, 14 May 2025, 06:32:51
  4.1917, 3.32817, 1368.347, 14 May 2025, 06:33:01
  4.1913, 3.32820, 1368.347, 14 May 2025, 06:33:11
  4.1912, 3.32818, 1368.594, 14 May 2025, 06:33:21
  4.1919, 3.32820, 1368.347, 14 May 2025, 06:33:31
  4.1956, 3.32845, 1364.392, 14 May 2025, 06:33:41
  4.2077, 3.32914, 1356.853, 14 May 2025, 06:33:51
  4.2693, 3.33448, 1348.696, 14 May 2025, 06:34:01
  4.3500, 3.34148, 1340.540, 14 May 2025, 06:34:11
  4.3914, 3.34577, 1332.630, 14 May 2025, 06:34:21
  4.4127, 3.34799, 1325.214, 14 May 2025, 06:34:31
  4.4209, 3.34867, 1317.181, 14 May 2025, 06:34:41
  4.4298, 3.34882, 1309.024, 14 May 2025, 06:34:51
  4.4439, 3.35020, 1300.867, 14 May 2025, 06:35:01
  4.4307, 3.34881, 1293.205, 14 May 2025, 06:35:11
  4.3896, 3.34465, 1285.419, 14 May 2025, 06:35:21
  4.4127, 3.34697, 1277.262, 14 May 2025, 06:35:31
  4.4399, 3.34819, 1269.599, 14 May 2025, 06:35:41
  4.4686, 3.35063, 1261.813, 14 May 2025, 06:35:51
  4.5045, 3.35338, 1253.903, 14 May 2025, 06:36:01
  4.5203, 3.35495, 1246.364, 14 May 2025, 06:36:11
  4.5492, 3.35734, 1239.073, 14 May 2025, 06:36:21
  4.5691, 3.35894, 1231.534, 14 May 2025, 06:36:31
  4.5825, 3.36016, 1224.118, 14 May 2025, 06:36:41
  4.5866, 3.35970, 1216.703, 14 May 2025, 06:36:51
  4.5815, 3.35963, 1216.209, 14 May 2025, 06:37:01
  4.5804, 3.35970, 1216.332, 14 May 2025, 06:37:11
  4.5767, 3.35949, 1216.950, 14 May 2025, 06:37:21
  4.5746, 3.35925, 1216.950, 14 May 2025, 06:37:31
  4.5734, 3.35919, 1216.827, 14 May 2025, 06:37:41
  4.5728, 3.35918, 1216.827, 14 May 2025, 06:37:51
  4.5738, 3.35916, 1216.579, 14 May 2025, 06:38:01
  4.5746, 3.35932, 1217.074, 14 May 2025, 06:38:11
  4.5746, 3.35939, 1217.321, 14 May 2025, 06:38:21
  4.5741, 3.35934, 1216.950, 14 May 2025, 06:38:31
  4.5739, 3.35933, 1216.703, 14 May 2025, 06:38:41
  4.5809, 3.36045, 1210.647, 14 May 2025, 06:38:51
  4.5709, 3.35809, 1202.737, 14 May 2025, 06:39:01
  4.6089, 3.36188, 1194.580, 14 May 2025, 06:39:11
  4.6122, 3.36064, 1186.300, 14 May 2025, 06:39:21
  4.6909, 3.36820, 1177.896, 14 May 2025, 06:39:31
  4.7328, 3.37173, 1170.233, 14 May 2025, 06:39:41
  4.7685, 3.37501, 1161.829, 14 May 2025, 06:39:51
  4.8380, 3.38141, 1153.178, 14 May 2025, 06:40:01
  4.9261, 3.38199, 1145.515, 14 May 2025, 06:40:11
  4.9813, 3.39377, 1138.100, 14 May 2025, 06:40:21
  4.9837, 3.39494, 1130.932, 14 May 2025, 06:40:31
  5.0659, 3.40124, 1123.393, 14 May 2025, 06:40:41
  5.0761, 3.40317, 1116.101, 14 May 2025, 06:40:51
  5.0706, 3.40173, 1114.371, 14 May 2025, 06:41:01
  5.0739, 3.40204, 1114.618, 14 May 2025, 06:41:11
  5.0765, 3.40399, 1114.495, 14 May 2025, 06:41:21
  5.0776, 3.40313, 1114.495, 14 May 2025, 06:41:31
  5.0806, 3.40468, 1114.618, 14 May 2025, 06:41:41
  5.0847, 3.40512, 1114.865, 14 May 2025, 06:41:51
  5.0852, 3.40524, 1114.989, 14 May 2025, 06:42:01
  5.0845, 3.40534, 1114.247, 14 May 2025, 06:42:11
  5.0854, 3.40565, 1114.865, 14 May 2025, 06:42:21
  5.0843, 3.40555, 1114.371, 14 May 2025, 06:42:31
  5.0844, 3.40558, 1114.742, 14 May 2025, 06:42:41
  5.0884, 3.40582, 1110.169, 14 May 2025, 06:42:51
  5.1112, 3.40640, 1102.136, 14 May 2025, 06:43:01
  5.1435, 3.40646, 1093.732, 14 May 2025, 06:43:11
  5.1981, 3.41250, 1085.080, 14 May 2025, 06:43:21
  5.2478, 3.41380, 1077.171, 14 May 2025, 06:43:31
  5.3031, 3.42096, 1068.519, 14 May 2025, 06:43:41
  5.3174, 3.42102, 1060.239, 14 May 2025, 06:43:51
  5.3699, 3.42699, 1051.958, 14 May 2025, 06:44:01
  5.4270, 3.43145, 1043.801, 14 May 2025, 06:44:11
  5.4955, 3.44065, 1036.880, 14 May 2025, 06:44:21
  5.5382, 3.44497, 1029.465, 14 May 2025, 06:44:31
  5.5646, 3.44776, 1022.050, 14 May 2025, 06:44:41
  5.5916, 3.44948, 1014.758, 14 May 2025, 06:44:51
  5.6288, 3.45432, 1007.713, 14 May 2025, 06:45:01
  5.7015, 3.46107,  999.927, 14 May 2025, 06:45:11
  5.7236, 3.46299,  992.635, 14 May 2025, 06:45:21
  5.7470, 3.46535,  984.355, 14 May 2025, 06:45:31
  5.8044, 3.46976,  976.692, 14 May 2025, 06:45:41
  5.8401, 3.47373,  969.030, 14 May 2025, 06:45:51
  5.8857, 3.47795,  961.491, 14 May 2025, 06:46:01
  5.9373, 3.48163,  953.705, 14 May 2025, 06:46:11
  5.9750, 3.48560,  946.042, 14 May 2025, 06:46:21
  5.9691, 3.48339,  944.683, 14 May 2025, 06:46:31
  5.9734, 3.48565,  945.177, 14 May 2025, 06:46:41
  5.9872, 3.48547,  945.054, 14 May 2025, 06:46:51
  5.9840, 3.48767,  945.424, 14 May 2025, 06:47:01
  5.9900, 3.48762,  944.806, 14 May 2025, 06:47:11
  5.9971, 3.48874,  945.177, 14 May 2025, 06:47:21
  5.9967, 3.48834,  945.054, 14 May 2025, 06:47:31
  5.9962, 3.48925,  945.424, 14 May 2025, 06:47:41
  5.9940, 3.48882,  945.301, 14 May 2025, 06:47:51
  5.9940, 3.48929,  945.301, 14 May 2025, 06:48:01
  5.9964, 3.48928,  945.301, 14 May 2025, 06:48:11
  5.9955, 3.48918,  945.548, 14 May 2025, 06:48:21
  6.0141, 3.49140,  941.346, 14 May 2025, 06:48:31
  6.0559, 3.49431,  933.931, 14 May 2025, 06:48:41
  6.0658, 3.49520,  926.515, 14 May 2025, 06:48:51
  6.1650, 3.50436,  918.605, 14 May 2025, 06:49:01
  6.2356, 3.51038,  911.190, 14 May 2025, 06:49:11
  6.2652, 3.51324,  903.404, 14 May 2025, 06:49:21
  6.3138, 3.51540,  895.618, 14 May 2025, 06:49:31
  6.3591, 3.52181,  888.079, 14 May 2025, 06:49:41
  6.4331, 3.52859,  880.169, 14 May 2025, 06:49:51
  6.4509, 3.53019,  872.754, 14 May 2025, 06:50:01
  6.5437, 3.53797,  864.597, 14 May 2025, 06:50:11
  6.5410, 3.53782,  861.136, 14 May 2025, 06:50:21
  6.5516, 3.53924,  861.136, 14 May 2025, 06:50:31
  6.5410, 3.53937,  861.631, 14 May 2025, 06:50:41
  6.5520, 3.53969,  861.136, 14 May 2025, 06:50:51
  6.5587, 3.53985,  861.136, 14 May 2025, 06:51:01
  6.5562, 3.54076,  861.260, 14 May 2025, 06:51:11
  6.5563, 3.54134,  861.260, 14 May 2025, 06:51:21
