odissea/data/moor/raw/ce25007/microcat_cal_dip/cast13/5510_cal_dip_data.asc
* Sea-Bird SBE37 Data File:
* FileName = C:\CE25007_recovery_data\5510_cal_dip_data.asc
* Software Version 1.59
* Temperature SN = 5510
* Conductivity SN = 5510
* System UpLoad Time = May 14 2025 13:46:21
* ds
* SBE37-SM V 2.6b  SERIAL NO. 5510    14 May 2025  13:46:48
*END*
[from data line 943]
  6.5486, 3.53699,  861.754, 14 May 2025, 06:51:30
  6.5481, 3.53718,  861.507, 14 May 2025, 06:51:40
  6.5518, 3.53770,  861.260, 14 May 2025, 06:51:50
  6.5425, 3.53878,  862.125, 14 May 2025, 06:52:00
  6.5500, 3.53886,  861.631, 14 May 2025, 06:52:10
  6.5581, 3.54039,  861.260, 14 May 2025, 06:52:20
  6.5675, 3.54084,  861.507, 14 May 2025, 06:52:30
  6.5683, 3.54098,  861.260, 14 May 2025, 06:52:40
  6.5722, 3.54215,  861.507, 14 May 2025, 06:52:50
  6.5724, 3.54166,  861.507, 14 May 2025, 06:53:00
  6.5827, 3.54337,  859.282, 14 May 2025, 06:53:10
  6.6515, 3.54851,  851.002, 14 May 2025, 06:53:20
  6.6485, 3.54790,  842.474, 14 May 2025, 06:53:30
  6.6618, 3.54820,  833.823, 14 May 2025, 06:53:40
  6.7726, 3.55811,  825.790, 14 May 2025, 06:53:50
  6.7988, 3.56011,  817.756, 14 May 2025, 06:54:00
  6.8990, 3.56769,  810.341, 14 May 2025, 06:54:10
  6.9778, 3.57564,  802.678, 14 May 2025, 06:54:20
  7.0094, 3.57797,  795.263, 14 May 2025, 06:54:30
  7.0177, 3.57946,  788.218, 14 May 2025, 06:54:40
  7.0771, 3.58419,  780.556, 14 May 2025, 06:54:50
  7.1479, 3.59082,  773.141, 14 May 2025, 06:55:00
  7.2237, 3.59713,  765.354, 14 May 2025, 06:55:10
  7.2754, 3.60117,  757.939, 14 May 2025, 06:55:20
  7.2817, 3.60050,  750.895, 14 May 2025, 06:55:30
  7.3601, 3.60849,  742.861, 14 May 2025, 06:55:40
  7.4516, 3.61121,  735.322, 14 May 2025, 06:55:50
  7.4360, 3.61522,  727.907, 14 May 2025, 06:56:00
  7.5784, 3.62786,  720.244, 14 May 2025, 06:56:10
  7.9407, 3.65053,  712.335, 14 May 2025, 06:56:20
  7.9647, 3.66654,  707.391, 14 May 2025, 06:56:30
  7.9582, 3.66310,  707.391, 14 May 2025, 06:56:40
  7.9919, 3.67221,  707.020, 14 May 2025, 06:56:50
  7.9905, 3.67073,  707.267, 14 May 2025, 06:57:00
  7.9896, 3.67361,  707.638, 14 May 2025, 06:57:10
  7.9938, 3.67101,  707.144, 14 May 2025, 06:57:20
  7.9901, 3.67525,  707.144, 14 May 2025, 06:57:30
  7.9917, 3.67488,  706.897, 14 May 2025, 06:57:40
  7.9917, 3.67590,  707.144, 14 May 2025, 06:57:50
  7.9925, 3.67620,  706.897, 14 May 2025, 06:58:00
  7.9921, 3.67688,  707.267, 14 May 2025, 06:58:10
  7.9931, 3.67710,  707.144, 14 May 2025, 06:58:20
  7.9938, 3.67694,  706.897, 14 May 2025, 06:58:30
  7.9947, 3.67732,  707.267, 14 May 2025, 06:58:40
  7.9944, 3.67706,  707.144, 14 May 2025, 06:58:50
  7.9955, 3.67724,  707.515, 14 May 2025, 06:59:00
  7.9960, 3.67736,  707.144, 14 May 2025, 06:59:10
  7.9967, 3.67755,  707.762, 14 May 2025, 06:59:20
  7.9962, 3.67761,  707.885, 14 May 2025, 06:59:30
  7.9966, 3.67751,  707.515, 14 May 2025, 06:59:40
  7.9969, 3.67761,  707.762, 14 May 2025, 06:59:50
  7.9958, 3.67752,  707.762, 14 May 2025, 07:00:00
  7.9952, 3.67747,  708.256, 14 May 2025, 07:00:10
  7.9952, 3.67754,  708.380, 14 May 2025, 07:00:20
  7.9955, 3.67752,  708.256, 14 May 2025, 07:00:30
  7.9956, 3.67765,  708.256, 14 May 2025, 07:00:40
  7.9960, 3.67765,  707.638, 14 May 2025, 07:00:50
  8.0745, 3.68065,  700.470, 14 May 2025, 07:01:00
  8.1201, 3.68750,  692.684, 14 May 2025, 07:01:10
  8.1363, 3.68706,  684.774, 14 May 2025, 07:01:20
  8.1522, 3.69032,  682.673, 14 May 2025, 07:01:30
  8.1613, 3.69119,  682.302, 14 May 2025, 07:01:40
  8.1453, 3.69103,  682.550, 14 May 2025, 07:01:50
  8.1478, 3.69063,  682.426, 14 May 2025, 07:02:00
  8.1484, 3.69102,  682.673, 14 May 2025, 07:02:10
  8.1511, 3.69092,  682.920, 14 May 2025, 07:02:20
  8.1691, 3.69284,  682.673, 14 May 2025, 07:02:30
  8.1919, 3.69375,  682.302, 14 May 2025, 07:02:40
  8.1972, 3.69571,  682.797, 14 May 2025, 07:02:50
  8.2024, 3.69645,  682.797, 14 May 2025, 07:03:00
  8.2219, 3.69801,  678.842, 14 May 2025, 07:03:10
  8.2670, 3.70231,  670.932, 14 May 2025, 07:03:20
  8.3404, 3.70792,  662.899, 14 May 2025, 07:03:30
  8.3812, 3.71133,  655.113, 14 May 2025, 07:03:40
  8.4231, 3.71569,  647.450, 14 May 2025, 07:03:50
  8.5151, 3.71994,  639.417, 14 May 2025, 07:04:00
  8.5584, 3.72625,  631.878, 14 May 2025, 07:04:10
  8.6628, 3.73242,  623.474, 14 May 2025, 07:04:20
  8.7581, 3.74076,  615.688, 14 May 2025, 07:04:30
  8.7854, 3.74494,  607.654, 14 May 2025, 07:04:40
  8.7827, 3.74572,  606.789, 14 May 2025, 07:04:50
  8.7770, 3.74508,  607.036, 14 May 2025, 07:05:00
  8.7821, 3.74603,  606.419, 14 May 2025, 07:05:10
  8.7907, 3.74820,  606.913, 14 May 2025, 07:05:20
  8.7922, 3.74848,  606.542, 14 May 2025, 07:05:30
  8.7921, 3.74763,  606.419, 14 May 2025, 07:05:40
  8.7924, 3.74882,  606.542, 14 May 2025, 07:05:50
  8.7917, 3.74913,  606.666, 14 May 2025, 07:06:00
  8.7924, 3.74918,  606.542, 14 May 2025, 07:06:10
  8.7922, 3.74921,  606.171, 14 May 2025, 07:06:20
  8.7927, 3.74957,  605.430, 14 May 2025, 07:06:30
  8.8215, 3.75057,  597.273, 14 May 2025, 07:06:40
  8.9237, 3.75480,  589.610, 14 May 2025, 07:06:50
  9.0363, 3.76427,  581.824, 14 May 2025, 07:07:00
  9.0958, 3.77466,  573.544, 14 May 2025, 07:07:10
  9.1291, 3.77669,  565.510, 14 May 2025, 07:07:20
  9.1927, 3.77589,  557.848, 14 May 2025, 07:07:30
  9.2211, 3.78659,  549.815, 14 May 2025, 07:07:40
  9.3012, 3.79388,  541.905, 14 May 2025, 07:07:50
  9.3862, 3.79903,  534.489, 14 May 2025, 07:08:00
  9.4307, 3.80326,  526.827, 14 May 2025, 07:08:10
  9.4635, 3.80748,  519.906, 14 May 2025, 07:08:20
  9.4692, 3.80925,  513.109, 14 May 2025, 07:08:30
  9.4596, 3.81179,  505.570, 14 May 2025, 07:08:40
  9.4880, 3.81047,  497.907, 14 May 2025, 07:08:50
  9.5549, 3.81319,  490.739, 14 May 2025, 07:09:00
  9.5775, 3.82198,  483.200, 14 May 2025, 07:09:10
  9.5958, 3.81901,  475.785, 14 May 2025, 07:09:20
  9.6285, 3.82397,  468.369, 14 May 2025, 07:09:30
  9.6658, 3.83046,  460.583, 14 May 2025, 07:09:40
  9.6710, 3.83008,  455.887, 14 May 2025, 07:09:50
  9.6714, 3.83105,  456.257, 14 May 2025, 07:10:00
  9.6770, 3.83212,  456.134, 14 May 2025, 07:10:10
  9.6767, 3.83231,  456.505, 14 May 2025, 07:10:20
  9.6775, 3.83244,  456.257, 14 May 2025, 07:10:30
  9.6771, 3.83278,  456.505, 14 May 2025, 07:10:40
  9.6770, 3.83308,  456.257, 14 May 2025, 07:10:50
  9.6771, 3.83298,  456.628, 14 May 2025, 07:11:00
  9.6774, 3.83284,  456.505, 14 May 2025, 07:11:10
  9.6756, 3.83321,  456.628, 14 May 2025, 07:11:20
  9.6758, 3.83313,  456.505, 14 May 2025, 07:11:30
  9.6758, 3.83309,  456.628, 14 May 2025, 07:11:40
  9.6755, 3.83311,  456.752, 14 May 2025, 07:11:50
  9.6740, 3.83320,  456.999, 14 May 2025, 07:12:00
  9.6746, 3.83315,  456.752, 14 May 2025, 07:12:10
  9.6743, 3.83321,  456.752, 14 May 2025, 07:12:20
  9.6737, 3.83312,  456.628, 14 May 2025, 07:12:30
  9.6733, 3.83315,  457.123, 14 May 2025, 07:12:40
  9.6736, 3.83317,  457.370, 14 May 2025, 07:12:50
  9.6741, 3.83315,  457.123, 14 May 2025, 07:13:00
  9.6734, 3.83312,  456.999, 14 May 2025, 07:13:10
  9.6732, 3.83309,  457.246, 14 May 2025, 07:13:20
  9.6741, 3.83318,  457.740, 14 May 2025, 07:13:30
  9.6743, 3.83318,  457.246, 14 May 2025, 07:13:40
  9.6743, 3.83315,  457.123, 14 May 2025, 07:13:50
  9.6746, 3.83320,  457.493, 14 May 2025, 07:14:00
  9.6747, 3.83323,  457.864, 14 May 2025, 07:14:10
  9.6747, 3.83319,  457.617, 14 May 2025, 07:14:20
  9.6738, 3.83317,  457.370, 14 May 2025, 07:14:30
  9.6739, 3.83318,  457.740, 14 May 2025, 07:14:40
  9.6736, 3.83316,  458.111, 14 May 2025, 07:14:50
  9.6728, 3.83311,  457.617, 14 May 2025, 07:15:00
  9.6728, 3.83302,  457.370, 14 May 2025, 07:15:10
  9.6723, 3.83300,  457.740, 14 May 2025, 07:15:20
  9.6716, 3.83298,  457.864, 14 May 2025, 07:15:30
  9.6716, 3.83292,  457.988, 14 May 2025, 07:15:40
  9.6710, 3.83287,  457.370, 14 May 2025, 07:15:50
  9.6708, 3.83285,  457.988, 14 May 2025, 07:16:00
  9.6701, 3.83279,  457.740, 14 May 2025, 07:16:10
  9.6700, 3.83276,  458.111, 14 May 2025, 07:16:20
  9.6699, 3.83277,  458.111, 14 May 2025, 07:16:30
  9.6701, 3.83274,  457.988, 14 May 2025, 07:16:40
  9.6700, 3.83271,  457.864, 14 May 2025, 07:16:50
  9.6698, 3.83270,  458.482, 14 May 2025, 07:17:00
  9.6692, 3.83268,  457.988, 14 May 2025, 07:17:10
  9.6700, 3.83267,  458.111, 14 May 2025, 07:17:20
  9.6693, 3.83270,  458.482, 14 May 2025, 07:17:30
  9.6696, 3.83268,  458.111, 14 May 2025, 07:17:40
  9.6691, 3.83266,  458.235, 14 May 2025, 07:17:50
  9.6691, 3.83260,  457.988, 14 May 2025, 07:18:00
  9.6687, 3.83258,  457.988, 14 May 2025, 07:18:10
  9.6685, 3.83258,  458.606, 14 May 2025, 07:18:20
  9.6685, 3.83258,  458.358, 14 May 2025, 07:18:30
  9.6682, 3.83254,  457.988, 14 May 2025, 07:18:40
  9.6678, 3.83248,  457.988, 14 May 2025, 07:18:50
  9.6740, 3.83282,  454.404, 14 May 2025, 07:19:00
  9.7122, 3.83418,  446.494, 14 May 2025, 07:19:10
  9.7846, 3.84135,  438.090, 14 May 2025, 07:19:20
  9.8486, 3.84409,  430.180, 14 May 2025, 07:19:30
  9.9075, 3.84941,  422.023, 14 May 2025, 07:19:40
  9.9729, 3.85647,  413.866, 14 May 2025, 07:19:50
 10.0066, 3.86044,  405.833, 14 May 2025, 07:20:00
 10.0821, 3.86304,  399.036, 14 May 2025, 07:20:10
 10.0905, 3.86809,  391.867, 14 May 2025, 07:20:20
 10.0760, 3.86811,  384.823, 14 May 2025, 07:20:30
 10.0869, 3.86753,  377.531, 14 May 2025, 07:20:40
 10.0788, 3.86808,  369.621, 14 May 2025, 07:20:50
 10.2155, 3.87639,  362.082, 14 May 2025, 07:21:00
 10.2460, 3.88086,  354.914, 14 May 2025, 07:21:10
 10.2360, 3.88391,  355.161, 14 May 2025, 07:21:20
 10.2397, 3.88461,  355.038, 14 May 2025, 07:21:30
 10.2389, 3.88524,  355.161, 14 May 2025, 07:21:40
 10.2357, 3.88504,  354.791, 14 May 2025, 07:21:50
 10.2307, 3.88506,  354.791, 14 May 2025, 07:22:00
 10.2284, 3.88473,  354.914, 14 May 2025, 07:22:10
 10.2283, 3.88487,  355.161, 14 May 2025, 07:22:20
 10.2285, 3.88486,  354.914, 14 May 2025, 07:22:30
 10.2288, 3.88504,  355.038, 14 May 2025, 07:22:40
 10.2290, 3.88528,  354.667, 14 May 2025, 07:22:50
 10.2306, 3.88529,  354.667, 14 May 2025, 07:23:00
 10.2410, 3.88591,  348.364, 14 May 2025, 07:23:10
 10.2271, 3.88405,  340.207, 14 May 2025, 07:23:20
 10.1179, 3.87361,  332.297, 14 May 2025, 07:23:30
 10.0513, 3.86352,  324.264, 14 May 2025, 07:23:40
 10.0767, 3.86576,  316.107, 14 May 2025, 07:23:50
 10.1270, 3.86755,  308.939, 14 May 2025, 07:24:00
 10.1387, 3.86708,  304.242, 14 May 2025, 07:24:10
 10.1287, 3.86714,  304.490, 14 May 2025, 07:24:20
 10.1271, 3.86752,  304.737, 14 May 2025, 07:24:30
 10.1306, 3.86747,  304.860, 14 May 2025, 07:24:40
 10.1327, 3.86766,  304.860, 14 May 2025, 07:24:50
 10.1313, 3.86772,  304.737, 14 May 2025, 07:25:00
 10.1344, 3.86796,  305.231, 14 May 2025, 07:25:10
 10.1386, 3.86818,  305.231, 14 May 2025, 07:25:20
 10.1359, 3.86814,  304.737, 14 May 2025, 07:25:30
 10.1357, 3.86826,  305.108, 14 May 2025, 07:25:40
 10.1364, 3.86823,  302.018, 14 May 2025, 07:25:50
 10.2085, 3.87485,  293.737, 14 May 2025, 07:26:00
 10.2943, 3.87999,  285.457, 14 May 2025, 07:26:10
 10.4242, 3.89362,  277.300, 14 May 2025, 07:26:20
 10.5445, 3.90507,  268.896, 14 May 2025, 07:26:30
 10.6308, 3.91599,  261.110, 14 May 2025, 07:26:40
 10.6955, 3.92336,  252.953, 14 May 2025, 07:26:50
 10.7355, 3.92271,  246.032, 14 May 2025, 07:27:00
 10.7898, 3.93380,  238.987, 14 May 2025, 07:27:10
 10.8301, 3.93796,  231.572, 14 May 2025, 07:27:20
 10.8425, 3.93922,  223.662, 14 May 2025, 07:27:30
 10.8754, 3.94175,  215.752, 14 May 2025, 07:27:40
 10.8996, 3.94387,  208.461, 14 May 2025, 07:27:50
 10.9548, 3.95009,  200.551, 14 May 2025, 07:28:00
 10.9909, 3.95233,  192.518, 14 May 2025, 07:28:10
 11.0133, 3.95531,  185.102, 14 May 2025, 07:28:20
 11.0595, 3.95994,  176.945, 14 May 2025, 07:28:30
 11.0765, 3.96114,  169.406, 14 May 2025, 07:28:40
 11.1061, 3.96439,  161.867, 14 May 2025, 07:28:50
 11.1267, 3.96621,  153.834, 14 May 2025, 07:29:00
 11.1514, 3.96783,  146.172, 14 May 2025, 07:29:10
 11.2509, 3.97593,  138.509, 14 May 2025, 07:29:20
 11.3133, 3.97781,  130.970, 14 May 2025, 07:29:30
 11.3183, 3.98273,  122.937, 14 May 2025, 07:29:40
 11.3094, 3.98367,  115.645, 14 May 2025, 07:29:50
 11.3037, 3.98372,  107.735, 14 May 2025, 07:30:00
 11.2963, 3.98166,  100.196, 14 May 2025, 07:30:10
 11.3024, 3.98160,   92.163, 14 May 2025, 07:30:20
 11.3210, 3.98239,   84.995, 14 May 2025, 07:30:30
 11.3111, 3.98184,   78.074, 14 May 2025, 07:30:40
 11.3177, 3.98196,   70.906, 14 May 2025, 07:30:50
 11.3088, 3.97880,   63.985, 14 May 2025, 07:31:00
 11.3341, 3.98122,   56.446, 14 May 2025, 07:31:10
 11.3499, 3.98225,   48.783, 14 May 2025, 07:31:20
 11.4162, 3.98657,   41.368, 14 May 2025, 07:31:30
 11.4901, 3.99109,   34.200, 14 May 2025, 07:31:40
 11.6143, 3.99730,   29.380, 14 May 2025, 07:31:50
 11.6957, 4.00772,   30.245, 14 May 2025, 07:32:00
 11.6966, 4.00775,   29.998, 14 May 2025, 07:32:10
 11.6907, 4.01049,   30.121, 14 May 2025, 07:32:20
 11.6889, 4.01085,   29.874, 14 May 2025, 07:32:30
 11.6519, 4.01142,   30.492, 14 May 2025, 07:32:40
 11.6675, 4.01019,   30.121, 14 May 2025, 07:32:50
 11.6626, 4.01007,   30.121, 14 May 2025, 07:33:00
 11.6591, 4.01082,   29.998, 14 May 2025, 07:33:10
 11.6884, 4.01216,   29.132, 14 May 2025, 07:33:20
 11.8211, 4.01762,   27.031, 14 May 2025, 07:33:30
 12.0842, 4.03615,   24.930, 14 May 2025, 07:33:40
 12.1033, 4.04192,   22.953, 14 May 2025, 07:33:50
 12.1249, 4.04520,   20.852, 14 May 2025, 07:34:00
 12.1638, 4.05256,   18.998, 14 May 2025, 07:34:10
 12.2386, 4.06215,   15.661, 14 May 2025, 07:34:20
 12.3336, 4.07399,    9.729, 14 May 2025, 07:34:30
 12.3588, 4.07357,    4.167, 14 May 2025, 07:34:40
 12.3596, 4.07567,    4.415, 14 May 2025, 07:34:50
 12.3605, 4.07625,    4.044, 14 May 2025, 07:35:00
 12.3604, 4.07554,    3.920, 14 May 2025, 07:35:10
 12.3595, 4.07619,    3.797, 14 May 2025, 07:35:20
 12.3589, 4.07744,    3.920, 14 May 2025, 07:35:30
 12.3582, 4.07751,    4.044, 14 May 2025, 07:35:40
 12.3583, 4.07834,    4.167, 14 May 2025, 07:35:50
 12.3579, 4.07840,    4.044, 14 May 2025, 07:36:00
 12.3618, 4.07868,    3.673, 14 May 2025, 07:36:10
 12.3652, 4.07916,    1.448, 14 May 2025, 07:36:20
 12.3891, 0.56759,   -0.776, 14 May 2025, 07:36:30
 12.5104, 0.17572,   -0.776, 14 May 2025, 07:36:40
 12.5401, 0.10041,   -0.776, 14 May 2025, 07:36:50
 12.5378, 0.08316,   -0.653, 14 May 2025, 07:37:00
 12.5898, 0.08205,   -0.529, 14 May 2025, 07:37:10
 12.5752, 0.07744,   -0.529, 14 May 2025, 07:37:20
 12.6486, 0.07445,   -0.405, 14 May 2025, 07:37:30
 12.7672, 0.07018,   -0.405, 14 May 2025, 07:37:40
 12.7951, 0.07296,   -0.405, 14 May 2025, 07:37:50
 12.8692, 0.07263,   -0.282, 14 May 2025, 07:38:00
 12.8618, 0.07010,   -0.282, 14 May 2025, 07:38:10
 12.8648, 0.06864,   -0.282, 14 May 2025, 07:38:20
 12.9474, 0.06606,   -0.282, 14 May 2025, 07:38:30
 13.0602, 0.06512,   -0.282, 14 May 2025, 07:38:40
 13.0659, 0.06522,   -0.158, 14 May 2025, 07:38:50
 13.1325, 0.06357,   -0.158, 14 May 2025, 07:39:00
 13.0815, 0.06156,   -0.158, 14 May 2025, 07:39:10
 13.0832, 0.06260,   -0.158, 14 May 2025, 07:39:20
 13.1105, 0.06129,   -0.158, 14 May 2025, 07:39:30
 13.2334, 0.06187,   -0.158, 14 May 2025, 07:39:40
 13.2939, 0.05937,   -0.158, 14 May 2025, 07:39:50
 13.2438, 0.05897,   -0.158, 14 May 2025, 07:40:00
 13.1953, 0.06115,   -0.035, 14 May 2025, 07:40:10
 13.1707, 0.06002,   -0.035, 14 May 2025, 07:40:20
 13.2443, 0.05815,   -0.035, 14 May 2025, 07:40:30
 13.1747, 0.05857,   -0.035, 14 May 2025, 07:40:40
 13.2282, 0.05774,   -0.035, 14 May 2025, 07:40:50
 13.2580, 0.05851,   -0.035, 14 May 2025, 07:41:00
 13.2954, 0.05815,   -0.035, 14 May 2025, 07:41:10
 13.3097, 0.05653,   -0.035, 14 May 2025, 07:41:20
 13.4524, 0.05650,   -0.035, 14 May 2025, 07:41:30
 13.4672, 0.05569,   -0.035, 14 May 2025, 07:41:40
 13.5155, 0.05686,   -0.035, 14 May 2025, 07:41:50
 13.4514, 0.05628,   -0.035, 14 May 2025, 07:42:00
 13.4930, 0.05564,   -0.035, 14 May 2025, 07:42:10
 13.5697, 0.05535,   -0.035, 14 May 2025, 07:42:20
 13.5537, 0.05488,   -0.035, 14 May 2025, 07:42:30
 13.5231, 0.05414,   -0.035, 14 May 2025, 07:42:40
 13.5181, 0.05321,   -0.035, 14 May 2025, 07:42:50
 13.4716, 0.05269,   -0.035, 14 May 2025, 07:43:00
 13.3503, 0.05482,    0.089, 14 May 2025, 07:43:10
 13.2980, 0.05375,    0.089, 14 May 2025, 07:43:20
 13.3755, 0.05238,    0.089, 14 May 2025, 07:43:30
