odissea/data/moor/raw/ce25007/microcat_cal_dip/cast13/5510_cal_dip_data.asc
* Sea-Bird SBE37 Data File:
* FileName = C:\CE25007_recovery_data\5510_cal_dip_data.asc
* Software Version 1.59
* Temperature SN = 5510
* Conductivity SN = 5510
* System UpLoad Time = May 14 2025 13:46:21
* ds
* SBE37-SM V 2.6b  SERIAL NO. 5510    14 May 2025  13:46:48
*END*
[from data line 629]
  3.4768, 3.28745, 1971.958, 14 May 2025, 05:59:10
  3.4849, 3.28782, 1963.801, 14 May 2025, 05:59:20
  3.4944, 3.28815, 1956.262, 14 May 2025, 05:59:30
  3.5101, 3.28923, 1948.105, 14 May 2025, 05:59:40
  3.5379, 3.29111, 1939.948, 14 May 2025, 05:59:50
  3.5670, 3.29311, 1932.162, 14 May 2025, 06:00:00
  3.5705, 3.29258, 1928.084, 14 May 2025, 06:00:10
  3.5681, 3.29334, 1929.072, 14 May 2025, 06:00:20
  3.5739, 3.29361, 1928.702, 14 May 2025, 06:00:30
  3.5764, 3.29436, 1928.702, 14 May 2025, 06:00:40
  3.5763, 3.29454, 1928.454, 14 May 2025, 06:00:50
  3.5770, 3.29452, 1928.207, 14 May 2025, 06:01:00
  3.5777, 3.29481, 1928.207, 14 May 2025, 06:01:10
  3.5771, 3.29491, 1929.072, 14 May 2025, 06:01:20
  3.5775, 3.29498, 1928.331, 14 May 2025, 06:01:30
  3.5780, 3.29508, 1928.702, 14 May 2025, 06:01:40
  3.5780, 3.29508, 1928.825, 14 May 2025, 06:01:50
  3.5781, 3.29511, 1928.207, 14 May 2025, 06:02:00
  3.5791, 3.29516, 1928.825, 14 May 2025, 06:02:10
  3.5787, 3.29521, 1928.454, 14 May 2025, 06:02:20
  3.5787, 3.29491, 1922.398, 14 May 2025, 06:02:30
  3.5822, 3.29471, 1914.365, 14 May 2025, 06:02:40
  3.5933, 3.29505, 1906.085, 14 May 2025, 06:02:50
  3.6175, 3.29676, 1898.175, 14 May 2025, 06:03:00
  3.6313, 3.29720, 1890.141, 14 May 2025, 06:03:10
  3.6370, 3.29783, 1881.737, 14 May 2025, 06:03:20
  3.6427, 3.29707, 1873.952, 14 May 2025, 06:03:30
  3.6439, 3.29765, 1865.794, 14 May 2025, 06:03:40
  3.6579, 3.29748, 1857.761, 14 May 2025, 06:03:50
  3.6674, 3.29864, 1850.840, 14 May 2025, 06:04:00
  3.6722, 3.29884, 1843.548, 14 May 2025, 06:04:10
  3.6800, 3.29922, 1836.504, 14 May 2025, 06:04:20
  3.6828, 3.29952, 1828.841, 14 May 2025, 06:04:30
  3.6823, 3.29952, 1827.852, 14 May 2025, 06:04:40
  3.6817, 3.29944, 1827.852, 14 May 2025, 06:04:50
  3.6812, 3.29949, 1827.852, 14 May 2025, 06:05:00
  3.6812, 3.29946, 1827.976, 14 May 2025, 06:05:10
  3.6817, 3.29961, 1828.100, 14 May 2025, 06:05:20
  3.6827, 3.29971, 1827.605, 14 May 2025, 06:05:30
  3.6824, 3.29983, 1827.852, 14 May 2025, 06:05:40
  3.6826, 3.29985, 1828.347, 14 May 2025, 06:05:50
  3.6826, 3.29988, 1827.976, 14 May 2025, 06:06:00
  3.6829, 3.29989, 1827.729, 14 May 2025, 06:06:10
  3.6830, 3.29994, 1827.852, 14 May 2025, 06:06:20
  3.6832, 3.29990, 1827.482, 14 May 2025, 06:06:30
  3.6836, 3.29995, 1827.729, 14 May 2025, 06:06:40
  3.6835, 3.29997, 1827.976, 14 May 2025, 06:06:50
  3.6834, 3.30000, 1828.347, 14 May 2025, 06:07:00
  3.6834, 3.29998, 1828.100, 14 May 2025, 06:07:10
  3.6829, 3.29995, 1827.729, 14 May 2025, 06:07:20
  3.6832, 3.29995, 1827.976, 14 May 2025, 06:07:30
  3.6830, 3.29996, 1828.100, 14 May 2025, 06:07:40
  3.6828, 3.29996, 1827.976, 14 May 2025, 06:07:50
  3.6827, 3.29991, 1827.729, 14 May 2025, 06:08:00
  3.6825, 3.29994, 1828.100, 14 May 2025, 06:08:10
  3.6820, 3.29988, 1827.729, 14 May 2025, 06:08:20
  3.6822, 3.29985, 1827.605, 14 May 2025, 06:08:30
  3.6821, 3.29988, 1828.100, 14 May 2025, 06:08:40
  3.6819, 3.29988, 1827.976, 14 May 2025, 06:08:50
  3.6820, 3.29985, 1827.729, 14 May 2025, 06:09:00
  3.6819, 3.29984, 1827.976, 14 May 2025, 06:09:10
  3.6821, 3.29984, 1827.729, 14 May 2025, 06:09:20
  3.6820, 3.29985, 1828.100, 14 May 2025, 06:09:30
  3.6820, 3.29985, 1828.100, 14 May 2025, 06:09:40
  3.6820, 3.29983, 1828.100, 14 May 2025, 06:09:50
  3.6819, 3.29984, 1828.223, 14 May 2025, 06:10:00
  3.6819, 3.29982, 1827.729, 14 May 2025, 06:10:10
  3.6818, 3.29983, 1827.729, 14 May 2025, 06:10:20
  3.6820, 3.29985, 1828.471, 14 May 2025, 06:10:30
  3.6821, 3.29985, 1828.100, 14 May 2025, 06:10:40
  3.6818, 3.29984, 1827.976, 14 May 2025, 06:10:50
  3.6818, 3.29984, 1828.100, 14 May 2025, 06:11:00
  3.6816, 3.29984, 1828.223, 14 May 2025, 06:11:10
  3.6815, 3.29982, 1828.100, 14 May 2025, 06:11:20
  3.6814, 3.29982, 1828.100, 14 May 2025, 06:11:30
  3.6812, 3.29980, 1828.100, 14 May 2025, 06:11:40
  3.6813, 3.29978, 1827.729, 14 May 2025, 06:11:50
  3.6811, 3.29978, 1828.347, 14 May 2025, 06:12:00
  3.6812, 3.29978, 1827.976, 14 May 2025, 06:12:10
  3.6812, 3.29968, 1825.999, 14 May 2025, 06:12:20
  3.6806, 3.29926, 1817.965, 14 May 2025, 06:12:30
  3.6802, 3.29886, 1810.056, 14 May 2025, 06:12:40
  3.6856, 3.29885, 1802.146, 14 May 2025, 06:12:50
  3.6848, 3.29845, 1794.607, 14 May 2025, 06:13:00
  3.6845, 3.29802, 1787.192, 14 May 2025, 06:13:10
  3.6906, 3.29821, 1778.911, 14 May 2025, 06:13:20
  3.7082, 3.29782, 1771.496, 14 May 2025, 06:13:30
  3.7142, 3.29936, 1763.586, 14 May 2025, 06:13:40
  3.7196, 3.29960, 1755.676, 14 May 2025, 06:13:50
  3.7238, 3.29977, 1747.767, 14 May 2025, 06:14:00
  3.7236, 3.29900, 1740.475, 14 May 2025, 06:14:10
  3.7279, 3.29960, 1733.430, 14 May 2025, 06:14:20
  3.7322, 3.29922, 1726.262, 14 May 2025, 06:14:30
  3.7307, 3.29925, 1726.139, 14 May 2025, 06:14:40
  3.7314, 3.29912, 1726.015, 14 May 2025, 06:14:50
  3.7315, 3.29969, 1726.386, 14 May 2025, 06:15:00
  3.7314, 3.29967, 1726.386, 14 May 2025, 06:15:10
  3.7316, 3.29981, 1726.633, 14 May 2025, 06:15:20
  3.7318, 3.29974, 1726.262, 14 May 2025, 06:15:30
  3.7321, 3.29980, 1725.891, 14 May 2025, 06:15:40
  3.7320, 3.29989, 1726.509, 14 May 2025, 06:15:50
  3.7324, 3.29989, 1726.139, 14 May 2025, 06:16:00
  3.7326, 3.29995, 1726.386, 14 May 2025, 06:16:10
  3.7326, 3.29993, 1726.139, 14 May 2025, 06:16:20
  3.7342, 3.30000, 1723.420, 14 May 2025, 06:16:30
  3.7369, 3.29969, 1715.633, 14 May 2025, 06:16:40
  3.7202, 3.29763, 1707.229, 14 May 2025, 06:16:50
  3.7268, 3.29773, 1699.443, 14 May 2025, 06:17:00
  3.7471, 3.29917, 1691.410, 14 May 2025, 06:17:10
  3.7581, 3.29962, 1683.377, 14 May 2025, 06:17:20
  3.7664, 3.30020, 1675.343, 14 May 2025, 06:17:30
  3.7749, 3.30050, 1667.186, 14 May 2025, 06:17:40
  3.7871, 3.30144, 1659.153, 14 May 2025, 06:17:50
  3.7869, 3.30108, 1651.490, 14 May 2025, 06:18:00
  3.7952, 3.30147, 1643.828, 14 May 2025, 06:18:10
  3.8112, 3.30234, 1636.165, 14 May 2025, 06:18:20
  3.8138, 3.30265, 1628.874, 14 May 2025, 06:18:30
  3.8288, 3.30321, 1623.683, 14 May 2025, 06:18:40
  3.8171, 3.30272, 1624.177, 14 May 2025, 06:18:50
  3.8275, 3.30283, 1624.054, 14 May 2025, 06:19:00
  3.8301, 3.30387, 1623.683, 14 May 2025, 06:19:10
  3.8326, 3.30419, 1623.806, 14 May 2025, 06:19:20
  3.8334, 3.30423, 1624.054, 14 May 2025, 06:19:30
  3.8335, 3.30435, 1624.177, 14 May 2025, 06:19:40
  3.8334, 3.30444, 1623.806, 14 May 2025, 06:19:50
  3.8336, 3.30440, 1623.930, 14 May 2025, 06:20:00
  3.8329, 3.30454, 1624.054, 14 May 2025, 06:20:10
  3.8331, 3.30459, 1624.177, 14 May 2025, 06:20:20
  3.8328, 3.30459, 1624.177, 14 May 2025, 06:20:30
  3.8333, 3.30454, 1623.559, 14 May 2025, 06:20:40
  3.8329, 3.30458, 1624.301, 14 May 2025, 06:20:50
  3.8331, 3.30459, 1623.806, 14 May 2025, 06:21:00
  3.8329, 3.30457, 1624.177, 14 May 2025, 06:21:10
  3.8329, 3.30459, 1624.177, 14 May 2025, 06:21:20
  3.8335, 3.30458, 1623.806, 14 May 2025, 06:21:30
  3.8331, 3.30463, 1624.054, 14 May 2025, 06:21:40
  3.8330, 3.30459, 1623.930, 14 May 2025, 06:21:50
  3.8333, 3.30461, 1624.054, 14 May 2025, 06:22:00
  3.8334, 3.30466, 1624.424, 14 May 2025, 06:22:10
  3.8336, 3.30466, 1624.054, 14 May 2025, 06:22:20
  3.8339, 3.30466, 1623.930, 14 May 2025, 06:22:30
  3.8336, 3.30466, 1624.054, 14 May 2025, 06:22:40
  3.8337, 3.30467, 1624.424, 14 May 2025, 06:22:50
  3.8339, 3.30465, 1623.559, 14 May 2025, 06:23:00
  3.8341, 3.30465, 1623.683, 14 May 2025, 06:23:10
  3.8334, 3.30467, 1624.548, 14 May 2025, 06:23:20
  3.8335, 3.30470, 1624.301, 14 May 2025, 06:23:30
  3.8340, 3.30465, 1623.559, 14 May 2025, 06:23:40
  3.8343, 3.30472, 1623.806, 14 May 2025, 06:23:50
  3.8343, 3.30473, 1624.177, 14 May 2025, 06:24:00
  3.8344, 3.30477, 1624.301, 14 May 2025, 06:24:10
  3.8351, 3.30478, 1623.806, 14 May 2025, 06:24:20
  3.8357, 3.30483, 1624.301, 14 May 2025, 06:24:30
  3.8362, 3.30486, 1623.806, 14 May 2025, 06:24:40
  3.8365, 3.30489, 1624.054, 14 May 2025, 06:24:50
  3.8368, 3.30490, 1624.301, 14 May 2025, 06:25:00
  3.8369, 3.30497, 1624.671, 14 May 2025, 06:25:10
  3.8371, 3.30495, 1624.177, 14 May 2025, 06:25:20
  3.8373, 3.30497, 1623.930, 14 May 2025, 06:25:30
  3.8397, 3.30505, 1620.593, 14 May 2025, 06:25:40
  3.8522, 3.30562, 1612.807, 14 May 2025, 06:25:50
  3.8595, 3.30597, 1604.403, 14 May 2025, 06:26:00
  3.8705, 3.30647, 1595.752, 14 May 2025, 06:26:10
  3.8888, 3.30798, 1587.595, 14 May 2025, 06:26:20
  3.9034, 3.30788, 1579.809, 14 May 2025, 06:26:30
  3.9090, 3.30895, 1571.652, 14 May 2025, 06:26:40
  3.9289, 3.31035, 1563.618, 14 May 2025, 06:26:50
  3.9348, 3.31034, 1555.832, 14 May 2025, 06:27:00
  3.9414, 3.31096, 1548.664, 14 May 2025, 06:27:10
  3.9458, 3.31100, 1541.125, 14 May 2025, 06:27:20
  3.9533, 3.31123, 1533.339, 14 May 2025, 06:27:30
  3.9636, 3.31178, 1526.047, 14 May 2025, 06:27:40
  3.9633, 3.31173, 1521.227, 14 May 2025, 06:27:50
  3.9620, 3.31179, 1521.722, 14 May 2025, 06:28:00
  3.9623, 3.31216, 1521.845, 14 May 2025, 06:28:10
  3.9625, 3.31210, 1521.845, 14 May 2025, 06:28:20
  3.9630, 3.31224, 1521.845, 14 May 2025, 06:28:30
  3.9633, 3.31250, 1521.598, 14 May 2025, 06:28:40
  3.9637, 3.31255, 1522.340, 14 May 2025, 06:28:50
  3.9644, 3.31254, 1521.598, 14 May 2025, 06:29:00
  3.9641, 3.31264, 1521.845, 14 May 2025, 06:29:10
  3.9645, 3.31270, 1522.092, 14 May 2025, 06:29:20
  3.9646, 3.31263, 1521.474, 14 May 2025, 06:29:30
  3.9633, 3.31230, 1514.677, 14 May 2025, 06:29:40
  3.9742, 3.31281, 1507.014, 14 May 2025, 06:29:50
  3.9833, 3.31342, 1499.228, 14 May 2025, 06:30:00
  3.9950, 3.31403, 1491.195, 14 May 2025, 06:30:10
  4.0172, 3.31551, 1483.285, 14 May 2025, 06:30:20
  4.0298, 3.31659, 1475.128, 14 May 2025, 06:30:30
  4.0428, 3.31739, 1467.219, 14 May 2025, 06:30:40
  4.0539, 3.31788, 1459.309, 14 May 2025, 06:30:50
  4.0633, 3.31875, 1451.276, 14 May 2025, 06:31:00
  4.0754, 3.31942, 1443.366, 14 May 2025, 06:31:10
  4.0921, 3.32060, 1436.198, 14 May 2025, 06:31:20
  4.0866, 3.31932, 1429.400, 14 May 2025, 06:31:30
  4.1211, 3.32328, 1422.232, 14 May 2025, 06:31:40
  4.1730, 3.32490, 1414.446, 14 May 2025, 06:31:50
  4.2042, 3.32900, 1407.031, 14 May 2025, 06:32:00
  4.1723, 3.32715, 1399.368, 14 May 2025, 06:32:10
  4.1478, 3.32459, 1391.829, 14 May 2025, 06:32:20
  4.1516, 3.32421, 1384.167, 14 May 2025, 06:32:30
  4.1714, 3.32562, 1376.380, 14 May 2025, 06:32:40
  4.1885, 3.32546, 1369.336, 14 May 2025, 06:32:50
  4.1901, 3.32615, 1368.965, 14 May 2025, 06:33:00
  4.1871, 3.32631, 1368.841, 14 May 2025, 06:33:10
  4.1937, 3.32731, 1369.459, 14 May 2025, 06:33:20
  4.1932, 3.32752, 1369.212, 14 May 2025, 06:33:30
  4.1938, 3.32745, 1368.841, 14 May 2025, 06:33:40
  4.1936, 3.32768, 1369.212, 14 May 2025, 06:33:50
  4.1938, 3.32774, 1369.707, 14 May 2025, 06:34:00
  4.1938, 3.32771, 1368.718, 14 May 2025, 06:34:10
  4.1933, 3.32774, 1368.965, 14 May 2025, 06:34:20
  4.1931, 3.32779, 1369.336, 14 May 2025, 06:34:30
  4.1938, 3.32777, 1369.089, 14 May 2025, 06:34:40
  4.2003, 3.32798, 1362.291, 14 May 2025, 06:34:50
  4.2123, 3.32868, 1354.258, 14 May 2025, 06:35:00
  4.3034, 3.33124, 1346.719, 14 May 2025, 06:35:10
  4.3678, 3.34194, 1338.933, 14 May 2025, 06:35:20
  4.4055, 3.34574, 1330.776, 14 May 2025, 06:35:30
  4.4175, 3.34573, 1322.743, 14 May 2025, 06:35:40
  4.4248, 3.34796, 1314.957, 14 May 2025, 06:35:50
  4.4347, 3.34857, 1307.294, 14 May 2025, 06:36:00
  4.4465, 3.34909, 1299.261, 14 May 2025, 06:36:10
  4.4361, 3.34821, 1291.227, 14 May 2025, 06:36:20
  4.3994, 3.34458, 1283.441, 14 May 2025, 06:36:30
  4.4419, 3.34689, 1275.655, 14 May 2025, 06:36:40
  4.4455, 3.34733, 1267.375, 14 May 2025, 06:36:50
  4.4757, 3.34858, 1259.712, 14 May 2025, 06:37:00
  4.5102, 3.35186, 1252.050, 14 May 2025, 06:37:10
  4.5400, 3.35427, 1244.510, 14 May 2025, 06:37:20
  4.5574, 3.35673, 1237.095, 14 May 2025, 06:37:30
  4.5728, 3.35541, 1229.556, 14 May 2025, 06:37:40
  4.5858, 3.35919, 1222.141, 14 May 2025, 06:37:50
  4.5851, 3.35905, 1217.197, 14 May 2025, 06:38:00
  4.5830, 3.35907, 1217.568, 14 May 2025, 06:38:10
  4.5820, 3.35925, 1217.692, 14 May 2025, 06:38:20
  4.5779, 3.35884, 1217.197, 14 May 2025, 06:38:30
  4.5764, 3.35873, 1217.321, 14 May 2025, 06:38:40
  4.5765, 3.35869, 1217.568, 14 May 2025, 06:38:50
  4.5750, 3.35872, 1217.445, 14 May 2025, 06:39:00
  4.5759, 3.35878, 1217.568, 14 May 2025, 06:39:10
  4.5761, 3.35878, 1217.321, 14 May 2025, 06:39:20
  4.5763, 3.35891, 1217.197, 14 May 2025, 06:39:30
  4.5758, 3.35889, 1217.692, 14 May 2025, 06:39:40
  4.5761, 3.35887, 1216.209, 14 May 2025, 06:39:50
  4.5962, 3.35992, 1208.299, 14 May 2025, 06:40:00
  4.5638, 3.35697, 1200.142, 14 May 2025, 06:40:10
  4.6440, 3.36192, 1191.985, 14 May 2025, 06:40:20
  4.6169, 3.35964, 1184.199, 14 May 2025, 06:40:30
  4.7090, 3.36577, 1176.289, 14 May 2025, 06:40:40
  4.7532, 3.36727, 1167.638, 14 May 2025, 06:40:50
  4.7889, 3.37244, 1159.605, 14 May 2025, 06:41:00
  4.8513, 3.37844, 1151.818, 14 May 2025, 06:41:10
  4.9554, 3.39036, 1143.538, 14 May 2025, 06:41:20
  4.9845, 3.39223, 1136.493, 14 May 2025, 06:41:30
  5.0220, 3.39446, 1129.202, 14 May 2025, 06:41:40
  5.0689, 3.39740, 1122.281, 14 May 2025, 06:41:50
  5.0844, 3.40153, 1115.112, 14 May 2025, 06:42:00
  5.0741, 3.40217, 1115.360, 14 May 2025, 06:42:10
  5.0774, 3.40301, 1115.236, 14 May 2025, 06:42:20
  5.0826, 3.40334, 1115.483, 14 May 2025, 06:42:30
  5.0822, 3.40287, 1115.483, 14 May 2025, 06:42:40
  5.0865, 3.40472, 1115.236, 14 May 2025, 06:42:50
  5.0883, 3.40504, 1115.112, 14 May 2025, 06:43:00
  5.0866, 3.40482, 1114.865, 14 May 2025, 06:43:10
  5.0861, 3.40492, 1115.730, 14 May 2025, 06:43:20
  5.0863, 3.40506, 1115.236, 14 May 2025, 06:43:30
  5.0871, 3.40520, 1115.236, 14 May 2025, 06:43:40
  5.0863, 3.40514, 1114.495, 14 May 2025, 06:43:50
  5.0909, 3.40555, 1107.821, 14 May 2025, 06:44:00
  5.1330, 3.40877, 1099.417, 14 May 2025, 06:44:10
  5.1607, 3.41051, 1091.136, 14 May 2025, 06:44:20
  5.2339, 3.41758, 1082.979, 14 May 2025, 06:44:30
  5.2858, 3.42201, 1074.328, 14 May 2025, 06:44:40
  5.3105, 3.42395, 1066.295, 14 May 2025, 06:44:50
  5.3349, 3.42687, 1058.014, 14 May 2025, 06:45:00
  5.4023, 3.43231, 1049.610, 14 May 2025, 06:45:10
  5.4638, 3.43824, 1041.947, 14 May 2025, 06:45:20
  5.5132, 3.44041, 1034.409, 14 May 2025, 06:45:30
  5.5489, 3.44520, 1027.240, 14 May 2025, 06:45:40
  5.5761, 3.44424, 1020.567, 14 May 2025, 06:45:50
  5.5962, 3.44896, 1013.275, 14 May 2025, 06:46:00
  5.6720, 3.45195, 1005.489, 14 May 2025, 06:46:10
  5.7133, 3.45947,  997.950, 14 May 2025, 06:46:20
  5.7405, 3.46303,  989.916, 14 May 2025, 06:46:30
  5.7624, 3.46110,  982.625, 14 May 2025, 06:46:40
  5.8173, 3.46992,  974.839, 14 May 2025, 06:46:50
  5.8637, 3.47297,  966.929, 14 May 2025, 06:47:00
  5.9017, 3.47593,  959.019, 14 May 2025, 06:47:10
  5.9662, 3.48254,  951.357, 14 May 2025, 06:47:20
  5.9772, 3.48400,  945.424, 14 May 2025, 06:47:30
  5.9670, 3.48415,  945.919, 14 May 2025, 06:47:40
  5.9763, 3.48402,  945.301, 14 May 2025, 06:47:50
  5.9923, 3.48550,  945.054, 14 May 2025, 06:48:00
  5.9924, 3.48714,  945.054, 14 May 2025, 06:48:10
  5.9861, 3.48739,  946.042, 14 May 2025, 06:48:20
  5.9927, 3.48799,  945.424, 14 May 2025, 06:48:30
  5.9969, 3.48800,  945.671, 14 May 2025, 06:48:40
  5.9982, 3.48862,  945.424, 14 May 2025, 06:48:50
  5.9965, 3.48843,  945.424, 14 May 2025, 06:49:00
  6.0011, 3.48878,  945.424, 14 May 2025, 06:49:10
  5.9962, 3.48873,  945.795, 14 May 2025, 06:49:20
  5.9933, 3.48871,  945.671, 14 May 2025, 06:49:30
  6.0443, 3.49174,  938.998, 14 May 2025, 06:49:40
  6.0648, 3.49230,  931.335, 14 May 2025, 06:49:50
  6.0949, 3.49577,  923.796, 14 May 2025, 06:50:00
  6.1996, 3.50402,  916.134, 14 May 2025, 06:50:10
  6.2548, 3.50843,  908.224, 14 May 2025, 06:50:20
  6.2780, 3.50827,  900.685, 14 May 2025, 06:50:30
  6.3300, 3.51645,  893.517, 14 May 2025, 06:50:40
  6.3967, 3.52166,  885.483, 14 May 2025, 06:50:50
  6.4437, 3.52439,  877.821, 14 May 2025, 06:51:00
  6.5128, 3.53165,  869.788, 14 May 2025, 06:51:10
