odissea/data/moor/raw/ce25007/microcat_cal_dip/cast13/7923_cal_dip_data.cnv
* Sea-Bird SBE37SM-RS232  Data File:
* FileName = C:\CE25007_recovery_data\7923_cal_dip_data.hex
* Software version SeatermV2 2.8.0.119
* Temperature SN = 7923
* Conductivity SN = 7923
* System UpLoad Time = May 14 2025 13:22:01
* sample interval = 10 seconds
* <ApplicationData>
# nquan = 5
# nvalues = 1346                                  
# units = specified
# name 0 = tv290C: Temperature [ITS-90, deg C]
# name 1 = cond0S/m: Conductivity [S/m]
# name 2 = prdM: Pressure, Strain Gauge [db]
# name 3 = timeK: Time, Instrument [seconds]
# name 4 = flag:  0.000e+00
# span 0 =     2.8041,    16.0864                 
# span 1 =  -0.011836,   4.215824                 
# span 2 =      0.782,   2416.525                 
# span 3 =  800511301,  800524751                 
# span 4 = 0.0000e+00, 0.0000e+00                 
# interval = seconds: 10
# start_time = May 14 2025 04:15:01 [Instrument's time stamp, first data scan]
# bad_flag = -9.990e-29
*END*
[from data line 572]
     3.4132   3.285355   2030.255  800517021  0.000e+00
     3.4128   3.285335   2030.207  800517031  0.000e+00
     3.4128   3.285368   2030.350  800517041  0.000e+00
     3.4129   3.285355   2030.184  800517051  0.000e+00
     3.4132   3.285361   2029.781  800517061  0.000e+00
     3.4128   3.285342   2029.994  800517071  0.000e+00
     3.4120   3.285296   2030.350  800517081  0.000e+00
     3.4116   3.285277   2030.161  800517091  0.000e+00
     3.4126   3.285335   2029.378  800517101  0.000e+00
     3.4122   3.285335   2030.397  800517111  0.000e+00
     3.4124   3.285355   2029.971  800517121  0.000e+00
     3.4123   3.285309   2030.208  800517131  0.000e+00
     3.4117   3.285316   2030.042  800517141  0.000e+00
     3.4125   3.285316   2030.113  800517151  0.000e+00
     3.4105   3.285140   2030.540  800517161  0.000e+00
     3.4097   3.285146   2029.616  800517171  0.000e+00
     3.4102   3.285134   2030.492  800517181  0.000e+00
     3.4100   3.285121   2030.421  800517191  0.000e+00
     3.4097   3.285069   2030.303  800517201  0.000e+00
     3.4098   3.285133   2029.758  800517211  0.000e+00
     3.4099   3.285114   2029.829  800517221  0.000e+00
     3.4102   3.285147   2030.279  800517231  0.000e+00
     3.4104   3.285147   2030.492  800517241  0.000e+00
     3.4108   3.285140   2029.948  800517251  0.000e+00
     3.4107   3.285166   2029.640  800517261  0.000e+00
     3.4108   3.285166   2030.374  800517271  0.000e+00
     3.4089   3.285023   2030.564  800517281  0.000e+00
     3.4072   3.284880   2030.303  800517291  0.000e+00
     3.4051   3.284685   2030.303  800517301  0.000e+00
     3.4036   3.284581   2030.137  800517311  0.000e+00
     3.4048   3.284653   2030.279  800517321  0.000e+00
     3.4063   3.284776   2030.753  800517331  0.000e+00
     3.4085   3.284939   2030.185  800517341  0.000e+00
     3.4093   3.285042   2029.782  800517351  0.000e+00
     3.4100   3.285101   2029.948  800517361  0.000e+00
     3.4090   3.285056   2030.161  800517371  0.000e+00
     3.4072   3.284893   2030.303  800517381  0.000e+00
     3.4077   3.284965   2030.161  800517391  0.000e+00
     3.4082   3.284997   2030.374  800517401  0.000e+00
     3.4089   3.285055   2029.261  800517411  0.000e+00
     3.4141   3.285079   2021.632  800517421  0.000e+00
     3.4231   3.285596   2013.813  800517431  0.000e+00
     3.4374   3.286543   2005.877  800517441  0.000e+00
     3.4494   3.287048   1997.870  800517451  0.000e+00
     3.4526   3.287000   1990.385  800517461  0.000e+00
     3.4606   3.287368   1982.449  800517471  0.000e+00
     3.4720   3.288081   1974.277  800517481  0.000e+00
     3.4778   3.288241   1966.461  800517491  0.000e+00
     3.4870   3.288674   1958.622  800517501  0.000e+00
     3.5001   3.289601   1950.380  800517511  0.000e+00
     3.5165   3.290652   1942.731  800517521  0.000e+00
     3.5410   3.292465   1935.083  800517531  0.000e+00
     3.5706   3.294603   1927.197  800517541  0.000e+00
     3.5591   3.293979   1927.032  800517551  0.000e+00
     3.5696   3.294532   1926.274  800517561  0.000e+00
     3.5748   3.295436   1927.079  800517571  0.000e+00
     3.5745   3.295488   1926.653  800517581  0.000e+00
     3.5749   3.295580   1927.268  800517591  0.000e+00
     3.5753   3.295651   1927.292  800517601  0.000e+00
     3.5756   3.295632   1926.795  800517611  0.000e+00
     3.5763   3.295703   1926.463  800517621  0.000e+00
     3.5763   3.295768   1927.339  800517631  0.000e+00
     3.5764   3.295755   1926.582  800517641  0.000e+00
     3.5768   3.295768   1926.795  800517651  0.000e+00
     3.5774   3.295833   1927.079  800517661  0.000e+00
     3.5773   3.295814   1926.558  800517671  0.000e+00
     3.5772   3.295761   1924.806  800517681  0.000e+00
     3.5780   3.295414   1916.921  800517691  0.000e+00
     3.5821   3.295444   1909.084  800517701  0.000e+00
     3.5935   3.296059   1900.750  800517711  0.000e+00
     3.6276   3.298498   1892.677  800517721  0.000e+00
     3.6324   3.298613   1884.581  800517731  0.000e+00
     3.6362   3.298610   1876.674  800517741  0.000e+00
     3.6397   3.298432   1868.319  800517751  0.000e+00
     3.6473   3.298781   1860.342  800517761  0.000e+00
     3.6627   3.299677   1852.602  800517771  0.000e+00
     3.6707   3.300046   1845.573  800517781  0.000e+00
     3.6755   3.300278   1838.686  800517791  0.000e+00
     3.6802   3.300464   1831.562  800517801  0.000e+00
     3.6807   3.300339   1826.025  800517811  0.000e+00
     3.6804   3.300385   1826.167  800517821  0.000e+00
     3.6796   3.300358   1825.930  800517831  0.000e+00
     3.6807   3.300482   1826.214  800517841  0.000e+00
     3.6814   3.300521   1826.001  800517851  0.000e+00
     3.6824   3.300619   1826.049  800517861  0.000e+00
     3.6825   3.300639   1826.143  800517871  0.000e+00
     3.6825   3.300639   1826.096  800517881  0.000e+00
     3.6820   3.300619   1826.001  800517891  0.000e+00
     3.6816   3.300626   1826.711  800517901  0.000e+00
     3.6818   3.300560   1825.977  800517911  0.000e+00
     3.6813   3.300561   1826.451  800517921  0.000e+00
     3.6813   3.300567   1826.380  800517931  0.000e+00
     3.6813   3.300567   1826.593  800517941  0.000e+00
     3.6812   3.300541   1826.072  800517951  0.000e+00
     3.6813   3.300567   1825.930  800517961  0.000e+00
     3.6815   3.300580   1826.285  800517971  0.000e+00
     3.6815   3.300593   1826.569  800517981  0.000e+00
     3.6813   3.300567   1826.167  800517991  0.000e+00
     3.6816   3.300567   1826.072  800518001  0.000e+00
     3.6813   3.300574   1826.545  800518011  0.000e+00
     3.6813   3.300593   1826.143  800518021  0.000e+00
     3.6814   3.300573   1826.214  800518031  0.000e+00
     3.6813   3.300574   1826.687  800518041  0.000e+00
     3.6812   3.300567   1826.356  800518051  0.000e+00
     3.6808   3.300534   1826.309  800518061  0.000e+00
     3.6805   3.300495   1826.427  800518071  0.000e+00
     3.6807   3.300522   1826.711  800518081  0.000e+00
     3.6805   3.300515   1826.190  800518091  0.000e+00
     3.6806   3.300495   1826.356  800518101  0.000e+00
     3.6805   3.300476   1826.143  800518111  0.000e+00
     3.6804   3.300482   1826.593  800518121  0.000e+00
     3.6801   3.300476   1826.096  800518131  0.000e+00
     3.6802   3.300456   1826.451  800518141  0.000e+00
     3.6800   3.300456   1826.687  800518151  0.000e+00
     3.6800   3.300463   1826.663  800518161  0.000e+00
     3.6798   3.300437   1825.977  800518171  0.000e+00
     3.6801   3.300463   1826.616  800518181  0.000e+00
     3.6800   3.300463   1826.356  800518191  0.000e+00
     3.6802   3.300476   1826.308  800518201  0.000e+00
     3.6802   3.300469   1826.545  800518211  0.000e+00
     3.6802   3.300443   1826.356  800518221  0.000e+00
     3.6800   3.300450   1826.522  800518231  0.000e+00
     3.6799   3.300437   1826.593  800518241  0.000e+00
     3.6793   3.300430   1826.451  800518251  0.000e+00
     3.6798   3.300391   1826.190  800518261  0.000e+00
     3.6795   3.300391   1826.569  800518271  0.000e+00
     3.6793   3.300122   1820.014  800518281  0.000e+00
     3.6786   3.299768   1812.584  800518291  0.000e+00
     3.6797   3.299544   1804.917  800518301  0.000e+00
     3.6842   3.299496   1796.967  800518311  0.000e+00
     3.6829   3.299122   1789.065  800518321  0.000e+00
     3.6885   3.299218   1781.470  800518331  0.000e+00
     3.6888   3.298948   1773.829  800518341  0.000e+00
     3.7095   3.300320   1765.668  800518351  0.000e+00
     3.7152   3.300519   1758.240  800518361  0.000e+00
     3.7186   3.300504   1750.670  800518371  0.000e+00
     3.7223   3.300488   1743.125  800518381  0.000e+00
     3.7237   3.300342   1735.249  800518391  0.000e+00
     3.7302   3.300542   1728.012  800518401  0.000e+00
     3.7301   3.300443   1724.275  800518411  0.000e+00
     3.7301   3.300437   1724.748  800518421  0.000e+00
     3.7305   3.300560   1724.606  800518431  0.000e+00
     3.7310   3.300593   1724.772  800518441  0.000e+00
     3.7312   3.300632   1724.488  800518451  0.000e+00
     3.7315   3.300658   1724.582  800518461  0.000e+00
     3.7316   3.300684   1725.245  800518471  0.000e+00
     3.7319   3.300678   1724.724  800518481  0.000e+00
     3.7317   3.300684   1724.630  800518491  0.000e+00
     3.7320   3.300710   1725.032  800518501  0.000e+00
     3.7321   3.300710   1724.890  800518511  0.000e+00
     3.7317   3.300704   1724.322  800518521  0.000e+00
     3.7343   3.300649   1718.031  800518531  0.000e+00
     3.7081   3.297684   1710.014  800518541  0.000e+00
     3.7223   3.298522   1702.069  800518551  0.000e+00
     3.7291   3.299170   1693.746  800518561  0.000e+00
     3.7519   3.300444   1685.824  800518571  0.000e+00
     3.7573   3.300604   1677.904  800518581  0.000e+00
     3.7696   3.301429   1669.889  800518591  0.000e+00
     3.7745   3.301517   1661.851  800518601  0.000e+00
     3.7840   3.301847   1653.813  800518611  0.000e+00
     3.7896   3.302163   1645.941  800518621  0.000e+00
     3.8032   3.303138   1638.661  800518631  0.000e+00
     3.8088   3.303155   1631.380  800518641  0.000e+00
     3.8156   3.303818   1624.242  800518651  0.000e+00
     3.8115   3.303498   1622.446  800518661  0.000e+00
     3.8185   3.303973   1622.021  800518671  0.000e+00
     3.8248   3.304488   1622.304  800518681  0.000e+00
     3.8281   3.304847   1622.919  800518691  0.000e+00
     3.8300   3.305048   1622.517  800518701  0.000e+00
     3.8309   3.305146   1622.493  800518711  0.000e+00
     3.8323   3.305244   1622.422  800518721  0.000e+00
     3.8320   3.305264   1622.635  800518731  0.000e+00
     3.8319   3.305244   1622.304  800518741  0.000e+00
     3.8317   3.305270   1622.777  800518751  0.000e+00
     3.8318   3.305283   1622.162  800518761  0.000e+00
     3.8317   3.305250   1622.587  800518771  0.000e+00
     3.8313   3.305231   1622.706  800518781  0.000e+00
     3.8319   3.305270   1622.280  800518791  0.000e+00
     3.8315   3.305244   1622.540  800518801  0.000e+00
     3.8312   3.305244   1622.351  800518811  0.000e+00
     3.8312   3.305231   1622.918  800518821  0.000e+00
     3.8313   3.305289   1622.209  800518831  0.000e+00
     3.8317   3.305263   1622.540  800518841  0.000e+00
     3.8316   3.305257   1622.753  800518851  0.000e+00
     3.8317   3.305263   1622.067  800518861  0.000e+00
     3.8316   3.305263   1622.351  800518871  0.000e+00
     3.8315   3.305283   1622.895  800518881  0.000e+00
     3.8316   3.305263   1622.422  800518891  0.000e+00
     3.8313   3.305263   1622.422  800518901  0.000e+00
     3.8320   3.305283   1622.516  800518911  0.000e+00
     3.8317   3.305296   1622.965  800518921  0.000e+00
     3.8320   3.305309   1622.469  800518931  0.000e+00
     3.8323   3.305355   1622.020  800518941  0.000e+00
     3.8327   3.305387   1622.752  800518951  0.000e+00
     3.8329   3.305348   1622.706  800518961  0.000e+00
     3.8328   3.305420   1622.422  800518971  0.000e+00
     3.8329   3.305413   1622.327  800518981  0.000e+00
     3.8334   3.305446   1622.280  800518991  0.000e+00
     3.8334   3.305440   1622.823  800519001  0.000e+00
     3.8338   3.305472   1622.398  800519011  0.000e+00
     3.8339   3.305492   1622.729  800519021  0.000e+00
     3.8344   3.305531   1622.540  800519031  0.000e+00
     3.8348   3.305576   1622.280  800519041  0.000e+00
     3.8357   3.305563   1622.303  800519051  0.000e+00
     3.8348   3.305583   1622.918  800519061  0.000e+00
     3.8352   3.305648   1622.138  800519071  0.000e+00
     3.8417   3.306258   1615.071  800519081  0.000e+00
     3.8529   3.306464   1606.776  800519091  0.000e+00
     3.8614   3.306976   1599.048  800519101  0.000e+00
     3.8728   3.307788   1590.847  800519111  0.000e+00
     3.8925   3.309259   1582.482  800519121  0.000e+00
     3.9044   3.309758   1573.999  800519131  0.000e+00
     3.9165   3.310694   1566.226  800519141  0.000e+00
     3.9291   3.311507   1558.949  800519151  0.000e+00
     3.9366   3.311792   1551.200  800519161  0.000e+00
     3.9413   3.312070   1543.616  800519171  0.000e+00
     3.9466   3.312328   1536.246  800519181  0.000e+00
     3.9563   3.312893   1528.758  800519191  0.000e+00
     3.9616   3.312949   1521.175  800519201  0.000e+00
     3.9609   3.313073   1520.442  800519211  0.000e+00
     3.9621   3.313255   1520.089  800519221  0.000e+00
     3.9616   3.313242   1519.994  800519231  0.000e+00
     3.9625   3.313340   1520.349  800519241  0.000e+00
     3.9631   3.313379   1520.348  800519251  0.000e+00
     3.9631   3.313393   1520.372  800519261  0.000e+00
     3.9632   3.313412   1519.970  800519271  0.000e+00
     3.9635   3.313451   1520.679  800519281  0.000e+00
     3.9629   3.313419   1520.301  800519291  0.000e+00
     3.9631   3.313425   1520.419  800519301  0.000e+00
     3.9627   3.313287   1517.726  800519311  0.000e+00
     3.9648   3.313494   1509.766  800519321  0.000e+00
     3.9788   3.314058   1501.807  800519331  0.000e+00
     3.9897   3.314793   1494.012  800519341  0.000e+00
     3.9993   3.315377   1485.959  800519351  0.000e+00
     4.0199   3.316869   1478.119  800519361  0.000e+00
     4.0330   3.317826   1470.327  800519371  0.000e+00
     4.0468   3.318613   1462.393  800519381  0.000e+00
     4.0607   3.319648   1454.223  800519391  0.000e+00
     4.0673   3.320115   1446.384  800519401  0.000e+00
     4.0819   3.321236   1438.687  800519411  0.000e+00
     4.0834   3.320868   1431.723  800519421  0.000e+00
     4.0922   3.321721   1424.475  800519431  0.000e+00
     4.1533   3.326636   1417.488  800519441  0.000e+00
     4.1854   3.329469   1410.052  800519451  0.000e+00
     4.1973   3.329799   1402.286  800519461  0.000e+00
     4.1555   3.326367   1394.757  800519471  0.000e+00
     4.1497   3.325365   1387.227  800519481  0.000e+00
     4.1588   3.325800   1379.557  800519491  0.000e+00
     4.1764   3.327039   1372.264  800519501  0.000e+00
     4.1824   3.327567   1367.804  800519511  0.000e+00
     4.1776   3.327057   1368.347  800519521  0.000e+00
     4.1800   3.327286   1368.252  800519531  0.000e+00
     4.1803   3.327299   1367.851  800519541  0.000e+00
     4.1827   3.327554   1368.535  800519551  0.000e+00
     4.1862   3.327802   1368.299  800519561  0.000e+00
     4.1889   3.328103   1368.110  800519571  0.000e+00
     4.1880   3.328312   1367.851  800519581  0.000e+00
     4.1902   3.328312   1368.629  800519591  0.000e+00
     4.1917   3.328384   1368.134  800519601  0.000e+00
     4.1923   3.328475   1368.275  800519611  0.000e+00
     4.1930   3.328481   1365.585  800519621  0.000e+00
     4.2037   3.329275   1357.726  800519631  0.000e+00
     4.2459   3.333959   1349.845  800519641  0.000e+00
     4.3341   3.341478   1341.704  800519651  0.000e+00
     4.3833   3.345940   1333.871  800519661  0.000e+00
     4.4136   3.348550   1326.581  800519671  0.000e+00
     4.4208   3.349025   1318.512  800519681  0.000e+00
     4.4327   3.349291   1310.113  800519691  0.000e+00
     4.4476   3.350395   1302.493  800519701  0.000e+00
     4.4372   3.349155   1294.992  800519711  0.000e+00
     4.3984   3.345008   1286.877  800519721  0.000e+00
     4.4037   3.345686   1278.858  800519731  0.000e+00
     4.4403   3.348126   1271.028  800519741  0.000e+00
     4.4586   3.350278   1263.739  800519751  0.000e+00
     4.5034   3.353754   1255.391  800519761  0.000e+00
     4.5157   3.355095   1247.986  800519771  0.000e+00
     4.5485   3.357269   1240.535  800519781  0.000e+00
     4.5655   3.359129   1233.225  800519791  0.000e+00
     4.5807   3.360156   1225.725  800519801  0.000e+00
     4.5892   3.360835   1218.228  800519811  0.000e+00
     4.5834   3.360317   1217.024  800519821  0.000e+00
     4.5728   3.359254   1216.506  800519831  0.000e+00
     4.5721   3.359228   1217.213  800519841  0.000e+00
     4.5711   3.359149   1216.930  800519851  0.000e+00
     4.5719   3.359287   1216.883  800519861  0.000e+00
