odissea/data/moor/raw/ce25007/microcat_cal_dip/cast13/7923_cal_dip_data.cnv
* Sea-Bird SBE37SM-RS232  Data File:
* FileName = C:\CE25007_recovery_data\7923_cal_dip_data.hex
* Software version SeatermV2 2.8.0.119
* Temperature SN = 7923
* Conductivity SN = 7923
* System UpLoad Time = May 14 2025 13:22:01
* sample interval = 10 seconds
* <ApplicationData>
# nquan = 5
# nvalues = 1346                                  
# units = specified
# name 0 = tv290C: Temperature [ITS-90, deg C]
# name 1 = cond0S/m: Conductivity [S/m]
# name 2 = prdM: Pressure, Strain Gauge [db]
# name 3 = timeK: Time, Instrument [seconds]
# name 4 = flag:  0.000e+00
# span 0 =     2.8041,    16.0864                 
# span 1 =  -0.011836,   4.215824                 
# span 2 =      0.782,   2416.525                 
# span 3 =  800511301,  800524751                 
# span 4 = 0.0000e+00, 0.0000e+00                 
# interval = seconds: 10
# start_time = May 14 2025 04:15:01 [Instrument's time stamp, first data scan]
# bad_flag = -9.990e-29
*END*
[from data line 858]
     4.5757   3.359602   1216.882  800519881  0.000e+00
     4.5755   3.359517   1216.952  800519891  0.000e+00
     4.5732   3.359379   1216.976  800519901  0.000e+00
     4.5728   3.359320   1217.188  800519911  0.000e+00
     4.5725   3.359300   1216.599  800519921  0.000e+00
     4.5767   3.359718   1212.118  800519931  0.000e+00
     4.5787   3.358883   1204.126  800519941  0.000e+00
     4.5918   3.360408   1196.134  800519951  0.000e+00
     4.6268   3.360884   1187.859  800519961  0.000e+00
     4.6573   3.366084   1179.704  800519971  0.000e+00
     4.7228   3.371727   1171.806  800519981  0.000e+00
     4.7630   3.375192   1163.769  800519991  0.000e+00
     4.8243   3.381221   1155.072  800520001  0.000e+00
     4.9073   3.389183   1146.916  800520011  0.000e+00
     4.9778   3.395499   1139.988  800520021  0.000e+00
     4.9826   3.395846   1132.800  800520031  0.000e+00
     5.0646   3.403063   1125.424  800520041  0.000e+00
     5.0756   3.404379   1118.072  800520051  0.000e+00
     5.0767   3.404695   1115.267  800520061  0.000e+00
     5.0792   3.405182   1115.173  800520071  0.000e+00
     5.0885   3.405848   1115.550  800520081  0.000e+00
     5.0909   3.406323   1115.242  800520091  0.000e+00
     5.0925   3.406534   1114.889  800520101  0.000e+00
     5.0915   3.406613   1115.690  800520111  0.000e+00
     5.0870   3.406191   1115.454  800520121  0.000e+00
     5.0861   3.405921   1115.170  800520131  0.000e+00
     5.0852   3.405934   1115.053  800520141  0.000e+00
     5.0853   3.406092   1115.312  800520151  0.000e+00
     5.0862   3.406000   1115.498  800520161  0.000e+00
     5.0864   3.406012   1112.083  800520171  0.000e+00
     5.1055   3.407545   1103.718  800520181  0.000e+00
     5.1411   3.410306   1095.706  800520191  0.000e+00
     5.1765   3.414149   1087.082  800520201  0.000e+00
     5.2460   3.419394   1079.025  800520211  0.000e+00
     5.3011   3.424390   1070.663  800520221  0.000e+00
     5.3144   3.425352   1062.111  800520231  0.000e+00
     5.3620   3.429916   1053.866  800520241  0.000e+00
     5.4164   3.435203   1045.645  800520251  0.000e+00
     5.4868   3.442520   1038.932  800520261  0.000e+00
     5.5351   3.445059   1031.514  800520271  0.000e+00
     5.5576   3.447580   1024.378  800520281  0.000e+00
     5.5937   3.450983   1016.866  800520291  0.000e+00
     5.6243   3.454434   1010.131  800520301  0.000e+00
     5.6944   3.460147   1002.594  800520311  0.000e+00
     5.7189   3.463249    994.895  800520321  0.000e+00
     5.7440   3.464660    987.288  800520331  0.000e+00
     5.7975   3.470387    979.164  800520341  0.000e+00
     5.8323   3.473061    971.631  800520351  0.000e+00
     5.8809   3.477371    964.213  800520361  0.000e+00
     5.9271   3.482041    956.445  800520371  0.000e+00
     5.9732   3.486089    948.842  800520381  0.000e+00
     5.9719   3.486747    946.298  800520391  0.000e+00
     5.9763   3.487565    946.132  800520401  0.000e+00
     5.9807   3.487832    946.389  800520411  0.000e+00
     5.9888   3.488823    947.026  800520421  0.000e+00
     5.9914   3.489009    946.248  800520431  0.000e+00
     5.9966   3.489662    945.752  800520441  0.000e+00
     5.9984   3.489702    946.268  800520451  0.000e+00
     5.9997   3.490034    946.174  800520461  0.000e+00
     5.9959   3.489728    946.386  800520471  0.000e+00
     5.9930   3.489436    946.620  800520481  0.000e+00
     5.9955   3.489555    946.100  800520491  0.000e+00
     5.9962   3.489895    946.147  800520501  0.000e+00
     6.0019   3.490053    943.627  800520511  0.000e+00
     6.0524   3.494312    936.283  800520521  0.000e+00
     6.0655   3.495101    928.444  800520531  0.000e+00
     6.1453   3.502607    920.818  800520541  0.000e+00
     6.2265   3.509772    913.238  800520551  0.000e+00
     6.2593   3.512678    905.778  800520561  0.000e+00
     6.2978   3.517054    897.775  800520571  0.000e+00
     6.3566   3.522186    890.055  800520581  0.000e+00
     6.4238   3.527509    882.808  800520591  0.000e+00
     6.4488   3.530080    875.182  800520601  0.000e+00
     6.5423   3.537742    867.232  800520611  0.000e+00
     6.5534   3.539968    862.052  800520621  0.000e+00
     6.5499   3.540671    862.170  800520631  0.000e+00
     6.5736   3.542325    862.991  800520641  0.000e+00
     6.5759   3.543202    862.215  800520651  0.000e+00
     6.5795   3.543530    862.331  800520661  0.000e+00
     6.5769   3.543563    862.048  800520671  0.000e+00
     6.5700   3.543276    862.870  800520681  0.000e+00
     6.5703   3.543276    862.587  800520691  0.000e+00
     6.5707   3.543088    862.209  800520701  0.000e+00
     6.5697   3.543001    862.536  800520711  0.000e+00
     6.5757   3.543430    862.489  800520721  0.000e+00
     6.6238   3.548591    856.020  800520731  0.000e+00
     6.7022   3.554110    847.501  800520741  0.000e+00
     6.5951   3.542196    839.548  800520751  0.000e+00
     6.7384   3.558449    831.103  800520761  0.000e+00
     6.7709   3.558627    822.422  800520771  0.000e+00
     6.8505   3.566119    815.201  800520781  0.000e+00
     6.8979   3.569285    807.766  800520791  0.000e+00
     6.9961   3.579057    800.570  800520801  0.000e+00
     7.0121   3.579734    792.971  800520811  0.000e+00
     7.0314   3.581896    785.373  800520821  0.000e+00
     7.1243   3.589770    777.966  800520831  0.000e+00
     7.1757   3.595127    771.027  800520841  0.000e+00
     7.2401   3.599913    763.432  800520851  0.000e+00
     7.2707   3.602336    755.720  800520861  0.000e+00
     7.3207   3.607928    748.145  800520871  0.000e+00
     7.3959   3.614307    741.304  800520881  0.000e+00
     7.4225   3.615647    733.285  800520891  0.000e+00
     7.4797   3.621883    725.786  800520901  0.000e+00
     7.7733   3.656863    718.167  800520911  0.000e+00
     7.9642   3.670096    710.410  800520921  0.000e+00
     7.9642   3.672146    709.186  800520931  0.000e+00
     7.9910   3.676460    709.653  800520941  0.000e+00
     7.9917   3.677051    709.674  800520951  0.000e+00
     7.9870   3.676195    709.275  800520961  0.000e+00
     7.9865   3.677166    709.414  800520971  0.000e+00
     7.9865   3.676473    709.364  800520981  0.000e+00
     7.9889   3.677540    709.385  800520991  0.000e+00
     7.9910   3.677397    709.453  800521001  0.000e+00
     7.9912   3.677785    709.524  800521011  0.000e+00
     7.9926   3.677846    709.589  800521021  0.000e+00
     7.9935   3.677975    709.070  800521031  0.000e+00
     7.9946   3.678050    709.302  800521041  0.000e+00
     7.9938   3.677907    709.443  800521051  0.000e+00
     7.9939   3.678206    709.206  800521061  0.000e+00
     7.9954   3.678213    709.415  800521071  0.000e+00
     7.9953   3.678206    709.438  800521081  0.000e+00
     7.9951   3.678192    709.694  800521091  0.000e+00
     7.9946   3.678226    708.822  800521101  0.000e+00
     7.9955   3.678281    709.381  800521111  0.000e+00
     7.9964   3.678288    709.686  800521121  0.000e+00
     7.9958   3.678288    709.616  800521131  0.000e+00
     7.9968   3.678471    709.352  800521141  0.000e+00
     7.9979   3.678484    709.117  800521151  0.000e+00
     7.9981   3.678559    709.231  800521161  0.000e+00
     7.9980   3.678552    709.111  800521171  0.000e+00
     7.9992   3.678546    709.417  800521181  0.000e+00
     7.9979   3.678245    705.912  800521191  0.000e+00
     8.1156   3.688767    698.082  800521201  0.000e+00
     8.1193   3.689016    690.323  800521211  0.000e+00
     8.1862   3.694560    683.178  800521221  0.000e+00
     8.1685   3.694083    683.131  800521231  0.000e+00
     8.1514   3.691688    683.528  800521241  0.000e+00
     8.1417   3.692232    683.481  800521251  0.000e+00
     8.1510   3.692355    683.546  800521261  0.000e+00
     8.1546   3.693253    683.358  800521271  0.000e+00
     8.1591   3.693437    682.982  800521281  0.000e+00
     8.1622   3.693907    683.499  800521291  0.000e+00
     8.1658   3.694118    683.734  800521301  0.000e+00
     8.1734   3.694430    683.140  800521311  0.000e+00
     8.1757   3.695418    682.999  800521321  0.000e+00
     8.2294   3.699316    675.761  800521331  0.000e+00
     8.2881   3.705398    668.026  800521341  0.000e+00
     8.3535   3.710582    660.295  800521351  0.000e+00
     8.3915   3.713525    652.303  800521361  0.000e+00
     8.4737   3.721213    644.455  800521371  0.000e+00
     8.5347   3.725976    636.463  800521381  0.000e+00
     8.5984   3.731507    628.592  800521391  0.000e+00
     8.7026   3.739565    621.071  800521401  0.000e+00
     8.7642   3.746083    613.013  800521411  0.000e+00
     8.7851   3.748470    607.748  800521421  0.000e+00
     8.7748   3.748416    607.701  800521431  0.000e+00
     8.7797   3.748402    607.936  800521441  0.000e+00
     8.7905   3.749874    608.426  800521451  0.000e+00
     8.7898   3.749408    607.698  800521461  0.000e+00
     8.7898   3.750093    608.144  800521471  0.000e+00
     8.7905   3.750107    607.974  800521481  0.000e+00
     8.7902   3.750121    608.115  800521491  0.000e+00
     8.7910   3.750004    607.759  800521501  0.000e+00
     8.7920   3.750271    608.346  800521511  0.000e+00
     8.7912   3.750299    608.088  800521521  0.000e+00
     8.7984   3.750762    602.702  800521531  0.000e+00
     8.8501   3.755911    595.091  800521541  0.000e+00
     8.9847   3.768476    587.011  800521551  0.000e+00
     9.0634   3.775281    579.092  800521561  0.000e+00
     9.1041   3.779158    571.365  800521571  0.000e+00
     9.1413   3.782776    563.377  800521581  0.000e+00
     9.2017   3.787770    555.040  800521591  0.000e+00
     9.2452   3.792443    547.639  800521601  0.000e+00
     9.3474   3.802371    539.863  800521611  0.000e+00
     9.4152   3.808326    532.091  800521621  0.000e+00
     9.4446   3.811852    525.044  800521631  0.000e+00
     9.4676   3.813718    518.282  800521641  0.000e+00
     9.4665   3.813632    510.977  800521651  0.000e+00
     9.4516   3.812196    504.028  800521661  0.000e+00
     9.5179   3.818309    496.488  800521671  0.000e+00
     9.5647   3.822445    488.715  800521681  0.000e+00
     9.5798   3.824326    481.340  800521691  0.000e+00
     9.6048   3.826684    473.896  800521701  0.000e+00
     9.6521   3.830914    466.409  800521711  0.000e+00
     9.6691   3.832680    459.273  800521721  0.000e+00
     9.6680   3.832845    457.956  800521731  0.000e+00
     9.6772   3.833784    457.764  800521741  0.000e+00
     9.6776   3.833833    457.928  800521751  0.000e+00
     9.6774   3.833992    457.995  800521761  0.000e+00
     9.6764   3.833722    457.827  800521771  0.000e+00
     9.6765   3.834033    458.058  800521781  0.000e+00
     9.6765   3.834075    458.125  800521791  0.000e+00
     9.6757   3.833895    457.961  800521801  0.000e+00
     9.6740   3.833833    457.797  800521811  0.000e+00
     9.6758   3.833957    458.051  800521821  0.000e+00
     9.6749   3.833902    458.118  800521831  0.000e+00
     9.6747   3.833937    458.349  800521841  0.000e+00
     9.6729   3.833798    457.547  800521851  0.000e+00
     9.6728   3.833798    457.970  800521861  0.000e+00
     9.6732   3.833812    458.157  800521871  0.000e+00
     9.6741   3.833792    458.271  800521881  0.000e+00
     9.6727   3.833743    457.868  800521891  0.000e+00
     9.6737   3.833874    457.798  800521901  0.000e+00
     9.6737   3.833805    457.911  800521911  0.000e+00
     9.6744   3.833792    458.310  800521921  0.000e+00
     9.6742   3.833937    458.236  800521931  0.000e+00
     9.6742   3.833881    457.767  800521941  0.000e+00
     9.6742   3.833833    457.833  800521951  0.000e+00
     9.6728   3.833805    458.373  800521961  0.000e+00
     9.6717   3.833557    458.299  800521971  0.000e+00
     9.6703   3.833584    457.782  800521981  0.000e+00
     9.6711   3.833563    457.966  800521991  0.000e+00
     9.6692   3.833405    458.365  800522001  0.000e+00
     9.6700   3.833439    458.412  800522011  0.000e+00
     9.6704   3.833563    457.826  800522021  0.000e+00
     9.6699   3.833598    457.892  800522031  0.000e+00
     9.6684   3.833301    458.545  800522041  0.000e+00
     9.6680   3.832859    458.311  800522051  0.000e+00
     9.6683   3.833253    458.123  800522061  0.000e+00
     9.6693   3.833246    458.170  800522071  0.000e+00
     9.6689   3.833356    458.260  800522081  0.000e+00
     9.6700   3.833101    458.401  800522091  0.000e+00
     9.6679   3.833301    458.189  800522101  0.000e+00
     9.6687   3.833163    458.354  800522111  0.000e+00
     9.6675   3.833211    458.049  800522121  0.000e+00
     9.6686   3.833253    458.162  800522131  0.000e+00
     9.6675   3.833280    458.068  800522141  0.000e+00
     9.6665   3.833197    458.232  800522151  0.000e+00
     9.6667   3.833101    457.974  800522161  0.000e+00
     9.6665   3.833080    458.537  800522171  0.000e+00
     9.6669   3.833184    457.880  800522181  0.000e+00
     9.6683   3.833197    458.111  800522191  0.000e+00
     9.6669   3.833204    458.130  800522201  0.000e+00
     9.6675   3.833239    458.342  800522211  0.000e+00
     9.6676   3.833197    458.177  800522221  0.000e+00
     9.6656   3.832983    458.389  800522231  0.000e+00
     9.6673   3.833211    457.966  800522241  0.000e+00
     9.6671   3.833191    458.295  800522251  0.000e+00
     9.6675   3.833198    458.389  800522261  0.000e+00
     9.6680   3.833156    458.201  800522271  0.000e+00
     9.6809   3.834362    450.616  800522281  0.000e+00
     9.7549   3.841160    442.379  800522291  0.000e+00
     9.7973   3.844739    434.517  800522301  0.000e+00
     9.8788   3.852083    426.304  800522311  0.000e+00
     9.9365   3.857315    418.161  800522321  0.000e+00
     9.9840   3.861190    410.089  800522331  0.000e+00
    10.0358   3.867730    403.046  800522341  0.000e+00
    10.0868   3.870251    395.750  800522351  0.000e+00
    10.0684   3.869230    388.970  800522361  0.000e+00
    10.0823   3.870690    381.678  800522371  0.000e+00
    10.0713   3.868537    373.955  800522381  0.000e+00
    10.0858   3.873577    366.918  800522391  0.000e+00
    10.2458   3.886194    359.248  800522401  0.000e+00
    10.2456   3.887081    355.373  800522411  0.000e+00
    10.2378   3.886755    355.636  800522421  0.000e+00
    10.2399   3.886818    355.510  800522431  0.000e+00
    10.2369   3.886484    355.467  800522441  0.000e+00
    10.2260   3.885623    355.979  800522451  0.000e+00
    10.2257   3.885637    355.885  800522461  0.000e+00
    10.2258   3.885804    355.670  800522471  0.000e+00
    10.2267   3.885838    355.299  800522481  0.000e+00
    10.2261   3.886123    355.600  800522491  0.000e+00
    10.2257   3.885963    355.478  800522501  0.000e+00
    10.2270   3.885929    355.900  800522511  0.000e+00
    10.2302   3.886185    353.602  800522521  0.000e+00
    10.2508   3.887529    345.154  800522531  0.000e+00
    10.2007   3.881560    337.105  800522541  0.000e+00
    10.0402   3.863433    328.830  800522551  0.000e+00
    10.0592   3.864289    320.974  800522561  0.000e+00
    10.0980   3.867315    312.907  800522571  0.000e+00
    10.1383   3.869066    306.032  800522581  0.000e+00
    10.1266   3.868151    304.743  800522591  0.000e+00
    10.1294   3.868747    304.926  800522601  0.000e+00
    10.1318   3.868560    304.719  800522611  0.000e+00
    10.1358   3.869017    304.945  800522621  0.000e+00
    10.1373   3.869239    304.785  800522631  0.000e+00
    10.1379   3.869329    305.062  800522641  0.000e+00
    10.1396   3.869489    304.523  800522651  0.000e+00
    10.1415   3.869614    304.945  800522661  0.000e+00
    10.1406   3.869551    304.992  800522671  0.000e+00
    10.1407   3.869586    304.495  800522681  0.000e+00
    10.1398   3.869091    297.559  800522691  0.000e+00
    10.2453   3.878481    289.704  800522701  0.000e+00
    10.3466   3.888248    281.517  800522711  0.000e+00
