odissea/data/moor/raw/ce25007/microcat_cal_dip/cast13/7923_cal_dip_data.cnv
* Sea-Bird SBE37SM-RS232  Data File:
* FileName = C:\CE25007_recovery_data\7923_cal_dip_data.hex
* Software version SeatermV2 2.8.0.119
* Temperature SN = 7923
* Conductivity SN = 7923
* System UpLoad Time = May 14 2025 13:22:01
* sample interval = 10 seconds
* <ApplicationData>
# nquan = 5
# nvalues = 1346                                  
# units = specified
# name 0 = tv290C: Temperature [ITS-90, deg C]
# name 1 = cond0S/m: Conductivity [S/m]
# name 2 = prdM: Pressure, Strain Gauge [db]
# name 3 = timeK: Time, Instrument [seconds]
# name 4 = flag:  0.000e+00
# span 0 =     2.8041,    16.0864                 
# span 1 =  -0.011836,   4.215824                 
# span 2 =      0.782,   2416.525                 
# span 3 =  800511301,  800524751                 
# span 4 = 0.0000e+00, 0.0000e+00                 
# interval = seconds: 10
# start_time = May 14 2025 04:15:01 [Instrument's time stamp, first data scan]
# bad_flag = -9.990e-29
*END*
[from data line 286]
     4.1678   3.328632   1386.709  800514161  0.000e+00
     4.1515   3.327132   1396.954  800514171  0.000e+00
     4.1311   3.325176   1406.752  800514181  0.000e+00
     4.0877   3.322652   1416.290  800514191  0.000e+00
     4.0545   3.319026   1426.822  800514201  0.000e+00
     4.0466   3.318435   1436.762  800514211  0.000e+00
     4.0362   3.317916   1446.633  800514221  0.000e+00
     4.0203   3.316751   1456.809  800514231  0.000e+00
     4.0164   3.316715   1466.517  800514241  0.000e+00
     4.0253   3.318134   1476.506  800514251  0.000e+00
     3.9824   3.315065   1486.190  800514261  0.000e+00
     3.9746   3.314063   1496.441  800514271  0.000e+00
     3.9495   3.312077   1506.031  800514281  0.000e+00
     3.9406   3.311741   1516.189  800514291  0.000e+00
     3.9313   3.311164   1526.158  800514301  0.000e+00
     3.9224   3.310652   1535.867  800514311  0.000e+00
     3.9141   3.310310   1545.790  800514321  0.000e+00
     3.9067   3.309915   1555.951  800514331  0.000e+00
     3.8890   3.308843   1566.134  800514341  0.000e+00
     3.8827   3.308611   1575.847  800514351  0.000e+00
     3.8673   3.307754   1585.985  800514361  0.000e+00
     3.8428   3.305705   1596.361  800514371  0.000e+00
     3.8339   3.305246   1606.972  800514381  0.000e+00
     3.8284   3.305138   1617.348  800514391  0.000e+00
     3.8099   3.303903   1627.559  800514401  0.000e+00
     3.8033   3.303555   1637.700  800514411  0.000e+00
     3.7820   3.302067   1648.338  800514421  0.000e+00
     3.7833   3.302519   1658.953  800514431  0.000e+00
     3.7798   3.302744   1669.285  800514441  0.000e+00
     3.7603   3.301523   1679.382  800514451  0.000e+00
     3.7559   3.301409   1689.855  800514461  0.000e+00
     3.7556   3.301810   1699.954  800514471  0.000e+00
     3.7466   3.301526   1710.690  800514481  0.000e+00
     3.7149   3.299218   1720.954  800514491  0.000e+00
     3.7094   3.298948   1731.361  800514501  0.000e+00
     3.7084   3.299296   1741.485  800514511  0.000e+00
     3.7061   3.299573   1751.845  800514521  0.000e+00
     3.7032   3.299876   1762.088  800514531  0.000e+00
     3.7088   3.300869   1771.882  800514541  0.000e+00
     3.6958   3.300299   1782.292  800514551  0.000e+00
     3.6862   3.299846   1792.347  800514561  0.000e+00
     3.6814   3.299928   1802.048  800514571  0.000e+00
     3.6786   3.300015   1811.868  800514581  0.000e+00
     3.6751   3.300110   1821.854  800514591  0.000e+00
     3.6662   3.299879   1832.220  800514601  0.000e+00
     3.6639   3.299999   1842.065  800514611  0.000e+00
     3.6624   3.300224   1851.840  800514621  0.000e+00
     3.6428   3.299139   1861.805  800514631  0.000e+00
     3.6354   3.298817   1872.102  800514641  0.000e+00
     3.6310   3.298794   1881.974  800514651  0.000e+00
     3.6188   3.298530   1891.846  800514661  0.000e+00
     3.5925   3.296906   1901.955  800514671  0.000e+00
     3.5739   3.295341   1911.970  800514681  0.000e+00
     3.5601   3.294446   1922.175  800514691  0.000e+00
     3.5456   3.293772   1932.026  800514701  0.000e+00
     3.5357   3.292962   1942.327  800514711  0.000e+00
     3.5253   3.292451   1952.392  800514721  0.000e+00
     3.5086   3.291413   1962.339  800514731  0.000e+00
     3.5088   3.291788   1972.808  800514741  0.000e+00
     3.4895   3.290757   1982.993  800514751  0.000e+00
     3.4664   3.289023   1993.085  800514761  0.000e+00
     3.4582   3.288688   2003.342  800514771  0.000e+00
     3.4409   3.287488   2013.813  800514781  0.000e+00
     3.4299   3.286998   2023.978  800514791  0.000e+00
     3.4181   3.286357   2033.881  800514801  0.000e+00
     3.4037   3.285574   2044.070  800514811  0.000e+00
     3.3929   3.284985   2054.189  800514821  0.000e+00
     3.3889   3.284975   2063.881  800514831  0.000e+00
     3.3812   3.284738   2074.214  800514841  0.000e+00
     3.3606   3.283435   2084.169  800514851  0.000e+00
     3.3423   3.282268   2094.361  800514861  0.000e+00
     3.3144   3.280335   2104.269  800514871  0.000e+00
     3.2922   3.278883   2114.604  800514881  0.000e+00
     3.2753   3.277698   2124.561  800514891  0.000e+00
     3.2470   3.275856   2134.376  800514901  0.000e+00
     3.2249   3.274360   2144.334  800514911  0.000e+00
     3.1981   3.272117   2154.482  800514921  0.000e+00
     3.1746   3.270556   2164.750  800514931  0.000e+00
     3.1611   3.269703   2175.018  800514941  0.000e+00
     3.1341   3.267947   2184.978  800514951  0.000e+00
     3.1145   3.266361   2194.868  800514961  0.000e+00
     3.0824   3.264062   2204.925  800514971  0.000e+00
     3.0623   3.262587   2215.053  800514981  0.000e+00
     3.0375   3.260697   2225.229  800514991  0.000e+00
     3.0174   3.259430   2235.287  800515001  0.000e+00
     2.9873   3.257217   2245.298  800515011  0.000e+00
     2.9732   3.256255   2255.595  800515021  0.000e+00
     2.9485   3.254451   2265.584  800515031  0.000e+00
     2.9220   3.252634   2275.336  800515041  0.000e+00
     2.9089   3.251802   2285.564  800515051  0.000e+00
     2.9032   3.251436   2295.981  800515061  0.000e+00
     2.8850   3.250287   2305.854  800515071  0.000e+00
     2.8784   3.249908   2315.656  800515081  0.000e+00
     2.8793   3.250273   2325.743  800515091  0.000e+00
     2.8706   3.249992   2335.760  800515101  0.000e+00
     2.8697   3.250200   2339.225  800515111  0.000e+00
     2.8630   3.249691   2345.730  800515121  0.000e+00
     2.8558   3.249305   2353.990  800515131  0.000e+00
     2.8466   3.248874   2362.133  800515141  0.000e+00
     2.8443   3.248857   2369.873  800515151  0.000e+00
     2.8427   3.249008   2377.969  800515161  0.000e+00
     2.8396   3.249043   2386.564  800515171  0.000e+00
     2.8357   3.249097   2394.542  800515181  0.000e+00
     2.8315   3.248794   2397.890  800515191  0.000e+00
     2.8204   3.248110   2402.687  800515201  0.000e+00
     2.8102   3.247251   2407.864  800515211  0.000e+00
     2.8088   3.247271   2412.542  800515221  0.000e+00
     2.8066   3.247214   2415.059  800515231  0.000e+00
     2.8044   3.247013   2415.059  800515241  0.000e+00
     2.8041   3.246858   2415.557  800515251  0.000e+00
     2.8050   3.246813   2415.415  800515261  0.000e+00
     2.8073   3.246994   2415.201  800515271  0.000e+00
     2.8071   3.246994   2415.153  800515281  0.000e+00
     2.8067   3.247072   2415.391  800515291  0.000e+00
     2.8068   3.246988   2415.366  800515301  0.000e+00
     2.8069   3.247072   2415.295  800515311  0.000e+00
     2.8073   3.247078   2415.366  800515321  0.000e+00
     2.8080   3.247085   2415.153  800515331  0.000e+00
     2.8083   3.247136   2415.294  800515341  0.000e+00
     2.8083   3.247124   2415.579  800515351  0.000e+00
     2.8084   3.247156   2415.484  800515361  0.000e+00
     2.8082   3.247098   2415.484  800515371  0.000e+00
     2.8081   3.247175   2415.223  800515381  0.000e+00
     2.8087   3.247175   2415.484  800515391  0.000e+00
     2.8088   3.247195   2415.555  800515401  0.000e+00
     2.8087   3.247175   2415.388  800515411  0.000e+00
     2.8089   3.247188   2415.459  800515421  0.000e+00
     2.8089   3.247227   2415.816  800515431  0.000e+00
     2.8087   3.247188   2415.578  800515441  0.000e+00
     2.8084   3.247169   2415.340  800515451  0.000e+00
     2.8086   3.247162   2415.554  800515461  0.000e+00
     2.8088   3.247188   2415.293  800515471  0.000e+00
     2.8089   3.247162   2415.150  800515481  0.000e+00
     2.8088   3.247149   2415.198  800515491  0.000e+00
     2.8082   3.247195   2415.720  800515501  0.000e+00
     2.8083   3.247195   2415.934  800515511  0.000e+00
     2.8084   3.247182   2415.673  800515521  0.000e+00
     2.8083   3.247175   2415.363  800515531  0.000e+00
     2.8085   3.247201   2415.126  800515541  0.000e+00
     2.8084   3.247182   2415.316  800515551  0.000e+00
     2.8084   3.247156   2415.506  800515561  0.000e+00
     2.8081   3.247130   2415.886  800515571  0.000e+00
     2.8081   3.247143   2415.031  800515581  0.000e+00
     2.8069   3.247046   2415.102  800515591  0.000e+00
     2.8061   3.246968   2415.791  800515601  0.000e+00
     2.8073   3.247091   2415.339  800515611  0.000e+00
     2.8076   3.247052   2415.126  800515621  0.000e+00
     2.8078   3.247078   2415.838  800515631  0.000e+00
     2.8073   3.247085   2416.099  800515641  0.000e+00
     2.8080   3.247149   2415.599  800515651  0.000e+00
     2.8081   3.247195   2415.339  800515661  0.000e+00
     2.8075   3.247111   2415.909  800515671  0.000e+00
     2.8069   3.247014   2415.766  800515681  0.000e+00
     2.8074   3.247059   2415.909  800515691  0.000e+00
     2.8071   3.247117   2415.172  800515701  0.000e+00
     2.8080   3.247136   2415.647  800515711  0.000e+00
     2.8083   3.247143   2415.932  800515721  0.000e+00
     2.8085   3.247136   2415.647  800515731  0.000e+00
     2.8083   3.247188   2415.979  800515741  0.000e+00
     2.8081   3.247117   2415.885  800515751  0.000e+00
     2.8082   3.247124   2415.575  800515761  0.000e+00
     2.8077   3.247091   2415.220  800515771  0.000e+00
     2.8076   3.247085   2415.742  800515781  0.000e+00
     2.8076   3.247091   2415.909  800515791  0.000e+00
     2.8071   3.247104   2416.098  800515801  0.000e+00
     2.8078   3.247091   2415.647  800515811  0.000e+00
     2.8060   3.246923   2415.290  800515821  0.000e+00
     2.8058   3.246929   2415.647  800515831  0.000e+00
     2.8057   3.246897   2415.884  800515841  0.000e+00
     2.8058   3.246897   2415.528  800515851  0.000e+00
     2.8060   3.246923   2415.670  800515861  0.000e+00
     2.8063   3.246981   2416.169  800515871  0.000e+00
     2.8066   3.246981   2415.647  800515881  0.000e+00
     2.8066   3.247007   2415.694  800515891  0.000e+00
     2.8069   3.247007   2415.765  800515901  0.000e+00
     2.8068   3.247052   2415.837  800515911  0.000e+00
     2.8068   3.247014   2415.717  800515921  0.000e+00
     2.8069   3.247033   2415.765  800515931  0.000e+00
     2.8071   3.247053   2416.240  800515941  0.000e+00
     2.8070   3.247039   2415.884  800515951  0.000e+00
     2.8064   3.247020   2416.287  800515961  0.000e+00
     2.8066   3.247014   2415.813  800515971  0.000e+00
     2.8074   3.247072   2415.432  800515981  0.000e+00
     2.8069   3.247052   2416.050  800515991  0.000e+00
     2.8078   3.247137   2415.931  800516001  0.000e+00
     2.8085   3.247156   2415.979  800516011  0.000e+00
     2.8083   3.247169   2416.050  800516021  0.000e+00
     2.8086   3.247156   2415.527  800516031  0.000e+00
     2.8085   3.247156   2416.050  800516041  0.000e+00
     2.8083   3.247149   2415.385  800516051  0.000e+00
     2.8077   3.247072   2415.812  800516061  0.000e+00
     2.8081   3.247143   2416.525  800516071  0.000e+00
     2.8082   3.247169   2415.503  800516081  0.000e+00
     2.8083   3.247111   2415.598  800516091  0.000e+00
     2.8083   3.247130   2415.693  800516101  0.000e+00
     2.8083   3.247143   2415.907  800516111  0.000e+00
     2.8084   3.247182   2416.501  800516121  0.000e+00
     2.8084   3.247149   2415.336  800516131  0.000e+00
     2.8085   3.247162   2415.931  800516141  0.000e+00
     2.8087   3.247201   2415.788  800516151  0.000e+00
     2.8088   3.247175   2416.002  800516161  0.000e+00
     2.8085   3.247175   2415.813  800516171  0.000e+00
     2.8085   3.247149   2415.741  800516181  0.000e+00
     2.8087   3.247071   2412.510  800516191  0.000e+00
     2.8112   3.247101   2405.339  800516201  0.000e+00
     2.8284   3.248315   2398.310  800516211  0.000e+00
     2.8399   3.248870   2390.380  800516221  0.000e+00
     2.8409   3.248692   2382.378  800516231  0.000e+00
     2.8431   3.248573   2374.494  800516241  0.000e+00
     2.8437   3.248390   2367.039  800516251  0.000e+00
     2.8442   3.248219   2360.178  800516261  0.000e+00
     2.8431   3.248096   2360.036  800516271  0.000e+00
     2.8442   3.248265   2360.416  800516281  0.000e+00
     2.8439   3.248278   2360.107  800516291  0.000e+00
     2.8446   3.248297   2359.822  800516301  0.000e+00
     2.8446   3.248304   2360.605  800516311  0.000e+00
     2.8445   3.248303   2360.297  800516321  0.000e+00
     2.8446   3.248290   2360.108  800516331  0.000e+00
     2.8448   3.248323   2359.989  800516341  0.000e+00
     2.8446   3.248375   2359.918  800516351  0.000e+00
     2.8446   3.248349   2360.725  800516361  0.000e+00
     2.8457   3.248375   2360.131  800516371  0.000e+00
     2.8453   3.248270   2356.808  800516381  0.000e+00
     2.8478   3.248255   2348.950  800516391  0.000e+00
     2.8541   3.248518   2341.472  800516401  0.000e+00
     2.8593   3.248600   2336.202  800516411  0.000e+00
     2.8583   3.248620   2336.249  800516421  0.000e+00
     2.8613   3.248792   2330.434  800516431  0.000e+00
     2.8660   3.248693   2323.266  800516441  0.000e+00
     2.8728   3.249001   2315.600  800516451  0.000e+00
     2.8738   3.248753   2307.934  800516461  0.000e+00
     2.8754   3.248679   2299.461  800516471  0.000e+00
     2.8954   3.249887   2291.820  800516481  0.000e+00
     2.9001   3.250137   2284.275  800516491  0.000e+00
     2.9059   3.250400   2276.372  800516501  0.000e+00
     2.9289   3.251952   2268.566  800516511  0.000e+00
     2.9533   3.253873   2260.499  800516521  0.000e+00
     2.9877   3.256461   2252.384  800516531  0.000e+00
     2.9947   3.256763   2244.863  800516541  0.000e+00
     3.0039   3.257078   2236.726  800516551  0.000e+00
     3.0211   3.258365   2228.921  800516561  0.000e+00
     3.0280   3.258849   2221.165  800516571  0.000e+00
     3.0395   3.259436   2213.456  800516581  0.000e+00
     3.0795   3.262571   2205.605  800516591  0.000e+00
     3.0925   3.263567   2197.944  800516601  0.000e+00
     3.1093   3.264686   2190.141  800516611  0.000e+00
     3.1216   3.265586   2183.003  800516621  0.000e+00
     3.1412   3.266913   2175.960  800516631  0.000e+00
     3.1431   3.267008   2169.273  800516641  0.000e+00
     3.1493   3.267356   2162.088  800516651  0.000e+00
     3.1628   3.267990   2154.311  800516661  0.000e+00
     3.1817   3.269577   2147.174  800516671  0.000e+00
     3.1937   3.270353   2139.990  800516681  0.000e+00
     3.2236   3.272363   2132.000  800516691  0.000e+00
     3.2195   3.272213   2131.028  800516701  0.000e+00
     3.2277   3.272875   2130.601  800516711  0.000e+00
     3.2288   3.273135   2130.767  800516721  0.000e+00
     3.2294   3.273239   2131.099  800516731  0.000e+00
     3.2298   3.273330   2130.673  800516741  0.000e+00
     3.2291   3.273317   2131.052  800516751  0.000e+00
     3.2264   3.273122   2131.289  800516761  0.000e+00
     3.2289   3.273239   2130.862  800516771  0.000e+00
     3.2288   3.273317   2131.289  800516781  0.000e+00
     3.2291   3.273323   2131.123  800516791  0.000e+00
     3.2298   3.273362   2130.816  800516801  0.000e+00
     3.2293   3.273356   2131.029  800516811  0.000e+00
     3.2292   3.273356   2131.029  800516821  0.000e+00
     3.2333   3.273543   2127.378  800516831  0.000e+00
     3.2532   3.274884   2119.507  800516841  0.000e+00
     3.2693   3.275888   2111.827  800516851  0.000e+00
     3.2727   3.275990   2104.360  800516861  0.000e+00
     3.2816   3.276240   2096.254  800516871  0.000e+00
     3.2953   3.277264   2088.574  800516881  0.000e+00
     3.3188   3.279080   2080.705  800516891  0.000e+00
     3.3414   3.280656   2072.766  800516901  0.000e+00
     3.3564   3.281401   2065.277  800516911  0.000e+00
     3.3645   3.281964   2057.694  800516921  0.000e+00
     3.3851   3.283047   2049.661  800516931  0.000e+00
     3.3917   3.283649   2042.173  800516941  0.000e+00
     3.4014   3.284173   2034.306  800516951  0.000e+00
     3.4070   3.284587   2029.852  800516961  0.000e+00
     3.4110   3.284997   2030.089  800516971  0.000e+00
     3.4118   3.285134   2030.160  800516981  0.000e+00
     3.4130   3.285303   2030.373  800516991  0.000e+00
     3.4132   3.285309   2030.136  800517001  0.000e+00
