odissea/data/moor/raw/ce25007/microcat_cal_dip/cast13/7923_cal_dip_data.cnv
* Sea-Bird SBE37SM-RS232  Data File:
* FileName = C:\CE25007_recovery_data\7923_cal_dip_data.hex
* Software version SeatermV2 2.8.0.119
* Temperature SN = 7923
* Conductivity SN = 7923
* System UpLoad Time = May 14 2025 13:22:01
* sample interval = 10 seconds
* <ApplicationData>
# nquan = 5
# nvalues = 1346                                  
# units = specified
# name 0 = tv290C: Temperature [ITS-90, deg C]
# name 1 = cond0S/m: Conductivity [S/m]
# name 2 = prdM: Pressure, Strain Gauge [db]
# name 3 = timeK: Time, Instrument [seconds]
# name 4 = flag:  0.000e+00
# span 0 =     2.8041,    16.0864                 
# span 1 =  -0.011836,   4.215824                 
# span 2 =      0.782,   2416.525                 
# span 3 =  800511301,  800524751                 
# span 4 = 0.0000e+00, 0.0000e+00                 
# interval = seconds: 10
# start_time = May 14 2025 04:15:01 [Instrument's time stamp, first data scan]
# bad_flag = -9.990e-29
*END*
    15.9094   0.006993      0.897  800511301  0.000e+00
    15.9379   0.006984      0.897  800511311  0.000e+00
    15.9261   0.006975      0.920  800511321  0.000e+00
    15.9645   0.006975      0.905  800511331  0.000e+00
    16.0083   0.006968      0.928  800511341  0.000e+00
    16.0360   0.006965      0.889  800511351  0.000e+00
    16.0490   0.006962      0.905  800511361  0.000e+00
    16.0560   0.006956      0.936  800511371  0.000e+00
    16.0584   0.006953      0.912  800511381  0.000e+00
    16.0579   0.006953      0.896  800511391  0.000e+00
    16.0461   0.006946      0.889  800511401  0.000e+00
    16.0596   0.006946      0.889  800511411  0.000e+00
    16.0724   0.006940      0.912  800511421  0.000e+00
    16.0688   0.006934      0.889  800511431  0.000e+00
    16.0657   0.005944      0.873  800511441  0.000e+00
    16.0574   0.006924      0.889  800511451  0.000e+00
    16.0633   0.006924      0.896  800511461  0.000e+00
    16.0641   0.006921      0.920  800511471  0.000e+00
    16.0681   0.006918      0.928  800511481  0.000e+00
    16.0727   0.006912      0.943  800511491  0.000e+00
    16.0764   0.006908      0.920  800511501  0.000e+00
    16.0811   0.006905      0.896  800511511  0.000e+00
    16.0854   0.006902      0.904  800511521  0.000e+00
    16.0864   0.006899      0.881  800511531  0.000e+00
    16.0799   0.006896      0.951  800511541  0.000e+00
    16.0854   0.006886      0.928  800511551  0.000e+00
    16.0728   0.006886      0.928  800511561  0.000e+00
    16.0763   0.006886      0.912  800511571  0.000e+00
    16.0665   0.006877      0.912  800511581  0.000e+00
    16.0645   0.006874      0.912  800511591  0.000e+00
    16.0614   0.006867      0.904  800511601  0.000e+00
    16.0575   0.006867      0.912  800511611  0.000e+00
    16.0534   0.006864      0.888  800511621  0.000e+00
    16.0557   0.006861      0.896  800511631  0.000e+00
    16.0636   0.006858      0.912  800511641  0.000e+00
    16.0610   0.006848      0.888  800511651  0.000e+00
    16.0496   0.006852      0.896  800511661  0.000e+00
    16.0411   0.006845      0.935  800511671  0.000e+00
    16.0681   0.006842      0.888  800511681  0.000e+00
    16.0669   0.006836      0.888  800511691  0.000e+00
    16.0676   0.006836      0.919  800511701  0.000e+00
    16.0594   0.006830      0.896  800511711  0.000e+00
    16.0508   0.006826      0.896  800511721  0.000e+00
    16.0470   0.006820      0.873  800511731  0.000e+00
    16.0361   0.006820      0.904  800511741  0.000e+00
    16.0366   0.006820      0.904  800511751  0.000e+00
    16.0164   0.006811      0.904  800511761  0.000e+00
    16.0040   0.006811      0.904  800511771  0.000e+00
    16.0078   0.006804      0.896  800511781  0.000e+00
    16.0103   0.006804      0.904  800511791  0.000e+00
    16.0103   0.006801      0.904  800511801  0.000e+00
    16.0171   0.006795      0.864  800511811  0.000e+00
    16.0104   0.006792      0.888  800511821  0.000e+00
    15.9706   0.006789      0.904  800511831  0.000e+00
    15.9793   0.006785      0.888  800511841  0.000e+00
    15.9857   0.006779      0.857  800511851  0.000e+00
    15.9860   0.006776      0.888  800511861  0.000e+00
    15.9779   0.006776      0.857  800511871  0.000e+00
    15.9824   0.006773      0.864  800511881  0.000e+00
    15.9781   0.006766      0.864  800511891  0.000e+00
    15.9856   0.006763      0.872  800511901  0.000e+00
    15.9910   0.006760      0.872  800511911  0.000e+00
    15.9957   0.006757      0.895  800511921  0.000e+00
    15.9931   0.006754      0.872  800511931  0.000e+00
    15.9807   0.006751      0.848  800511941  0.000e+00
    15.9898   0.006748      0.872  800511951  0.000e+00
    16.0116   0.006748      0.841  800511961  0.000e+00
    15.9977   0.006741      0.825  800511971  0.000e+00
    15.9845   0.006741      0.856  800511981  0.000e+00
    15.9740   0.006735      0.856  800511991  0.000e+00
    15.9724   0.006732      0.833  800512001  0.000e+00
    15.9433   0.006732      0.856  800512011  0.000e+00
    15.9429   0.006729      0.825  800512021  0.000e+00
    15.9504   0.006725      0.856  800512031  0.000e+00
    15.9592   0.006722      0.879  800512041  0.000e+00
    15.9587   0.006716      0.903  800512051  0.000e+00
    15.9518   0.006716      0.856  800512061  0.000e+00
    15.9572   0.006713      0.856  800512071  0.000e+00
    15.9462   0.006707      0.903  800512081  0.000e+00
    15.9533   0.006707      0.887  800512091  0.000e+00
    15.9569   0.006703      0.887  800512101  0.000e+00
    15.9544   0.006697      0.856  800512111  0.000e+00
    15.9664   0.006697      0.840  800512121  0.000e+00
    15.9722   0.006691      0.879  800512131  0.000e+00
    15.9754   0.006691      0.863  800512141  0.000e+00
    15.9758   0.006688      0.840  800512151  0.000e+00
    15.9725   0.006688      0.863  800512161  0.000e+00
    15.9753   0.006684      0.871  800512171  0.000e+00
    15.9850   0.006678      0.840  800512181  0.000e+00
    15.9849   0.006681      0.863  800512191  0.000e+00
    15.9945   0.006675      0.863  800512201  0.000e+00
    15.9867   0.006669      0.894  800512211  0.000e+00
    15.9802   0.006675      0.863  800512221  0.000e+00
    15.9810   0.006672      0.863  800512231  0.000e+00
    15.9775   0.006669      0.871  800512241  0.000e+00
    15.9737   0.006669      0.887  800512251  0.000e+00
    15.9725   0.006662      0.894  800512261  0.000e+00
    15.9729   0.006662      0.848  800512271  0.000e+00
    15.9654   0.006656      0.871  800512281  0.000e+00
    15.9646   0.006656      0.894  800512291  0.000e+00
    15.9655   0.006653      0.855  800512301  0.000e+00
    15.9629   0.006647      0.871  800512311  0.000e+00
    15.9383   0.006650      0.848  800512321  0.000e+00
    15.9187   0.006647      0.878  800512331  0.000e+00
    15.9136   0.006643      0.894  800512341  0.000e+00
    15.9219   0.006640      0.894  800512351  0.000e+00
    15.9212   0.006637      0.878  800512361  0.000e+00
    15.9225   0.006637      0.878  800512371  0.000e+00
    15.9212   0.006634      0.871  800512381  0.000e+00
    15.9233   0.006628      0.878  800512391  0.000e+00
    15.9282   0.006628      0.878  800512401  0.000e+00
    15.8999   0.006316      0.878  800512411  0.000e+00
    15.9009   0.006621      0.832  800512421  0.000e+00
    15.8941   0.006618      0.909  800512431  0.000e+00
    15.9036  -0.011836      0.855  800512441  0.000e+00
    15.9022   0.006612      0.886  800512451  0.000e+00
    15.8900   0.006461      0.878  800512461  0.000e+00
    15.8802   0.006609      0.878  800512471  0.000e+00
    15.8823   0.006606      0.886  800512481  0.000e+00
    15.8700   0.006606      0.886  800512491  0.000e+00
    15.8522   0.006602      0.886  800512501  0.000e+00
    15.8348   0.006596      0.902  800512511  0.000e+00
    15.8042   0.006593      0.886  800512521  0.000e+00
    15.8079   0.006593      0.886  800512531  0.000e+00
    15.7951   0.006590      0.886  800512541  0.000e+00
    15.7901   0.006584      0.886  800512551  0.000e+00
    15.7938   0.006580      0.893  800512561  0.000e+00
    15.4533   0.006577      0.886  800512571  0.000e+00
    15.2371   0.006571      0.870  800512581  0.000e+00
    15.0699   0.006568      0.925  800512591  0.000e+00
    14.9833   0.006564      0.893  800512601  0.000e+00
    12.4058   4.215824      1.689  800512611  0.000e+00
    12.3879   4.098526      1.853  800512621  0.000e+00
    12.3553   4.088978      4.638  800512631  0.000e+00
    12.3633   4.084938      7.822  800512641  0.000e+00
    12.3634   4.085400     11.333  800512651  0.000e+00
    12.3541   4.083196     11.559  800512661  0.000e+00
    12.3575   4.081644     11.769  800512671  0.000e+00
    12.3443   4.083436      9.061  800512681  0.000e+00
    12.3470   4.079416      5.277  800512691  0.000e+00
    12.3458   4.078806      2.709  800512701  0.000e+00
    12.3434   4.078849      2.653  800512711  0.000e+00
    12.3439   4.078495      2.808  800512721  0.000e+00
    12.3442   4.078283      5.585  800512731  0.000e+00
    12.3440   4.078887     10.203  800512741  0.000e+00
    12.3429   4.078556     15.305  800512751  0.000e+00
    12.2200   4.069121     20.087  800512761  0.000e+00
    12.1101   4.057588     24.737  800512771  0.000e+00
    11.9742   4.045785     29.503  800512781  0.000e+00
    11.6159   4.020828     36.494  800512791  0.000e+00
    11.3681   3.989226     43.227  800512801  0.000e+00
    11.3230   3.984737     50.241  800512811  0.000e+00
    11.3300   3.984971     57.092  800512821  0.000e+00
    11.3231   3.985128     63.826  800512831  0.000e+00
    11.3293   3.985895     70.724  800512841  0.000e+00
    11.3058   3.984916     77.997  800512851  0.000e+00
    11.2986   3.983930     85.909  800512861  0.000e+00
    11.3091   3.985392     94.229  800512871  0.000e+00
    11.2895   3.984406    102.774  800512881  0.000e+00
    11.2053   3.974857    108.308  800512891  0.000e+00
    11.0999   3.964792    116.168  800512901  0.000e+00
    11.1663   3.971654    126.821  800512911  0.000e+00
    11.1225   3.968092    137.586  800512921  0.000e+00
    11.1021   3.966310    148.352  800512931  0.000e+00
    11.0472   3.961021    157.823  800512941  0.000e+00
    10.9901   3.956147    167.401  800512951  0.000e+00
    10.9681   3.953744    176.827  800512961  0.000e+00
    10.8975   3.947986    186.804  800512971  0.000e+00
    10.8516   3.942769    196.863  800512981  0.000e+00
    10.8137   3.939294    207.251  800512991  0.000e+00
    10.7893   3.937329    217.300  800513001  0.000e+00
    10.7673   3.935252    227.671  800513011  0.000e+00
    10.7490   3.934286    237.545  800513021  0.000e+00
    10.6638   3.926014    247.941  800513031  0.000e+00
    10.5670   3.918879    258.174  800513041  0.000e+00
    10.4727   3.906972    268.454  800513051  0.000e+00
    10.2385   3.881913    278.658  800513061  0.000e+00
    10.2078   3.877106    288.183  800513071  0.000e+00
    10.2140   3.879047    298.535  800513081  0.000e+00
    10.0478   3.863321    308.700  800513091  0.000e+00
    10.0808   3.866825    319.001  800513101  0.000e+00
    10.2382   3.883439    329.021  800513111  0.000e+00
    10.1870   3.881235    339.158  800513121  0.000e+00
    10.2329   3.887003    349.378  800513131  0.000e+00
    10.1706   3.882569    359.915  800513141  0.000e+00
    10.0310   3.867476    369.984  800513151  0.000e+00
     9.9867   3.862891    380.036  800513161  0.000e+00
     9.9636   3.861350    390.223  800513171  0.000e+00
     9.9257   3.857370    400.294  800513181  0.000e+00
     9.8923   3.854798    410.300  800513191  0.000e+00
     9.8123   3.847805    420.137  800513201  0.000e+00
     9.7451   3.841660    430.097  800513211  0.000e+00
     9.7075   3.838698    440.194  800513221  0.000e+00
     9.6548   3.833430    450.221  800513231  0.000e+00
     9.6433   3.832128    460.370  800513241  0.000e+00
     9.6116   3.829293    470.398  800513251  0.000e+00
     9.5735   3.826066    480.426  800513261  0.000e+00
     9.5341   3.822515    490.413  800513271  0.000e+00
     9.4714   3.816732    500.865  800513281  0.000e+00
     9.4320   3.813667    510.689  800513291  0.000e+00
     9.2862   3.799384    520.907  800513301  0.000e+00
     9.1858   3.788937    531.225  800513311  0.000e+00
     9.0951   3.780996    541.064  800513321  0.000e+00
     9.0294   3.773555    551.219  800513331  0.000e+00
     8.9069   3.762486    561.435  800513341  0.000e+00
     8.8240   3.753758    571.516  800513351  0.000e+00
     8.7703   3.748947    581.813  800513361  0.000e+00
     8.6484   3.738454    591.848  800513371  0.000e+00
     8.5424   3.729086    601.460  800513381  0.000e+00
     8.5067   3.725660    611.425  800513391  0.000e+00
     8.4152   3.717772    621.490  800513401  0.000e+00
     8.3637   3.713116    631.832  800513411  0.000e+00
     8.2908   3.706670    641.964  800513421  0.000e+00
     8.2023   3.698239    651.626  800513431  0.000e+00
     8.1203   3.690619    661.622  800513441  0.000e+00
     8.0672   3.686997    671.802  800513451  0.000e+00
     7.9795   3.677558    681.894  800513461  0.000e+00
     7.5664   3.636647    691.957  800513471  0.000e+00
     7.5548   3.637314    701.787  800513481  0.000e+00
     7.4528   3.623074    711.903  800513491  0.000e+00
     7.3917   3.617554    721.973  800513501  0.000e+00
     7.2535   3.603831    732.067  800513511  0.000e+00
     7.1687   3.596464    742.176  800513521  0.000e+00
     7.0729   3.587797    752.154  800513531  0.000e+00
     6.9943   3.580752    762.649  800513541  0.000e+00
     6.9960   3.581052    772.999  800513551  0.000e+00
     6.8874   3.571238    783.096  800513561  0.000e+00
     6.7969   3.562957    793.307  800513571  0.000e+00
     6.7526   3.558822    803.498  800513581  0.000e+00
     6.7502   3.560375    814.137  800513591  0.000e+00
     6.7364   3.558903    824.209  800513601  0.000e+00
     6.6438   3.551183    834.426  800513611  0.000e+00
     6.4937   3.537453    844.690  800513621  0.000e+00
     6.4434   3.531851    854.528  800513631  0.000e+00
     6.3936   3.527055    865.028  800513641  0.000e+00
     6.3636   3.524372    874.753  800513651  0.000e+00
     6.2827   3.517303    884.569  800513661  0.000e+00
     6.2008   3.509446    894.530  800513671  0.000e+00
     6.0719   3.498484    904.233  800513681  0.000e+00
     6.0446   3.494544    914.218  800513691  0.000e+00
     5.9805   3.489102    923.966  800513701  0.000e+00
     5.9398   3.484900    934.117  800513711  0.000e+00
     5.8773   3.479019    943.819  800513721  0.000e+00
     5.8358   3.475208    953.571  800513731  0.000e+00
     5.7727   3.469485    963.441  800513741  0.000e+00
     5.7275   3.465452    973.242  800513751  0.000e+00
     5.6769   3.460652    983.369  800513761  0.000e+00
     5.6078   3.454939    992.982  800513771  0.000e+00
     5.5313   3.447613   1002.804  800513781  0.000e+00
     5.4644   3.441101   1012.983  800513791  0.000e+00
     5.3978   3.435176   1022.786  800513801  0.000e+00
     5.3464   3.429856   1032.869  800513811  0.000e+00
     5.2775   3.423503   1042.885  800513821  0.000e+00
     5.2406   3.420019   1052.309  800513831  0.000e+00
     5.2125   3.417573   1062.771  800513841  0.000e+00
     5.1162   3.409646   1073.000  800513851  0.000e+00
     5.0582   3.403623   1082.877  800513861  0.000e+00
     4.9813   3.396683   1092.919  800513871  0.000e+00
     4.9516   3.393782   1102.959  800513881  0.000e+00
     4.9347   3.392153   1113.143  800513891  0.000e+00
     4.8935   3.388814   1123.679  800513901  0.000e+00
     4.7981   3.379821   1133.956  800513911  0.000e+00
     4.6928   3.370181   1144.239  800513921  0.000e+00
     4.6715   3.367506   1154.397  800513931  0.000e+00
     4.6203   3.363028   1165.010  800513941  0.000e+00
     4.6253   3.363294   1175.196  800513951  0.000e+00
     4.6235   3.363310   1185.335  800513961  0.000e+00
     4.5786   3.359261   1195.641  800513971  0.000e+00
     4.5931   3.360910   1205.569  800513981  0.000e+00
     4.5851   3.361215   1215.476  800513991  0.000e+00
     4.5547   3.359205   1225.853  800514001  0.000e+00
     4.4988   3.354082   1236.067  800514011  0.000e+00
     4.4691   3.351511   1246.070  800514021  0.000e+00
     4.4558   3.350282   1256.187  800514031  0.000e+00
     4.4768   3.353011   1266.002  800514041  0.000e+00
     4.4203   3.347990   1276.476  800514051  0.000e+00
     4.4115   3.347502   1286.292  800514061  0.000e+00
     4.4065   3.347663   1296.506  800514071  0.000e+00
     4.4006   3.347443   1306.607  800514081  0.000e+00
     4.3790   3.346052   1316.659  800514091  0.000e+00
     4.3271   3.341617   1326.475  800514101  0.000e+00
     4.2465   3.334713   1336.530  800514111  0.000e+00
     4.1504   3.325124   1346.748  800514121  0.000e+00
     4.1355   3.323605   1356.779  800514131  0.000e+00
     4.1181   3.322159   1366.621  800514141  0.000e+00
