odissea/data/moor/raw/ce25007/microcat_cal_dip/cast13/9141_cal_dip_data.cnv
* Sea-Bird SBE37SM-RS232  Data File:
* FileName = C:\CE25007_recovery_data\9141_cal_dip_data.hex
* Software version SeatermV2 2.8.0.119
* Temperature SN = 9141
* Conductivity SN = 9141
* System UpLoad Time = May 14 2025 09:19:24
* sample interval = 10 seconds
* <ApplicationData>
# nquan = 5
# nvalues = 1390                                  
# units = specified
# name 0 = tv290C: Temperature [ITS-90, deg C]
# name 1 = cond0S/m: Conductivity [S/m]
# name 2 = prdM: Pressure, Strain Gauge [db]
# name 3 = timeK: Time, Instrument [seconds]
# name 4 = flag:  0.000e+00
# span 0 =     2.8058,    15.7980                 
# span 1 =   0.008497,   4.095735                 
# span 2 =      0.019,   1799.199                 
# span 3 =  800511301,  800525191                 
# span 4 = 0.0000e+00, 0.0000e+00                 
# interval = seconds: 10
# start_time = May 14 2025 04:15:01 [Instrument's time stamp, first data scan]
# bad_flag = -9.990e-29
*END*
[from data line 286]
     4.1860   3.329061   1380.401  800514161  0.000e+00
     4.1593   3.327095   1389.982  800514171  0.000e+00
     4.1451   3.326053   1400.007  800514181  0.000e+00
     4.1117   3.323172   1410.255  800514191  0.000e+00
     4.0576   3.318498   1420.160  800514201  0.000e+00
     4.0522   3.318237   1430.184  800514211  0.000e+00
     4.0440   3.317761   1440.165  800514221  0.000e+00
     4.0271   3.316566   1449.879  800514231  0.000e+00
     4.0209   3.316360   1460.077  800514241  0.000e+00
     4.0310   3.317905   1469.751  800514251  0.000e+00
     4.0198   3.317269   1479.644  800514261  0.000e+00
     3.9800   3.313845   1489.197  800514271  0.000e+00
     3.9604   3.312307   1499.196  800514281  0.000e+00
     3.9484   3.311524   1508.910  800514291  0.000e+00
     3.9368   3.310833   1518.694  800514301  0.000e+00
     3.9281   3.310413   1528.661  800514311  0.000e+00
     3.9213   3.310170   1538.841  800514321  0.000e+00
     3.9135   3.309836   1548.700  800514331  0.000e+00
     3.8990   3.308814   1558.219  800514341  0.000e+00
     3.8860   3.308167   1568.349  800514351  0.000e+00
     3.8733   3.307433   1578.573  800514361  0.000e+00
     3.8562   3.306252   1588.776  800514371  0.000e+00
     3.8372   3.304758   1598.719  800514381  0.000e+00
     3.8338   3.304823   1609.029  800514391  0.000e+00
     3.8211   3.304115   1619.370  800514401  0.000e+00
     3.8063   3.303124   1629.863  800514411  0.000e+00
     3.7951   3.302398   1640.168  800514421  0.000e+00
     3.7849   3.301978   1650.281  800514431  0.000e+00
     3.7843   3.302367   1660.625  800514441  0.000e+00
     3.7648   3.301052   1670.698  800514451  0.000e+00
     3.7579   3.300859   1681.172  800514461  0.000e+00
     3.7579   3.301353   1691.730  800514471  0.000e+00
     3.7509   3.301166   1701.705  800514481  0.000e+00
     3.7253   3.299226   1712.115  800514491  0.000e+00
     3.7113   3.298389   1722.342  800514501  0.000e+00
     3.7106   3.298779   1732.723  800514511  0.000e+00
     3.7104   3.299180   1742.708  800514521  0.000e+00
     3.7065   3.299380   1752.745  800514531  0.000e+00
     3.7091   3.300236   1762.986  800514541  0.000e+00
     3.7022   3.300079   1772.912  800514551  0.000e+00
     3.6901   3.299482   1782.676  800514561  0.000e+00
     3.6872   3.299656   1792.618  800514571  0.000e+00
     3.6813   3.299603   1799.141  800514581  0.000e+00
     3.6775   3.299695   1799.141  800514591  0.000e+00
     3.6709   3.299554   1799.143  800514601  0.000e+00
     3.6682   3.299671   1799.143  800514611  0.000e+00
     3.6651   3.299812   1799.141  800514621  0.000e+00
     3.6552   3.299395   1799.143  800514631  0.000e+00
     3.6395   3.298414   1799.143  800514641  0.000e+00
     3.6345   3.298396   1799.146  800514651  0.000e+00
     3.6281   3.298335   1799.146  800514661  0.000e+00
     3.6087   3.297237   1799.146  800514671  0.000e+00
     3.5824   3.295337   1799.148  800514681  0.000e+00
     3.5687   3.294443   1799.146  800514691  0.000e+00
     3.5603   3.294057   1799.146  800514701  0.000e+00
     3.5398   3.292562   1799.146  800514711  0.000e+00
     3.5302   3.292109   1799.148  800514721  0.000e+00
     3.5135   3.291073   1799.148  800514731  0.000e+00
     3.5112   3.291245   1799.148  800514741  0.000e+00
     3.5056   3.291129   1799.148  800514751  0.000e+00
     3.4721   3.288710   1799.151  800514761  0.000e+00
     3.4643   3.288361   1799.151  800514771  0.000e+00
     3.4443   3.287057   1799.151  800514781  0.000e+00
     3.4335   3.286463   1799.151  800514791  0.000e+00
     3.4252   3.286169   1799.151  800514801  0.000e+00
     3.4164   3.285716   1799.153  800514811  0.000e+00
     3.3998   3.284743   1799.151  800514821  0.000e+00
     3.3927   3.284523   1799.153  800514831  0.000e+00
     3.3880   3.284486   1799.153  800514841  0.000e+00
     3.3730   3.283605   1799.156  800514851  0.000e+00
     3.3502   3.282050   1799.156  800514861  0.000e+00
     3.3293   3.280692   1799.156  800514871  0.000e+00
     3.3055   3.279028   1799.156  800514881  0.000e+00
     3.2841   3.277536   1799.158  800514891  0.000e+00
     3.2579   3.275665   1799.158  800514901  0.000e+00
     3.2409   3.274528   1799.158  800514911  0.000e+00
     3.2052   3.271869   1799.161  800514921  0.000e+00
     3.1905   3.270867   1799.158  800514931  0.000e+00
     3.1722   3.269706   1799.161  800514941  0.000e+00
     3.1541   3.268472   1799.161  800514951  0.000e+00
     3.1209   3.266023   1799.163  800514961  0.000e+00
     3.0927   3.263965   1799.163  800514971  0.000e+00
     3.0691   3.262293   1799.163  800514981  0.000e+00
     3.0426   3.260303   1799.169  800514991  0.000e+00
     3.0316   3.259625   1799.169  800515001  0.000e+00
     3.0093   3.258124   1799.166  800515011  0.000e+00
     2.9819   3.256075   1799.169  800515021  0.000e+00
     2.9638   3.254776   1799.169  800515031  0.000e+00
     2.9337   3.252617   1799.171  800515041  0.000e+00
     2.9163   3.251465   1799.171  800515051  0.000e+00
     2.9044   3.250727   1799.171  800515061  0.000e+00
     2.8940   3.250142   1799.174  800515071  0.000e+00
     2.8805   3.249331   1799.174  800515081  0.000e+00
     2.8801   3.249581   1799.176  800515091  0.000e+00
     2.8791   3.249819   1799.176  800515101  0.000e+00
     2.8729   3.249606   1799.179  800515111  0.000e+00
     2.8688   3.249319   1799.179  800515121  0.000e+00
     2.8600   3.248813   1799.181  800515131  0.000e+00
     2.8541   3.248649   1799.181  800515141  0.000e+00
     2.8469   3.248314   1799.181  800515151  0.000e+00
     2.8450   3.248430   1799.181  800515161  0.000e+00
     2.8423   3.248454   1799.184  800515171  0.000e+00
     2.8412   3.248673   1799.184  800515181  0.000e+00
     2.8389   3.248673   1799.181  800515191  0.000e+00
     2.8283   3.247881   1799.184  800515201  0.000e+00
     2.8177   3.247132   1799.184  800515211  0.000e+00
     2.8110   3.246699   1799.186  800515221  0.000e+00
     2.8086   3.246608   1799.184  800515231  0.000e+00
     2.8082   3.246541   1799.186  800515241  0.000e+00
     2.8059   3.246273   1799.186  800515251  0.000e+00
     2.8058   3.246273   1799.191  800515261  0.000e+00
     2.8095   3.246565   1799.189  800515271  0.000e+00
     2.8084   3.246486   1799.191  800515281  0.000e+00
     2.8092   3.246565   1799.186  800515291  0.000e+00
     2.8089   3.246516   1799.189  800515301  0.000e+00
     2.8088   3.246480   1799.189  800515311  0.000e+00
     2.8083   3.246462   1799.189  800515321  0.000e+00
     2.8092   3.246522   1799.191  800515331  0.000e+00
     2.8095   3.246589   1799.191  800515341  0.000e+00
     2.8102   3.246638   1799.191  800515351  0.000e+00
     2.8103   3.246650   1799.191  800515361  0.000e+00
     2.8104   3.246644   1799.191  800515371  0.000e+00
     2.8098   3.246626   1799.191  800515381  0.000e+00
     2.8103   3.246669   1799.191  800515391  0.000e+00
     2.8108   3.246675   1799.194  800515401  0.000e+00
     2.8103   3.246669   1799.191  800515411  0.000e+00
     2.8109   3.246699   1799.191  800515421  0.000e+00
     2.8106   3.246669   1799.191  800515431  0.000e+00
     2.8103   3.246638   1799.191  800515441  0.000e+00
     2.8103   3.246657   1799.191  800515451  0.000e+00
     2.8100   3.246650   1799.194  800515461  0.000e+00
     2.8099   3.246626   1799.194  800515471  0.000e+00
     2.8104   3.246657   1799.194  800515481  0.000e+00
     2.8103   3.246657   1799.194  800515491  0.000e+00
     2.8105   3.246669   1799.194  800515501  0.000e+00
     2.8102   3.246644   1799.191  800515511  0.000e+00
     2.8107   3.246644   1799.196  800515521  0.000e+00
     2.8106   3.246669   1799.194  800515531  0.000e+00
     2.8103   3.246687   1799.194  800515541  0.000e+00
     2.8106   3.246681   1799.194  800515551  0.000e+00
     2.8100   3.246644   1799.196  800515561  0.000e+00
     2.8100   3.246589   1799.194  800515571  0.000e+00
     2.8098   3.246626   1799.194  800515581  0.000e+00
     2.8089   3.246535   1799.194  800515591  0.000e+00
     2.8086   3.246516   1799.196  800515601  0.000e+00
     2.8095   3.246589   1799.196  800515611  0.000e+00
     2.8098   3.246614   1799.196  800515621  0.000e+00
     2.8095   3.246583   1799.194  800515631  0.000e+00
     2.8096   3.246559   1799.194  800515641  0.000e+00
     2.8095   3.246577   1799.196  800515651  0.000e+00
     2.8097   3.246638   1799.194  800515661  0.000e+00
     2.8104   3.246657   1799.194  800515671  0.000e+00
     2.8103   3.246657   1799.194  800515681  0.000e+00
     2.8097   3.246589   1799.196  800515691  0.000e+00
     2.8097   3.246614   1799.194  800515701  0.000e+00
     2.8097   3.246626   1799.194  800515711  0.000e+00
     2.8102   3.246669   1799.194  800515721  0.000e+00
     2.8107   3.246693   1799.196  800515731  0.000e+00
     2.8103   3.246644   1799.196  800515741  0.000e+00
     2.8102   3.246644   1799.196  800515751  0.000e+00
     2.8100   3.246644   1799.196  800515761  0.000e+00
     2.8101   3.246650   1799.196  800515771  0.000e+00
     2.8096   3.246614   1799.196  800515781  0.000e+00
     2.8095   3.246608   1799.196  800515791  0.000e+00
     2.8094   3.246571   1799.196  800515801  0.000e+00
     2.8094   3.246577   1799.196  800515811  0.000e+00
     2.8095   3.246608   1799.194  800515821  0.000e+00
     2.8083   3.246504   1799.196  800515831  0.000e+00
     2.8082   3.246486   1799.196  800515841  0.000e+00
     2.8084   3.246480   1799.196  800515851  0.000e+00
     2.8083   3.246486   1799.199  800515861  0.000e+00
     2.8083   3.246474   1799.196  800515871  0.000e+00
     2.8086   3.246504   1799.196  800515881  0.000e+00
     2.8087   3.246504   1799.196  800515891  0.000e+00
     2.8083   3.246498   1799.196  800515901  0.000e+00
     2.8087   3.246541   1799.196  800515911  0.000e+00
     2.8090   3.246522   1799.196  800515921  0.000e+00
     2.8089   3.246529   1799.196  800515931  0.000e+00
     2.8085   3.246492   1799.196  800515941  0.000e+00
     2.8084   3.246498   1799.196  800515951  0.000e+00
     2.8087   3.246522   1799.196  800515961  0.000e+00
     2.8094   3.246583   1799.196  800515971  0.000e+00
     2.8092   3.246589   1799.196  800515981  0.000e+00
     2.8096   3.246602   1799.196  800515991  0.000e+00
     2.8100   3.246632   1799.196  800516001  0.000e+00
     2.8107   3.246687   1799.196  800516011  0.000e+00
     2.8102   3.246669   1799.196  800516021  0.000e+00
     2.8106   3.246687   1799.196  800516031  0.000e+00
     2.8102   3.246657   1799.196  800516041  0.000e+00
     2.8102   3.246675   1799.196  800516051  0.000e+00
     2.8103   3.246675   1799.194  800516061  0.000e+00
     2.8095   3.246589   1799.196  800516071  0.000e+00
     2.8099   3.246638   1799.196  800516081  0.000e+00
     2.8101   3.246650   1799.196  800516091  0.000e+00
     2.8100   3.246638   1799.196  800516101  0.000e+00
     2.8103   3.246669   1799.196  800516111  0.000e+00
     2.8104   3.246650   1799.199  800516121  0.000e+00
     2.8102   3.246669   1799.196  800516131  0.000e+00
     2.8102   3.246657   1799.196  800516141  0.000e+00
     2.8103   3.246687   1799.196  800516151  0.000e+00
     2.8101   3.246669   1799.196  800516161  0.000e+00
     2.8104   3.246681   1799.196  800516171  0.000e+00
     2.8108   3.246705   1799.196  800516181  0.000e+00
     2.8109   3.246681   1799.196  800516191  0.000e+00
     2.8114   3.246474   1799.199  800516201  0.000e+00
     2.8301   3.247765   1799.199  800516211  0.000e+00
     2.8425   3.248521   1799.199  800516221  0.000e+00
     2.8434   3.248381   1799.199  800516231  0.000e+00
     2.8446   3.248241   1799.196  800516241  0.000e+00
     2.8463   3.248088   1799.196  800516251  0.000e+00
     2.8461   3.247784   1799.199  800516261  0.000e+00
     2.8457   3.247704   1799.196  800516271  0.000e+00
     2.8465   3.247771   1799.196  800516281  0.000e+00
     2.8469   3.247844   1799.199  800516291  0.000e+00
     2.8468   3.247857   1799.196  800516301  0.000e+00
     2.8468   3.247844   1799.196  800516311  0.000e+00
     2.8467   3.247838   1799.196  800516321  0.000e+00
     2.8465   3.247857   1799.196  800516331  0.000e+00
     2.8472   3.247893   1799.196  800516341  0.000e+00
     2.8471   3.247905   1799.194  800516351  0.000e+00
     2.8470   3.247875   1799.196  800516361  0.000e+00
     2.8476   3.247930   1799.196  800516371  0.000e+00
     2.8474   3.247887   1799.196  800516381  0.000e+00
     2.8490   3.247716   1799.196  800516391  0.000e+00
     2.8555   3.247954   1799.196  800516401  0.000e+00
     2.8620   3.248198   1799.196  800516411  0.000e+00
     2.8604   3.248082   1799.196  800516421  0.000e+00
     2.8627   3.248234   1799.196  800516431  0.000e+00
     2.8680   3.248362   1799.194  800516441  0.000e+00
     2.8718   3.248399   1799.196  800516451  0.000e+00
     2.8763   3.248454   1799.196  800516461  0.000e+00
     2.8755   3.248155   1799.194  800516471  0.000e+00
     2.8943   3.249435   1799.196  800516481  0.000e+00
     2.8996   3.249618   1799.194  800516491  0.000e+00
     2.9075   3.250008   1799.196  800516501  0.000e+00
     2.9267   3.251282   1799.196  800516511  0.000e+00
     2.9503   3.253013   1799.196  800516521  0.000e+00
     2.9729   3.254714   1799.196  800516531  0.000e+00
     2.9966   3.256392   1799.196  800516541  0.000e+00
     3.0043   3.256916   1799.194  800516551  0.000e+00
     3.0198   3.257984   1799.194  800516561  0.000e+00
     3.0290   3.258509   1799.194  800516571  0.000e+00
     3.0408   3.259284   1799.194  800516581  0.000e+00
     3.0705   3.261511   1799.194  800516591  0.000e+00
     3.0911   3.262958   1799.194  800516601  0.000e+00
     3.1080   3.264197   1799.191  800516611  0.000e+00
     3.1195   3.264936   1799.194  800516621  0.000e+00
     3.1409   3.266524   1799.191  800516631  0.000e+00
     3.1456   3.266737   1799.191  800516641  0.000e+00
     3.1512   3.267000   1799.191  800516651  0.000e+00
     3.1605   3.267544   1799.189  800516661  0.000e+00
     3.1810   3.268979   1799.189  800516671  0.000e+00
     3.1943   3.269859   1799.186  800516681  0.000e+00
     3.2214   3.271857   1799.189  800516691  0.000e+00
     3.2248   3.272083   1799.189  800516701  0.000e+00
     3.2246   3.272266   1799.189  800516711  0.000e+00
     3.2256   3.272370   1799.186  800516721  0.000e+00
     3.2273   3.272492   1799.184  800516731  0.000e+00
     3.2264   3.272486   1799.186  800516741  0.000e+00
     3.2278   3.272603   1799.184  800516751  0.000e+00
     3.2290   3.272737   1799.184  800516761  0.000e+00
     3.2301   3.272810   1799.184  800516771  0.000e+00
     3.2309   3.272890   1799.184  800516781  0.000e+00
     3.2312   3.272945   1799.184  800516791  0.000e+00
     3.2316   3.272988   1799.184  800516801  0.000e+00
     3.2317   3.272981   1799.184  800516811  0.000e+00
     3.2312   3.272957   1799.181  800516821  0.000e+00
     3.2312   3.272914   1799.181  800516831  0.000e+00
     3.2543   3.274467   1799.181  800516841  0.000e+00
     3.2653   3.275096   1799.181  800516851  0.000e+00
     3.2749   3.275628   1799.181  800516861  0.000e+00
     3.2823   3.275995   1799.181  800516871  0.000e+00
     3.2949   3.276747   1799.181  800516881  0.000e+00
     3.3124   3.277927   1799.179  800516891  0.000e+00
     3.3392   3.279872   1799.181  800516901  0.000e+00
     3.3582   3.281194   1799.181  800516911  0.000e+00
     3.3629   3.281426   1799.179  800516921  0.000e+00
     3.3871   3.283109   1799.181  800516931  0.000e+00
     3.3913   3.283280   1799.176  800516941  0.000e+00
     3.3991   3.283641   1799.179  800516951  0.000e+00
     3.4131   3.284571   1799.179  800516961  0.000e+00
     3.4075   3.284210   1799.176  800516971  0.000e+00
     3.4125   3.284663   1799.179  800516981  0.000e+00
     3.4155   3.284932   1799.176  800516991  0.000e+00
     3.4157   3.284981   1799.176  800517001  0.000e+00
