odissea/data/moor/raw/ce25007/microcat_cal_dip/cast13/9141_cal_dip_data.cnv
* Sea-Bird SBE37SM-RS232  Data File:
* FileName = C:\CE25007_recovery_data\9141_cal_dip_data.hex
* Software version SeatermV2 2.8.0.119
* Temperature SN = 9141
* Conductivity SN = 9141
* System UpLoad Time = May 14 2025 09:19:24
* sample interval = 10 seconds
* <ApplicationData>
# nquan = 5
# nvalues = 1390                                  
# units = specified
# name 0 = tv290C: Temperature [ITS-90, deg C]
# name 1 = cond0S/m: Conductivity [S/m]
# name 2 = prdM: Pressure, Strain Gauge [db]
# name 3 = timeK: Time, Instrument [seconds]
# name 4 = flag:  0.000e+00
# span 0 =     2.8058,    15.7980                 
# span 1 =   0.008497,   4.095735                 
# span 2 =      0.019,   1799.199                 
# span 3 =  800511301,  800525191                 
# span 4 = 0.0000e+00, 0.0000e+00                 
# interval = seconds: 10
# start_time = May 14 2025 04:15:01 [Instrument's time stamp, first data scan]
# bad_flag = -9.990e-29
*END*
[from data line 858]
     4.5788   3.359479   1213.326  800519881  0.000e+00
     4.5783   3.359405   1213.154  800519891  0.000e+00
     4.5759   3.359164   1212.865  800519901  0.000e+00
     4.5749   3.359053   1212.437  800519911  0.000e+00
     4.5748   3.359059   1213.345  800519921  0.000e+00
     4.5753   3.359021   1210.752  800519931  0.000e+00
     4.5870   3.359568   1202.665  800519941  0.000e+00
     4.5816   3.358664   1194.465  800519951  0.000e+00
     4.6507   3.364664   1186.576  800519961  0.000e+00
     4.6491   3.364143   1178.868  800519971  0.000e+00
     4.7108   3.369467   1170.639  800519981  0.000e+00
     4.7627   3.374318   1162.240  800519991  0.000e+00
     4.8171   3.379383   1154.249  800520001  0.000e+00
     4.8774   3.385262   1146.278  800520011  0.000e+00
     4.9769   3.394659   1138.399  800520021  0.000e+00
     4.9859   3.395543   1131.412  800520031  0.000e+00
     5.0565   3.402290   1124.413  800520041  0.000e+00
     5.0753   3.403919   1117.129  800520051  0.000e+00
     5.0811   3.404457   1111.368  800520061  0.000e+00
     5.0815   3.404693   1111.760  800520071  0.000e+00
     5.0828   3.404960   1111.277  800520081  0.000e+00
     5.0857   3.405289   1111.574  800520091  0.000e+00
     5.0875   3.405525   1111.798  800520101  0.000e+00
     5.0887   3.405711   1111.358  800520111  0.000e+00
     5.0890   3.405792   1111.642  800520121  0.000e+00
     5.0918   3.406009   1111.418  800520131  0.000e+00
     5.0901   3.405960   1111.845  800520141  0.000e+00
     5.0909   3.406022   1111.915  800520151  0.000e+00
     5.0905   3.405997   1111.802  800520161  0.000e+00
     5.0892   3.405786   1110.611  800520171  0.000e+00
     5.1026   3.406714   1103.037  800520181  0.000e+00
     5.1399   3.409878   1094.652  800520191  0.000e+00
     5.1700   3.412398   1086.758  800520201  0.000e+00
     5.2409   3.418659   1078.180  800520211  0.000e+00
     5.2953   3.423774   1069.817  800520221  0.000e+00
     5.3139   3.425333   1061.909  800520231  0.000e+00
     5.3549   3.429027   1053.413  800520241  0.000e+00
     5.4141   3.434360   1045.259  800520251  0.000e+00
     5.4864   3.441136   1037.451  800520261  0.000e+00
     5.5277   3.445061   1030.583  800520271  0.000e+00
     5.5553   3.447616   1023.222  800520281  0.000e+00
     5.5813   3.449885   1016.624  800520291  0.000e+00
     5.6231   3.453889   1009.110  800520301  0.000e+00
     5.6865   3.459824   1001.858  800520311  0.000e+00
     5.7172   3.462639    994.086  800520321  0.000e+00
     5.7432   3.465024    986.189  800520331  0.000e+00
     5.7877   3.469304    978.997  800520341  0.000e+00
     5.8300   3.472935    971.056  800520351  0.000e+00
     5.8811   3.477619    963.379  800520361  0.000e+00
     5.9152   3.480721    955.509  800520371  0.000e+00
     5.9750   3.486242    947.989  800520381  0.000e+00
     5.9769   3.486541    943.133  800520391  0.000e+00
     5.9685   3.485959    943.476  800520401  0.000e+00
     5.9844   3.487613    943.371  800520411  0.000e+00
     5.9946   3.488641    943.072  800520421  0.000e+00
     5.9988   3.489123    943.210  800520431  0.000e+00
     5.9945   3.488904    943.516  800520441  0.000e+00
     5.9997   3.489305    943.308  800520451  0.000e+00
     5.9993   3.489349    943.339  800520461  0.000e+00
     5.9985   3.489261    943.097  800520471  0.000e+00
     5.9967   3.489154    943.133  800520481  0.000e+00
     5.9998   3.489455    943.516  800520491  0.000e+00
     5.9983   3.489292    943.376  800520501  0.000e+00
     5.9977   3.489336    942.991  800520511  0.000e+00
     6.0528   3.493891    935.580  800520521  0.000e+00
     6.0687   3.495118    927.966  800520531  0.000e+00
     6.1102   3.498897    920.349  800520541  0.000e+00
     6.2120   3.508191    912.869  800520551  0.000e+00
     6.2601   3.512605    905.053  800520561  0.000e+00
     6.2937   3.515933    897.592  800520571  0.000e+00
     6.3472   3.520779    890.022  800520581  0.000e+00
     6.4191   3.527464    882.420  800520591  0.000e+00
     6.4476   3.530011    874.679  800520601  0.000e+00
     6.5439   3.539092    866.777  800520611  0.000e+00
     6.5544   3.539959    859.946  800520621  0.000e+00
     6.5469   3.539707    859.922  800520631  0.000e+00
     6.5633   3.541239    859.376  800520641  0.000e+00
     6.5726   3.542298    859.640  800520651  0.000e+00
     6.5734   3.542430    859.602  800520661  0.000e+00
     6.5770   3.542846    859.654  800520671  0.000e+00
     6.5804   3.543244    859.413  800520681  0.000e+00
     6.5760   3.542834    859.549  800520691  0.000e+00
     6.5779   3.543055    859.678  800520701  0.000e+00
     6.5799   3.543319    859.560  800520711  0.000e+00
     6.5784   3.543168    859.367  800520721  0.000e+00
     6.6029   3.545406    856.266  800520731  0.000e+00
     6.6822   3.552829    848.107  800520741  0.000e+00
     6.6312   3.546251    839.321  800520751  0.000e+00
     6.7165   3.554369    830.876  800520761  0.000e+00
     6.7727   3.558926    822.722  800520771  0.000e+00
     6.8147   3.562189    814.960  800520781  0.000e+00
     6.8974   3.569633    807.716  800520791  0.000e+00
     6.9967   3.579102    800.087  800520801  0.000e+00
     7.0133   3.580201    792.539  800520811  0.000e+00
     7.0215   3.580984    785.357  800520821  0.000e+00
     7.1053   3.588627    777.939  800520831  0.000e+00
     7.1671   3.593943    770.498  800520841  0.000e+00
     7.2397   3.600543    762.982  800520851  0.000e+00
     7.2803   3.604120    755.619  800520861  0.000e+00
     7.3030   3.605832    748.461  800520871  0.000e+00
     7.3886   3.613579    740.755  800520881  0.000e+00
     7.4445   3.618947    733.450  800520891  0.000e+00
     7.4615   3.620102    725.499  800520901  0.000e+00
     7.6624   3.640574    718.047  800520911  0.000e+00
     7.9695   3.671555    710.750  800520921  0.000e+00
     7.9759   3.673549    706.710  800520931  0.000e+00
     7.9747   3.674074    706.519  800520941  0.000e+00
     7.9954   3.676626    706.345  800520951  0.000e+00
     7.9917   3.676620    707.058  800520961  0.000e+00
     7.9946   3.677139    707.226  800520971  0.000e+00
     7.9948   3.677247    706.979  800520981  0.000e+00
     7.9913   3.676978    706.781  800520991  0.000e+00
     7.9926   3.677183    706.854  800521001  0.000e+00
     7.9939   3.677407    707.116  800521011  0.000e+00
     7.9956   3.677561    706.973  800521021  0.000e+00
     7.9953   3.677548    707.147  800521031  0.000e+00
     7.9941   3.677414    706.627  800521041  0.000e+00
     7.9961   3.677663    706.859  800521051  0.000e+00
     7.9955   3.677599    707.249  800521061  0.000e+00
     7.9974   3.677830    706.972  800521071  0.000e+00
     7.9966   3.677778    706.906  800521081  0.000e+00
     7.9979   3.677849    706.871  800521091  0.000e+00
     7.9974   3.677855    707.560  800521101  0.000e+00
     7.9966   3.677772    706.932  800521111  0.000e+00
     7.9975   3.677830    706.863  800521121  0.000e+00
     7.9996   3.678092    707.020  800521131  0.000e+00
     7.9983   3.677964    707.134  800521141  0.000e+00
     7.9978   3.677894    707.116  800521151  0.000e+00
     7.9969   3.677823    707.084  800521161  0.000e+00
     7.9980   3.677926    707.391  800521171  0.000e+00
     7.9999   3.678118    706.784  800521181  0.000e+00
     8.0022   3.678277    705.614  800521191  0.000e+00
     8.1129   3.688353    698.251  800521201  0.000e+00
     8.1217   3.688869    690.203  800521211  0.000e+00
     8.1697   3.693218    682.602  800521221  0.000e+00
     8.1465   3.691103    681.090  800521231  0.000e+00
     8.1708   3.693590    681.221  800521241  0.000e+00
     8.1514   3.691840    681.312  800521251  0.000e+00
     8.1580   3.692493    681.224  800521261  0.000e+00
     8.1621   3.692840    681.288  800521271  0.000e+00
     8.1659   3.693327    681.389  800521281  0.000e+00
     8.1664   3.693346    681.167  800521291  0.000e+00
     8.1717   3.693807    680.974  800521301  0.000e+00
     8.1696   3.693615    681.492  800521311  0.000e+00
     8.1906   3.695724    681.036  800521321  0.000e+00
     8.2289   3.699167    676.406  800521331  0.000e+00
     8.2826   3.704027    668.276  800521341  0.000e+00
     8.3547   3.710508    660.329  800521351  0.000e+00
     8.3875   3.713126    652.677  800521361  0.000e+00
     8.4572   3.719183    644.848  800521371  0.000e+00
     8.5329   3.725765    636.844  800521381  0.000e+00
     8.5801   3.729777    629.199  800521391  0.000e+00
     8.6944   3.739742    621.273  800521401  0.000e+00
     8.7664   3.746338    613.455  800521411  0.000e+00
     8.7914   3.748650    605.563  800521421  0.000e+00
     8.7878   3.748818    605.697  800521431  0.000e+00
     8.7716   3.747632    605.866  800521441  0.000e+00
     8.7870   3.749011    605.558  800521451  0.000e+00
     8.7922   3.749650    606.278  800521461  0.000e+00
     8.7926   3.749689    605.685  800521471  0.000e+00
     8.7916   3.749669    605.749  800521481  0.000e+00
     8.7910   3.749630    605.338  800521491  0.000e+00
     8.7919   3.749766    606.163  800521501  0.000e+00
     8.7913   3.749676    605.682  800521511  0.000e+00
     8.7924   3.749792    605.564  800521521  0.000e+00
     8.7962   3.750075    603.635  800521531  0.000e+00
     8.8421   3.753742    595.452  800521541  0.000e+00
     8.9510   3.763959    587.885  800521551  0.000e+00
     9.0490   3.773372    580.095  800521561  0.000e+00
     9.1041   3.778614    571.608  800521571  0.000e+00
     9.1399   3.782059    563.542  800521581  0.000e+00
     9.2025   3.788032    556.139  800521591  0.000e+00
     9.2311   3.790872    547.941  800521601  0.000e+00
     9.3157   3.799275    540.325  800521611  0.000e+00
     9.4098   3.808412    532.837  800521621  0.000e+00
     9.4399   3.811616    525.435  800521631  0.000e+00
     9.4692   3.814437    518.617  800521641  0.000e+00
     9.4692   3.814136    511.732  800521651  0.000e+00
     9.4546   3.812166    504.077  800521661  0.000e+00
     9.5098   3.817151    496.950  800521671  0.000e+00
     9.5622   3.822307    489.557  800521681  0.000e+00
     9.5818   3.824189    481.880  800521691  0.000e+00
     9.6025   3.826091    474.748  800521701  0.000e+00
     9.6417   3.830030    467.430  800521711  0.000e+00
     9.6694   3.832271    459.447  800521721  0.000e+00
     9.6763   3.832998    456.112  800521731  0.000e+00
     9.6757   3.833148    456.313  800521741  0.000e+00
     9.6774   3.833376    456.101  800521751  0.000e+00
     9.6775   3.833467    456.091  800521761  0.000e+00
     9.6792   3.833610    456.519  800521771  0.000e+00
     9.6778   3.833532    456.246  800521781  0.000e+00
     9.6775   3.833519    456.120  800521791  0.000e+00
     9.6782   3.833604    456.538  800521801  0.000e+00
     9.6759   3.833467    456.584  800521811  0.000e+00
     9.6764   3.833447    456.112  800521821  0.000e+00
     9.6752   3.833291    456.416  800521831  0.000e+00
     9.6766   3.833435    456.351  800521841  0.000e+00
     9.6753   3.833409    456.561  800521851  0.000e+00
     9.6738   3.833239    456.305  800521861  0.000e+00
     9.6741   3.833220    456.574  800521871  0.000e+00
     9.6746   3.833200    456.360  800521881  0.000e+00
     9.6759   3.833337    456.112  800521891  0.000e+00
     9.6740   3.833187    456.311  800521901  0.000e+00
     9.6745   3.833253    456.922  800521911  0.000e+00
     9.6749   3.833331    456.521  800521921  0.000e+00
     9.6745   3.833239    456.241  800521931  0.000e+00
     9.6743   3.833252    456.662  800521941  0.000e+00
     9.6737   3.833207    456.610  800521951  0.000e+00
     9.6753   3.833330    456.134  800521961  0.000e+00
     9.6732   3.833142    456.389  800521971  0.000e+00
     9.6733   3.833148    456.624  800521981  0.000e+00
     9.6721   3.833018    456.351  800521991  0.000e+00
     9.6723   3.833044    456.351  800522001  0.000e+00
     9.6706   3.832868    456.351  800522011  0.000e+00
     9.6704   3.832895    456.586  800522021  0.000e+00
     9.6702   3.832849    456.448  800522031  0.000e+00
     9.6718   3.832999    456.158  800522041  0.000e+00
     9.6726   3.833077    456.486  800522051  0.000e+00
     9.6724   3.833038    456.541  800522061  0.000e+00
     9.6732   3.833142    456.561  800522071  0.000e+00
     9.6726   3.833090    456.533  800522081  0.000e+00
     9.6721   3.833031    456.282  800522091  0.000e+00
     9.6716   3.832973    456.382  800522101  0.000e+00
     9.6708   3.832894    456.288  800522111  0.000e+00
     9.6697   3.832817    456.772  800522121  0.000e+00
     9.6696   3.832804    456.658  800522131  0.000e+00
     9.6698   3.832823    456.302  800522141  0.000e+00
     9.6702   3.832803    456.226  800522151  0.000e+00
     9.6695   3.832797    456.886  800522161  0.000e+00
     9.6699   3.832816    456.482  800522171  0.000e+00
     9.6693   3.832771    456.713  800522181  0.000e+00
     9.6698   3.832790    456.622  800522191  0.000e+00
     9.6699   3.832791    456.671  800522201  0.000e+00
     9.6692   3.832732    456.478  800522211  0.000e+00
     9.6671   3.832563    456.669  800522221  0.000e+00
     9.6686   3.832667    456.198  800522231  0.000e+00
     9.6672   3.832543    456.716  800522241  0.000e+00
     9.6675   3.832576    456.495  800522251  0.000e+00
     9.6684   3.832621    456.405  800522261  0.000e+00
     9.6693   3.832725    456.105  800522271  0.000e+00
     9.6791   3.833439    451.740  800522281  0.000e+00
     9.7315   3.838207    443.686  800522291  0.000e+00
     9.7958   3.843765    435.361  800522301  0.000e+00
     9.8670   3.850461    427.440  800522311  0.000e+00
     9.9198   3.855459    419.321  800522321  0.000e+00
     9.9839   3.861530    411.327  800522331  0.000e+00
    10.0308   3.866011    403.304  800522341  0.000e+00
    10.0879   3.871625    396.609  800522351  0.000e+00
    10.0805   3.870329    389.314  800522361  0.000e+00
    10.0796   3.869837    382.355  800522371  0.000e+00
    10.0777   3.869207    375.354  800522381  0.000e+00
    10.0751   3.868296    367.502  800522391  0.000e+00
    10.2389   3.885812    360.189  800522401  0.000e+00
    10.2467   3.886726    353.772  800522411  0.000e+00
    10.2427   3.886758    353.830  800522421  0.000e+00
    10.2455   3.887145    354.370  800522431  0.000e+00
    10.2372   3.886353    354.473  800522441  0.000e+00
    10.2345   3.886327    353.892  800522451  0.000e+00
    10.2276   3.885267    353.954  800522461  0.000e+00
    10.2280   3.885293    353.971  800522471  0.000e+00
    10.2300   3.885574    354.389  800522481  0.000e+00
    10.2248   3.885136    354.171  800522491  0.000e+00
    10.2289   3.885489    354.198  800522501  0.000e+00
    10.2300   3.885574    353.642  800522511  0.000e+00
    10.2319   3.885836    353.876  800522521  0.000e+00
    10.2539   3.887750    346.632  800522531  0.000e+00
    10.2101   3.882252    338.094  800522541  0.000e+00
    10.0667   3.864893    330.272  800522551  0.000e+00
    10.0584   3.862886    322.307  800522561  0.000e+00
    10.0859   3.864665    314.246  800522571  0.000e+00
    10.1361   3.868358    306.754  800522581  0.000e+00
    10.1377   3.868428    303.298  800522591  0.000e+00
    10.1407   3.868768    303.378  800522601  0.000e+00
    10.1362   3.868461    303.928  800522611  0.000e+00
    10.1390   3.868716    303.416  800522621  0.000e+00
    10.1391   3.868749    303.624  800522631  0.000e+00
    10.1385   3.868690    303.547  800522641  0.000e+00
    10.1392   3.868814    303.897  800522651  0.000e+00
    10.1377   3.868644    303.402  800522661  0.000e+00
    10.1380   3.868638    303.592  800522671  0.000e+00
    10.1393   3.868762    303.675  800522681  0.000e+00
    10.1373   3.868420    299.314  800522691  0.000e+00
    10.2365   3.877486    291.019  800522701  0.000e+00
    10.3311   3.887163    283.135  800522711  0.000e+00
