odissea/data/moor/raw/ce25007/microcat_cal_dip/cast13/9141_cal_dip_data.cnv
* Sea-Bird SBE37SM-RS232  Data File:
* FileName = C:\CE25007_recovery_data\9141_cal_dip_data.hex
* Software version SeatermV2 2.8.0.119
* Temperature SN = 9141
* Conductivity SN = 9141
* System UpLoad Time = May 14 2025 09:19:24
* sample interval = 10 seconds
* <ApplicationData>
# nquan = 5
# nvalues = 1390                                  
# units = specified
# name 0 = tv290C: Temperature [ITS-90, deg C]
# name 1 = cond0S/m: Conductivity [S/m]
# name 2 = prdM: Pressure, Strain Gauge [db]
# name 3 = timeK: Time, Instrument [seconds]
# name 4 = flag:  0.000e+00
# span 0 =     2.8058,    15.7980                 
# span 1 =   0.008497,   4.095735                 
# span 2 =      0.019,   1799.199                 
# span 3 =  800511301,  800525191                 
# span 4 = 0.0000e+00, 0.0000e+00                 
# interval = seconds: 10
# start_time = May 14 2025 04:15:01 [Instrument's time stamp, first data scan]
# bad_flag = -9.990e-29
*END*
[from data line 1143]
    10.5550   3.910808    266.581  800522731  0.000e+00
    10.6498   3.921359    258.513  800522741  0.000e+00
    10.7070   3.927517    250.710  800522751  0.000e+00
    10.7496   3.931662    244.146  800522761  0.000e+00
    10.8014   3.936808    236.983  800522771  0.000e+00
    10.8324   3.939746    229.657  800522781  0.000e+00
    10.8532   3.941480    221.791  800522791  0.000e+00
    10.8831   3.944175    214.201  800522801  0.000e+00
    10.9211   3.947886    206.818  800522811  0.000e+00
    10.9552   3.950978    198.743  800522821  0.000e+00
    11.0038   3.955897    191.366  800522831  0.000e+00
    11.0278   3.958029    183.845  800522841  0.000e+00
    11.0663   3.961613    175.709  800522851  0.000e+00
    11.0821   3.963107    168.366  800522861  0.000e+00
    11.1123   3.965815    160.795  800522871  0.000e+00
    11.1326   3.967547    152.648  800522881  0.000e+00
    11.1669   3.970936    145.196  800522891  0.000e+00
    11.2675   3.981308    137.741  800522901  0.000e+00
    11.3207   3.987187    130.099  800522911  0.000e+00
    11.3155   3.986371    122.085  800522921  0.000e+00
    11.3111   3.985549    114.923  800522931  0.000e+00
    11.3040   3.984184    107.023  800522941  0.000e+00
    11.2815   3.980804     99.570  800522951  0.000e+00
    11.3096   3.983246     91.520  800522961  0.000e+00
    11.3137   3.983296     84.485  800522971  0.000e+00
    11.3141   3.982612     77.307  800522981  0.000e+00
    11.3119   3.980839     70.137  800522991  0.000e+00
    11.3161   3.980440     63.544  800523001  0.000e+00
    11.3274   3.981058     55.797  800523011  0.000e+00
    11.3587   3.983229     47.926  800523021  0.000e+00
    11.4413   3.990134     40.708  800523031  0.000e+00
    11.5525   3.999791     33.186  800523041  0.000e+00
    11.5874   4.002491     29.804  800523051  0.000e+00
    11.6974   4.013005     30.372  800523061  0.000e+00
    11.6993   4.013741     30.199  800523071  0.000e+00
    11.6960   4.013701     30.251  800523081  0.000e+00
    11.6893   4.013217     30.413  800523091  0.000e+00
    11.6846   4.013012     30.306  800523101  0.000e+00
    11.6788   4.012548     30.496  800523111  0.000e+00
    11.6743   4.012276     30.313  800523121  0.000e+00
    11.6723   4.011965     30.219  800523131  0.000e+00
    11.7150   4.016194     28.951  800523141  0.000e+00
    11.9312   4.035873     26.837  800523151  0.000e+00
    12.0766   4.049235     25.087  800523161  0.000e+00
    12.1035   4.052588     22.841  800523171  0.000e+00
    12.1239   4.054764     21.098  800523181  0.000e+00
    12.1686   4.059391     18.957  800523191  0.000e+00
    12.2523   4.067098     15.335  800523201  0.000e+00
    12.3477   4.076671      9.260  800523211  0.000e+00
    12.3597   4.078204      4.505  800523221  0.000e+00
    12.3611   4.078618      5.181  800523231  0.000e+00
    12.3602   4.078758      4.706  800523241  0.000e+00
    12.3597   4.078918      4.772  800523251  0.000e+00
    12.3590   4.078891      4.754  800523261  0.000e+00
    12.3582   4.078918      4.907  800523271  0.000e+00
    12.3618   4.079338      4.775  800523281  0.000e+00
    12.3573   4.078898      4.938  800523291  0.000e+00
    12.3626   4.079358      4.900  800523301  0.000e+00
    12.3632   4.079465      4.727  800523311  0.000e+00
    12.3656   4.079564      1.857  800523321  0.000e+00
    12.3798   0.812348      0.134  800523331  0.000e+00
    12.3893   0.898353      0.134  800523341  0.000e+00
    12.4160   0.094811      0.127  800523351  0.000e+00
    12.4431   0.068142      0.127  800523361  0.000e+00
    12.4516   0.058480      0.124  800523371  0.000e+00
    12.4573   0.054103      0.124  800523381  0.000e+00
    12.4654   0.050124      0.120  800523391  0.000e+00
    12.4762   0.049610      0.124  800523401  0.000e+00
    12.4879   0.047055      0.117  800523411  0.000e+00
    12.4979   0.045111      0.113  800523421  0.000e+00
    12.5084   0.044164      0.117  800523431  0.000e+00
    12.5211   0.042715      0.117  800523441  0.000e+00
    12.5346   0.042176      0.117  800523451  0.000e+00
    12.5491   0.039806      0.113  800523461  0.000e+00
    12.5577   0.037861      0.106  800523471  0.000e+00
    12.5690   0.037607      0.106  800523481  0.000e+00
    12.5798   0.038198      0.110  800523491  0.000e+00
    12.5921   0.038324      0.106  800523501  0.000e+00
    12.6048   0.038123      0.109  800523511  0.000e+00
    12.6156   0.037436      0.106  800523521  0.000e+00
    12.6244   0.036881      0.103  800523531  0.000e+00
    12.6342   0.036236      0.103  800523541  0.000e+00
    12.6451   0.036406      0.103  800523551  0.000e+00
    12.6543   0.035702      0.099  800523561  0.000e+00
    12.6626   0.035398      0.099  800523571  0.000e+00
    12.6742   0.035720      0.099  800523581  0.000e+00
    12.6838   0.035084      0.099  800523591  0.000e+00
    12.6929   0.034568      0.099  800523601  0.000e+00
    12.7001   0.034467      0.096  800523611  0.000e+00
    12.7089   0.034386      0.096  800523621  0.000e+00
    12.7181   0.033954      0.099  800523631  0.000e+00
    12.7297   0.033617      0.096  800523641  0.000e+00
    12.7387   0.033620      0.089  800523651  0.000e+00
    12.7488   0.033844      0.092  800523661  0.000e+00
    12.7566   0.033450      0.088  800523671  0.000e+00
    12.7667   0.033018      0.092  800523681  0.000e+00
    12.7800   0.032833      0.085  800523691  0.000e+00
    12.7901   0.032458      0.088  800523701  0.000e+00
    12.8004   0.032723      0.085  800523711  0.000e+00
    12.8081   0.032824      0.088  800523721  0.000e+00
    12.8144   0.032294      0.085  800523731  0.000e+00
    12.8245   0.032005      0.088  800523741  0.000e+00
    12.8299   0.032085      0.088  800523751  0.000e+00
    12.8366   0.032270      0.085  800523761  0.000e+00
    12.8427   0.032410      0.092  800523771  0.000e+00
    12.8484   0.032142      0.085  800523781  0.000e+00
    12.8549   0.032178      0.081  800523791  0.000e+00
    12.8618   0.031767      0.085  800523801  0.000e+00
    12.8667   0.031382      0.081  800523811  0.000e+00
    12.8703   0.031317      0.085  800523821  0.000e+00
    12.8758   0.031213      0.085  800523831  0.000e+00
    12.8798   0.030882      0.085  800523841  0.000e+00
    12.8818   0.031097      0.081  800523851  0.000e+00
    12.8841   0.031484      0.081  800523861  0.000e+00
    12.8868   0.031371      0.085  800523871  0.000e+00
    12.8896   0.031275      0.081  800523881  0.000e+00
    12.8932   0.031076      0.085  800523891  0.000e+00
    12.8972   0.031061      0.081  800523901  0.000e+00
    12.8983   0.029736      0.078  800523911  0.000e+00
    12.8994   0.030296      0.078  800523921  0.000e+00
    12.8996   0.030668      0.078  800523931  0.000e+00
    12.9015   0.031168      0.078  800523941  0.000e+00
    12.9050   0.031058      0.078  800523951  0.000e+00
    12.9092   0.031371      0.081  800523961  0.000e+00
    12.9127   0.031356      0.078  800523971  0.000e+00
    12.9133   0.031513      0.071  800523981  0.000e+00
    12.9146   0.031403      0.074  800523991  0.000e+00
    12.9201   0.031296      0.078  800524001  0.000e+00
    12.9215   0.031320      0.078  800524011  0.000e+00
    12.9259   0.031338      0.081  800524021  0.000e+00
    12.9302   0.031037      0.078  800524031  0.000e+00
    12.9344   0.030656      0.078  800524041  0.000e+00
    12.9390   0.029968      0.074  800524051  0.000e+00
    12.9432   0.029588      0.078  800524061  0.000e+00
    12.9432   0.029231      0.074  800524071  0.000e+00
    12.9463   0.029046      0.074  800524081  0.000e+00
    12.9479   0.028856      0.078  800524091  0.000e+00
    12.9488   0.028686      0.074  800524101  0.000e+00
    12.9517   0.028719      0.074  800524111  0.000e+00
    12.9557   0.028719      0.074  800524121  0.000e+00
    12.9578   0.028897      0.071  800524131  0.000e+00
    12.9586   0.029064      0.074  800524141  0.000e+00
    12.9608   0.028892      0.074  800524151  0.000e+00
    12.9625   0.028814      0.074  800524161  0.000e+00
    12.9674   0.028770      0.074  800524171  0.000e+00
    12.9744   0.028716      0.071  800524181  0.000e+00
    12.9785   0.025884      0.074  800524191  0.000e+00
    12.9828   0.024046      0.074  800524201  0.000e+00
    12.9889   0.023343      0.071  800524211  0.000e+00
    13.0012   0.022964      0.071  800524221  0.000e+00
    13.0205   0.022818      0.074  800524231  0.000e+00
    13.0274   0.022620      0.071  800524241  0.000e+00
    13.0331   0.022460      0.071  800524251  0.000e+00
    13.0435   0.022383      0.071  800524261  0.000e+00
    13.0514   0.022282      0.071  800524271  0.000e+00
    13.0608   0.022353      0.085  800524281  0.000e+00
    13.0878   0.021742      0.081  800524291  0.000e+00
    13.0977   0.021831      0.081  800524301  0.000e+00
    13.1128   0.022955      0.098  800524311  0.000e+00
    13.1248   0.022249      0.105  800524321  0.000e+00
    13.1241   0.021965      0.095  800524331  0.000e+00
    13.1383   0.022211      0.095  800524341  0.000e+00
    13.1472   0.022137      0.098  800524351  0.000e+00
    13.1502   0.022006      0.095  800524361  0.000e+00
    13.1511   0.021873      0.098  800524371  0.000e+00
    13.1555   0.021796      0.098  800524381  0.000e+00
    13.1602   0.021733      0.095  800524391  0.000e+00
    13.1569   0.021636      0.095  800524401  0.000e+00
    13.1570   0.021526      0.095  800524411  0.000e+00
    13.1560   0.021446      0.095  800524421  0.000e+00
    13.1623   0.021387      0.095  800524431  0.000e+00
    13.1626   0.021316      0.098  800524441  0.000e+00
    13.1622   0.021259      0.098  800524451  0.000e+00
    13.1637   0.021283      0.095  800524461  0.000e+00
    13.1674   0.021253      0.095  800524471  0.000e+00
    13.1691   0.021212      0.098  800524481  0.000e+00
    13.1698   0.021150      0.095  800524491  0.000e+00
    13.1694   0.021067      0.095  800524501  0.000e+00
    13.1749   0.021031      0.095  800524511  0.000e+00
    13.1836   0.020954      0.091  800524521  0.000e+00
    13.1891   0.020930      0.091  800524531  0.000e+00
    13.1961   0.020898      0.091  800524541  0.000e+00
    13.2032   0.020818      0.095  800524551  0.000e+00
    13.2102   0.020785      0.095  800524561  0.000e+00
    13.2179   0.020762      0.084  800524571  0.000e+00
    13.2203   0.020714      0.091  800524581  0.000e+00
    13.2196   0.020696      0.084  800524591  0.000e+00
    13.2245   0.020625      0.088  800524601  0.000e+00
    13.2325   0.020548      0.091  800524611  0.000e+00
    13.2407   0.020519      0.091  800524621  0.000e+00
    13.2456   0.020486      0.088  800524631  0.000e+00
    13.2498   0.020457      0.091  800524641  0.000e+00
    13.2522   0.020436      0.088  800524651  0.000e+00
    13.2565   0.020409      0.091  800524661  0.000e+00
    13.2623   0.020347      0.088  800524671  0.000e+00
    13.2715   0.020311      0.091  800524681  0.000e+00
    13.2816   0.020282      0.091  800524691  0.000e+00
    13.2886   0.020261      0.088  800524701  0.000e+00
    13.2972   0.020231      0.084  800524711  0.000e+00
    13.3005   0.020184      0.088  800524721  0.000e+00
    13.3071   0.020163      0.088  800524731  0.000e+00
    13.3157   0.020146      0.088  800524741  0.000e+00
    13.3266   0.020092      0.088  800524751  0.000e+00
    13.3367   0.020086      0.084  800524761  0.000e+00
    13.3448   0.020113      0.088  800524771  0.000e+00
    13.3573   0.020030      0.088  800524781  0.000e+00
    13.3701   0.019974      0.088  800524791  0.000e+00
    13.3788   0.019992      0.088  800524801  0.000e+00
    13.3921   0.019941      0.084  800524811  0.000e+00
    13.4054   0.019918      0.084  800524821  0.000e+00
    13.4159   0.019906      0.088  800524831  0.000e+00
    13.4247   0.019852      0.084  800524841  0.000e+00
    13.4297   0.019838      0.088  800524851  0.000e+00
    13.4369   0.019799      0.088  800524861  0.000e+00
    13.4455   0.019784      0.084  800524871  0.000e+00
    13.4552   0.019749      0.088  800524881  0.000e+00
    13.4681   0.019722      0.084  800524891  0.000e+00
    13.4784   0.019704      0.084  800524901  0.000e+00
    13.4884   0.019654      0.084  800524911  0.000e+00
    13.4975   0.019645      0.084  800524921  0.000e+00
    13.5074   0.019610      0.088  800524931  0.000e+00
    13.5123   0.019598      0.081  800524941  0.000e+00
    13.5195   0.019574      0.084  800524951  0.000e+00
    13.5287   0.019553      0.081  800524961  0.000e+00
    13.5372   0.019524      0.081  800524971  0.000e+00
    13.5431   0.019476      0.081  800524981  0.000e+00
    13.5466   0.019450      0.084  800524991  0.000e+00
    13.5533   0.019399      0.081  800525001  0.000e+00
    13.5720   0.019361      0.081  800525011  0.000e+00
    13.5985   0.019322      0.081  800525021  0.000e+00
    13.6173   0.019263      0.084  800525031  0.000e+00
    13.6245   0.019234      0.084  800525041  0.000e+00
    13.6331   0.019195      0.081  800525051  0.000e+00
    13.6450   0.019163      0.081  800525061  0.000e+00
    13.6591   0.019118      0.084  800525071  0.000e+00
    13.6690   0.019074      0.081  800525081  0.000e+00
    13.6773   0.019047      0.077  800525091  0.000e+00
    13.6870   0.019009      0.088  800525101  0.000e+00
    13.7019   0.019021      0.081  800525111  0.000e+00
    13.7142   0.018988      0.087  800525121  0.000e+00
    13.7295   0.018997      0.084  800525131  0.000e+00
    13.7384   0.018976      0.077  800525141  0.000e+00
    13.7512   0.018973      0.084  800525151  0.000e+00
    13.7507   0.019251      0.056  800525161  0.000e+00
    13.7694   0.015575      0.070  800525171  0.000e+00
    13.7931   0.014397      0.063  800525181  0.000e+00
    13.8151   0.013765      0.067  800525191  0.000e+00
