odissea/data/moor/raw/ce25007/microcat_cal_dip/cast13/9141_cal_dip_data.cnv
* Sea-Bird SBE37SM-RS232  Data File:
* FileName = C:\CE25007_recovery_data\9141_cal_dip_data.hex
* Software version SeatermV2 2.8.0.119
* Temperature SN = 9141
* Conductivity SN = 9141
* System UpLoad Time = May 14 2025 09:19:24
* sample interval = 10 seconds
* <ApplicationData>
# nquan = 5
# nvalues = 1390                                  
# units = specified
# name 0 = tv290C: Temperature [ITS-90, deg C]
# name 1 = cond0S/m: Conductivity [S/m]
# name 2 = prdM: Pressure, Strain Gauge [db]
# name 3 = timeK: Time, Instrument [seconds]
# name 4 = flag:  0.000e+00
# span 0 =     2.8058,    15.7980                 
# span 1 =   0.008497,   4.095735                 
# span 2 =      0.019,   1799.199                 
# span 3 =  800511301,  800525191                 
# span 4 = 0.0000e+00, 0.0000e+00                 
# interval = seconds: 10
# start_time = May 14 2025 04:15:01 [Instrument's time stamp, first data scan]
# bad_flag = -9.990e-29
*END*
    15.7905   0.008724      0.026  800511301  0.000e+00
    15.7980   0.008718      0.019  800511311  0.000e+00
    15.7968   0.008712      0.023  800511321  0.000e+00
    15.7947   0.008712      0.019  800511331  0.000e+00
    15.7950   0.008706      0.026  800511341  0.000e+00
    15.7906   0.008703      0.026  800511351  0.000e+00
    15.7865   0.008703      0.026  800511361  0.000e+00
    15.7849   0.008700      0.026  800511371  0.000e+00
    15.7804   0.008703      0.023  800511381  0.000e+00
    15.7621   0.008700      0.023  800511391  0.000e+00
    15.7498   0.008694      0.026  800511401  0.000e+00
    15.7546   0.008694      0.023  800511411  0.000e+00
    15.7557   0.008691      0.023  800511421  0.000e+00
    15.7536   0.008688      0.026  800511431  0.000e+00
    15.7490   0.008815      0.026  800511441  0.000e+00
    15.7438   0.008688      0.026  800511451  0.000e+00
    15.7442   0.008685      0.026  800511461  0.000e+00
    15.7487   0.008679      0.026  800511471  0.000e+00
    15.7459   0.008679      0.023  800511481  0.000e+00
    15.7425   0.008679      0.030  800511491  0.000e+00
    15.7337   0.008674      0.026  800511501  0.000e+00
    15.7343   0.008674      0.026  800511511  0.000e+00
    15.7318   0.008674      0.026  800511521  0.000e+00
    15.7299   0.008671      0.026  800511531  0.000e+00
    15.7316   0.008671      0.026  800511541  0.000e+00
    15.7324   0.008665      0.026  800511551  0.000e+00
    15.7284   0.008668      0.026  800511561  0.000e+00
    15.7269   0.008665      0.026  800511571  0.000e+00
    15.7242   0.008662      0.030  800511581  0.000e+00
    15.7186   0.008662      0.030  800511591  0.000e+00
    15.7215   0.008659      0.030  800511601  0.000e+00
    15.7178   0.008659      0.030  800511611  0.000e+00
    15.7172   0.008653      0.026  800511621  0.000e+00
    15.7190   0.008653      0.026  800511631  0.000e+00
    15.7161   0.008653      0.033  800511641  0.000e+00
    15.7114   0.008647      0.030  800511651  0.000e+00
    15.7034   0.008647      0.030  800511661  0.000e+00
    15.7102   0.008647      0.030  800511671  0.000e+00
    15.7151   0.008644      0.030  800511681  0.000e+00
    15.7157   0.008644      0.030  800511691  0.000e+00
    15.7135   0.008641      0.030  800511701  0.000e+00
    15.6975   0.008641      0.030  800511711  0.000e+00
    15.6915   0.008638      0.037  800511721  0.000e+00
    15.6890   0.008635      0.030  800511731  0.000e+00
    15.6856   0.008635      0.030  800511741  0.000e+00
    15.6840   0.008632      0.033  800511751  0.000e+00
    15.6947   0.008629      0.033  800511761  0.000e+00
    15.6823   0.008629      0.026  800511771  0.000e+00
    15.6728   0.008624      0.033  800511781  0.000e+00
    15.6590   0.008626      0.033  800511791  0.000e+00
    15.6592   0.008621      0.033  800511801  0.000e+00
    15.6542   0.008621      0.033  800511811  0.000e+00
    15.6569   0.008618      0.033  800511821  0.000e+00
    15.6467   0.008615      0.030  800511831  0.000e+00
    15.6488   0.008615      0.030  800511841  0.000e+00
    15.6505   0.008612      0.030  800511851  0.000e+00
    15.6509   0.008612      0.033  800511861  0.000e+00
    15.6522   0.008609      0.030  800511871  0.000e+00
    15.6539   0.008609      0.033  800511881  0.000e+00
    15.6568   0.008606      0.026  800511891  0.000e+00
    15.6389   0.008606      0.027  800511901  0.000e+00
    15.6425   0.008603      0.033  800511911  0.000e+00
    15.6404   0.008603      0.033  800511921  0.000e+00
    15.6399   0.008597      0.033  800511931  0.000e+00
    15.6255   0.008618      0.030  800511941  0.000e+00
    15.6221   0.008615      0.033  800511951  0.000e+00
    15.6251   0.008612      0.033  800511961  0.000e+00
    15.6279   0.008609      0.030  800511971  0.000e+00
    15.6255   0.008609      0.033  800511981  0.000e+00
    15.6266   0.008606      0.037  800511991  0.000e+00
    15.6231   0.008609      0.033  800512001  0.000e+00
    15.6129   0.008603      0.033  800512011  0.000e+00
    15.6141   0.008600      0.030  800512021  0.000e+00
    15.6157   0.008600      0.033  800512031  0.000e+00
    15.6080   0.008600      0.034  800512041  0.000e+00
    15.6060   0.008597      0.030  800512051  0.000e+00
    15.6039   0.008597      0.030  800512061  0.000e+00
    15.6040   0.008594      0.030  800512071  0.000e+00
    15.6042   0.008594      0.030  800512081  0.000e+00
    15.6079   0.008594      0.033  800512091  0.000e+00
    15.6107   0.008594      0.034  800512101  0.000e+00
    15.6154   0.008594      0.037  800512111  0.000e+00
    15.6176   0.008594      0.033  800512121  0.000e+00
    15.6138   0.008591      0.037  800512131  0.000e+00
    15.6291   0.008591      0.030  800512141  0.000e+00
    15.6651   0.008591      0.034  800512151  0.000e+00
    15.6736   0.008591      0.030  800512161  0.000e+00
    15.6779   0.008588      0.037  800512171  0.000e+00
    15.6736   0.008582      0.037  800512181  0.000e+00
    15.6701   0.008588      0.034  800512191  0.000e+00
    15.6669   0.008582      0.037  800512201  0.000e+00
    15.6641   0.008585      0.033  800512211  0.000e+00
    15.6392   0.008582      0.037  800512221  0.000e+00
    15.6233   0.008579      0.037  800512231  0.000e+00
    15.6224   0.008579      0.034  800512241  0.000e+00
    15.6246   0.008573      0.037  800512251  0.000e+00
    15.6222   0.008573      0.037  800512261  0.000e+00
    15.6208   0.008573      0.040  800512271  0.000e+00
    15.6212   0.008571      0.037  800512281  0.000e+00
    15.6150   0.008571      0.034  800512291  0.000e+00
    15.6042   0.008571      0.037  800512301  0.000e+00
    15.5940   0.008568      0.037  800512311  0.000e+00
    15.5965   0.008565      0.034  800512321  0.000e+00
    15.5780   0.008562      0.034  800512331  0.000e+00
    15.5788   0.008562      0.034  800512341  0.000e+00
    15.5831   0.008559      0.030  800512351  0.000e+00
    15.5779   0.008559      0.037  800512361  0.000e+00
    15.5695   0.008553      0.034  800512371  0.000e+00
    15.5567   0.008550      0.037  800512381  0.000e+00
    15.5557   0.008547      0.037  800512391  0.000e+00
    15.5456   0.008547      0.034  800512401  0.000e+00
    15.5452   0.008550      0.037  800512411  0.000e+00
    15.5149   0.008541      0.041  800512421  0.000e+00
    15.5080   0.008538      0.030  800512431  0.000e+00
    15.5050   0.008535      0.034  800512441  0.000e+00
    15.5003   0.008535      0.034  800512451  0.000e+00
    15.4940   0.008535      0.034  800512461  0.000e+00
    15.4897   0.008535      0.034  800512471  0.000e+00
    15.4939   0.008532      0.034  800512481  0.000e+00
    15.4974   0.008529      0.030  800512491  0.000e+00
    15.4916   0.008532      0.030  800512501  0.000e+00
    15.4925   0.008529      0.037  800512511  0.000e+00
    15.4626   0.008526      0.037  800512521  0.000e+00
    15.4638   0.008526      0.030  800512531  0.000e+00
    15.4492   0.008520      0.034  800512541  0.000e+00
    15.4420   0.008518      0.037  800512551  0.000e+00
    15.4396   0.008518      0.037  800512561  0.000e+00
    15.1872   0.008512      0.037  800512571  0.000e+00
    14.7791   0.008506      0.034  800512581  0.000e+00
    14.7999   0.008506      0.030  800512591  0.000e+00
    14.9819   0.008497      0.037  800512601  0.000e+00
    12.3816   3.563395      0.959  800512611  0.000e+00
    12.3899   4.095735      0.962  800512621  0.000e+00
    12.3683   4.046056      2.002  800512631  0.000e+00
    12.3614   4.085174      5.717  800512641  0.000e+00
    12.3505   4.079814      8.895  800512651  0.000e+00
    12.3481   4.080983     10.679  800512661  0.000e+00
    12.3467   4.073950     10.572  800512671  0.000e+00
    12.3453   4.079006      8.871  800512681  0.000e+00
    12.3453   4.078391      4.959  800512691  0.000e+00
    12.3418   4.077702      1.064  800512701  0.000e+00
    12.3438   4.077662      1.327  800512711  0.000e+00
    12.3440   4.077562      1.164  800512721  0.000e+00
    12.3438   4.077476      2.246  800512731  0.000e+00
    12.3449   4.029589      7.288  800512741  0.000e+00
    12.3453   4.077926     11.741  800512751  0.000e+00
    12.2882   4.072885     16.461  800512761  0.000e+00
    12.1408   4.058859     21.326  800512771  0.000e+00
    12.0135   4.003637     26.382  800512781  0.000e+00
    11.8551   4.031624     32.193  800512791  0.000e+00
    11.4358   3.992958     39.316  800512801  0.000e+00
    11.3404   3.984153     45.899  800512811  0.000e+00
    11.3275   3.983508     52.732  800512821  0.000e+00
    11.3345   3.984364     59.771  800512831  0.000e+00
    11.3235   3.984221     66.811  800512841  0.000e+00
    11.3287   3.985083     74.041  800512851  0.000e+00
    11.2892   3.981332     81.305  800512861  0.000e+00
    11.2947   3.982611     89.479  800512871  0.000e+00
    11.3088   3.984888     98.277  800512881  0.000e+00
    11.2331   3.976757    105.159  800512891  0.000e+00
    11.1506   3.968131    111.164  800512901  0.000e+00
    11.1174   3.965549    121.685  800512911  0.000e+00
    11.1293   3.967117    132.812  800512921  0.000e+00
    11.1248   3.967293    143.487  800512931  0.000e+00
    11.0558   3.960839    153.337  800512941  0.000e+00
    11.0163   3.957211    162.779  800512951  0.000e+00
    10.9785   3.953669    172.320  800512961  0.000e+00
    10.9483   3.950708    181.954  800512971  0.000e+00
    10.8617   3.942528    192.480  800512981  0.000e+00
    10.8319   3.939847    202.508  800512991  0.000e+00
    10.8039   3.937707    212.604  800513001  0.000e+00
    10.7655   3.934343    222.457  800513011  0.000e+00
    10.7522   3.933657    233.413  800513021  0.000e+00
    10.6914   3.927508    243.520  800513031  0.000e+00
    10.6127   3.919604    253.542  800513041  0.000e+00
    10.4942   3.907364    263.765  800513051  0.000e+00
    10.3020   3.886715    273.777  800513061  0.000e+00
    10.2036   3.876196    284.160  800513071  0.000e+00
    10.2303   3.879822    294.070  800513081  0.000e+00
    10.0936   3.866085    304.368  800513091  0.000e+00
     9.9736   3.853972    314.482  800513101  0.000e+00
    10.0728   3.864956    324.646  800513111  0.000e+00
    10.2143   3.882453    334.755  800513121  0.000e+00
    10.2213   3.884420    345.351  800513131  0.000e+00
    10.2191   3.885326    355.492  800513141  0.000e+00
    10.1288   3.876384    365.613  800513151  0.000e+00
     9.9945   3.862874    375.671  800513161  0.000e+00
     9.9735   3.860809    385.828  800513171  0.000e+00
     9.9502   3.858647    396.068  800513181  0.000e+00
     9.9040   3.854724    406.282  800513191  0.000e+00
     9.8743   3.852400    416.046  800513201  0.000e+00
     9.7810   3.843860    425.776  800513211  0.000e+00
     9.7291   3.839226    435.671  800513221  0.000e+00
     9.6857   3.835220    445.948  800513231  0.000e+00
     9.6484   3.831847    456.153  800513241  0.000e+00
     9.6182   3.829060    466.190  800513251  0.000e+00
     9.6040   3.827861    476.346  800513261  0.000e+00
     9.5545   3.823366    486.534  800513271  0.000e+00
     9.5010   3.818521    496.480  800513281  0.000e+00
     9.4600   3.814764    506.684  800513291  0.000e+00
     9.3634   3.805136    516.646  800513301  0.000e+00
     9.2279   3.792154    526.735  800513311  0.000e+00
     9.1628   3.785714    536.966  800513321  0.000e+00
     9.0483   3.774834    547.133  800513331  0.000e+00
     8.9686   3.766500    557.337  800513341  0.000e+00
     8.8359   3.753932    567.646  800513351  0.000e+00
     8.8186   3.752000    577.385  800513361  0.000e+00
     8.7142   3.742120    587.401  800513371  0.000e+00
     8.5834   3.730886    597.770  800513381  0.000e+00
     8.5223   3.726166    607.565  800513391  0.000e+00
     8.4711   3.721533    617.423  800513401  0.000e+00
     8.3927   3.714537    627.480  800513411  0.000e+00
     8.3298   3.708779    637.478  800513421  0.000e+00
     8.2106   3.697963    647.570  800513431  0.000e+00
     8.1765   3.694601    657.613  800513441  0.000e+00
     8.1091   3.688541    667.577  800513451  0.000e+00
     8.0135   3.679330    677.570  800513461  0.000e+00
     7.8955   3.668094    687.724  800513471  0.000e+00
     7.6113   3.639369    697.759  800513481  0.000e+00
     7.4313   3.620287    707.382  800513491  0.000e+00
     7.4233   3.619184    717.748  800513501  0.000e+00
     7.2893   3.606009    727.984  800513511  0.000e+00
     7.1982   3.597635    737.833  800513521  0.000e+00
     7.1143   3.590226    747.818  800513531  0.000e+00
     7.0244   3.582064    758.196  800513541  0.000e+00
     6.9971   3.580180    768.461  800513551  0.000e+00
     6.9385   3.574779    778.924  800513561  0.000e+00
     6.8742   3.568704    789.000  800513571  0.000e+00
     6.7569   3.558236    799.631  800513581  0.000e+00
     6.7985   3.563274    809.508  800513591  0.000e+00
     6.7572   3.559879    819.830  800513601  0.000e+00
     6.6876   3.553871    829.942  800513611  0.000e+00
     6.5768   3.543521    840.493  800513621  0.000e+00
     6.4517   3.531741    850.686  800513631  0.000e+00
     6.4246   3.528835    860.342  800513641  0.000e+00
     6.3730   3.524201    870.415  800513651  0.000e+00
     6.3151   3.519021    880.451  800513661  0.000e+00
     6.2581   3.513694    890.249  800513671  0.000e+00
     6.1591   3.504583    900.069  800513681  0.000e+00
     6.0533   3.494522    909.773  800513691  0.000e+00
     6.0071   3.490212    919.750  800513701  0.000e+00
     5.9569   3.485478    929.474  800513711  0.000e+00
     5.8958   3.479808    939.312  800513721  0.000e+00
     5.8543   3.475918    949.224  800513731  0.000e+00
     5.8091   3.471836    959.058  800513741  0.000e+00
     5.7527   3.466762    969.064  800513751  0.000e+00
     5.7037   3.462328    978.676  800513761  0.000e+00
     5.6439   3.456610    988.491  800513771  0.000e+00
     5.5599   3.448880    998.413  800513781  0.000e+00
     5.5073   3.443738   1008.077  800513791  0.000e+00
     5.4241   3.436170   1018.226  800513801  0.000e+00
     5.3585   3.429959   1028.208  800513811  0.000e+00
     5.2931   3.423758   1037.992  800513821  0.000e+00
     5.2480   3.419787   1048.069  800513831  0.000e+00
     5.2255   3.417851   1057.825  800513841  0.000e+00
     5.1541   3.411360   1067.973  800513851  0.000e+00
     5.0938   3.405856   1077.947  800513861  0.000e+00
     5.0274   3.399709   1087.794  800513871  0.000e+00
     4.9614   3.393710   1097.770  800513881  0.000e+00
     4.9423   3.392089   1108.404  800513891  0.000e+00
     4.9233   3.390605   1118.634  800513901  0.000e+00
     4.8689   3.385516   1128.818  800513911  0.000e+00
     4.7519   3.374292   1138.872  800513921  0.000e+00
     4.6690   3.366277   1149.262  800513931  0.000e+00
     4.6624   3.365848   1159.692  800513941  0.000e+00
     4.6145   3.361632   1170.000  800513951  0.000e+00
     4.6086   3.361135   1180.061  800513961  0.000e+00
     4.5888   3.359410   1190.010  800513971  0.000e+00
     4.5861   3.360043   1200.322  800513981  0.000e+00
     4.5936   3.361232   1210.422  800513991  0.000e+00
     4.5762   3.360043   1220.191  800514001  0.000e+00
     4.5331   3.356200   1230.293  800514011  0.000e+00
     4.4820   3.351773   1240.579  800514021  0.000e+00
     4.4564   3.349685   1250.401  800514031  0.000e+00
     4.5019   3.354618   1260.596  800514041  0.000e+00
     4.4430   3.349322   1270.640  800514051  0.000e+00
     4.4176   3.347229   1280.812  800514061  0.000e+00
     4.4187   3.347996   1290.541  800514071  0.000e+00
     4.4035   3.346878   1300.577  800514081  0.000e+00
     4.3911   3.346153   1310.683  800514091  0.000e+00
     4.3652   3.344122   1320.540  800514101  0.000e+00
     4.2964   3.337915   1330.511  800514111  0.000e+00
     4.1861   3.327424   1340.681  800514121  0.000e+00
     4.1401   3.323319   1350.374  800514131  0.000e+00
     4.1266   3.322154   1360.203  800514141  0.000e+00
