odissea/cruise_data/tc24015/data/ctd/ctd_tc24015_015.cnv
* Sea-Bird SBE 9 Data File:
* FileName = C:\TC_CTD_DATA\2024_CTD_Data\TC24015\TC24015_015.hdr
* Software Version Seasave V 7.26.7.121
* Temperature SN = 4023
* Conductivity SN = 4381
* Number of Bytes Per Scan = 37
* Number of Voltage Words = 4
* Number of Scans Averaged by the Deck Unit = 1
* NMEA Latitude = 52 29.98 N
* NMEA Longitude = 012 29.96 W
* NMEA UTC (Time) = Jun 24 2024  09:25:30
* NMEA baud rate = 4800
** Cruise: CE18001
** PSO: Caroline Cusack
** CTD operator:
** Technician:
** Cast No:
** Station:
** Event No:
** Sea state:
** Wind speed:
** Sounding depth
# nquan = 21
# nvalues = 5872                        
# units = specified
# name 0 = timeS: Time, Elapsed [seconds]
# name 1 = prDM: Pressure, Digiquartz [db]
# name 2 = depSM: Depth [salt water, m]
# name 3 = t090C: Temperature [ITS-90, deg C]
# name 4 = t190C: Temperature, 2 [ITS-90, deg C]
# name 5 = c0S/m: Conductivity [S/m]
# name 6 = c1S/m: Conductivity, 2 [S/m]
# name 7 = sal00: Salinity, Practical [PSU]
# name 8 = sal11: Salinity, Practical, 2 [PSU]
# name 9 = sbeox0V: Oxygen raw, SBE 43 [V]
# name 10 = sbeox0Mm/L: Oxygen, SBE 43 [umol/l]
# name 11 = v0: Voltage 0
# name 12 = v1: Voltage 1
# name 13 = v2: Voltage 2
# name 14 = v3: Voltage 3
# name 15 = v4: Voltage 4
# name 16 = v5: Voltage 5
# name 17 = v6: Voltage 6
# name 18 = v7: Voltage 7
# name 19 = pumps: Pump Status
# name 20 = flag: flag
# span 0 =      0.229,   2935.646       
# span 1 =      0.356,    544.011       
# span 2 =      0.353,    538.518       
# span 3 =    10.2688,    15.9353       
# span 4 =    10.2688,    16.0266       
# span 5 =   0.079035,   4.306866       
# span 6 =   0.089268,   4.307735       
# span 7 =     0.4747,    35.9068       
# span 8 =     0.5379,    35.9720       
# span 9 =     1.9231,     2.6684       
# span 10 =    174.911,    317.248      
# span 11 =     1.9231,     2.6684      
# span 12 =     0.0000,     0.0000      
# span 13 =     0.0376,     4.9899      
# span 14 =     0.0000,     0.0000      
# span 15 =     0.0444,     0.5535      
# span 16 =     0.0733,     4.9502      
# span 17 =     0.0910,     4.6940      
# span 18 =     4.9457,     4.9775      
# span 19 =          0,          1      
# span 20 = 0.0000e+00, 0.0000e+00      
# interval = seconds: 0.5               
# start_time = Jun 24 2024 09:25:30 [NMEA time, header]
# bad_flag = -9.990e-29
*END*
[from data line 552]
    276.229      2.471      2.450    14.0380    14.0383   4.249098   4.246543    35.4808    35.4568     2.6475    257.750     2.6475     0.0000     0.0621     0.0000     0.2040     0.3773     3.1804     4.9756          1 0.0000e+00
    276.729      2.213      2.193    14.0385    14.0385   4.247463   4.244738    35.4652    35.4398     2.6481    257.741     2.6481     0.0000     0.0706     0.0000     0.2040     0.4196     3.1291     4.9759          1 0.0000e+00
    277.229      1.823      1.807    14.0387    14.0386   4.247690   4.233984    35.4673    35.3394     2.6470    257.476     2.6470     0.0000     4.3034     0.0000     0.1960     0.5129     2.9197     4.9766          1 0.0000e+00
    277.729      1.408      1.396    14.0392    14.0388   4.240728   4.241362    35.4021    35.4084     2.6452    257.057     2.6452     0.0000     3.0755     0.0000     0.1939     0.5698     2.4991     4.9767          1 0.0000e+00
    278.229      1.116      1.106    14.0391    14.0391   4.233868   4.192087    35.3382    34.9486     2.6449    256.903     2.6449     0.0000     0.0612     0.0000     0.1981     0.8233     2.1844     4.9768          1 0.0000e+00
    278.729      1.148      1.138    14.0390    14.0392   4.192312   4.207509    34.9508    35.0923     2.6458    257.686     2.6458     0.0000     0.0631     0.0000     0.1987     0.8251     2.2299     4.9767          1 0.0000e+00
    279.229      1.497      1.484    14.0389    14.0394   4.204140   4.211339    35.0613    35.1277     2.6468    257.971     2.6468     0.0000     0.0539     0.0000     0.1997     0.8683     2.1058     4.9733          1 0.0000e+00
    279.729      2.036      2.018    14.0392    14.0394   4.248660   4.247775    35.4759    35.4675     2.6484    257.815     2.6484     0.0000     1.2432     0.0000     0.1938     0.8680     1.5997     4.9585          1 0.0000e+00
    280.229      2.579      2.556    14.0389    14.0388   4.248679   4.247672    35.4761    35.4668     2.6494    258.077     2.6494     0.0000     0.8651     0.0000     0.1913     0.7390     2.1472     4.9690          1 0.0000e+00
    280.729      3.116      3.089    14.0385    14.0388   4.249295   4.247845    35.4820    35.4682     2.6493    257.993     2.6493     0.0000     0.8707     0.0000     0.1961     0.7289     2.6444     4.9768          1 0.0000e+00
    281.229      3.735      3.702    14.0380    14.0388   4.249410   4.248069    35.4833    35.4700     2.6490    257.787     2.6490     0.0000     4.4171     0.0000     0.1988     0.3470     3.1789     4.9757          1 0.0000e+00
    281.729      3.969      3.934    14.0388    14.0386   4.249475   4.248274    35.4830    35.4720     2.6484    257.497     2.6484     0.0000     4.9816     0.0000     0.1990     0.2515     3.2871     4.9755          1 0.0000e+00
    282.229      3.833      3.799    14.0389    14.0390   4.249024   4.247798    35.4788    35.4673     2.6493    257.576     2.6493     0.0000     0.7324     0.0000     0.2017     0.3713     3.3163     4.9758          1 0.0000e+00
    282.729      3.570      3.538    14.0387    14.0388   4.249230   4.248142    35.4810    35.4707     2.6492    257.640     2.6492     0.0000     1.6993     0.0000     0.2020     0.4296     3.2808     4.9757          1 0.0000e+00
    283.229      3.137      3.109    14.0396    14.0400   4.235629   4.240296    35.3534    35.3966     2.6489    257.830     2.6489     0.0000     4.7009     0.0000     0.2029     0.4258     3.2409     4.9756          1 0.0000e+00
    283.729      2.669      2.645    14.0395    14.0400   4.232377   4.234927    35.3233    35.3466     2.6485    257.738     2.6485     0.0000     0.8275     0.0000     0.1952     0.4224     2.0290     4.9661          1 0.0000e+00
    284.229      2.369      2.349    14.0395    14.0399   4.217959   4.236966    35.1889    35.3659     2.6476    257.698     2.6476     0.0000     0.8943     0.0000     0.1901     0.5159     1.7554     4.9649          1 0.0000e+00
    284.729      2.303      2.283    14.0395    14.0398   4.212092   4.219923    35.1343    35.2070     2.6488    257.984     2.6488     0.0000     1.7444     0.0000     0.1927     0.6471     2.2750     4.9768          1 0.0000e+00
    285.229      2.400      2.379    14.0393    14.0396   4.220064   4.243618    35.2088    35.4283     2.6488    257.996     2.6488     0.0000     0.0511     0.0000     0.1918     0.7081     2.0650     4.9728          1 0.0000e+00
    285.729      2.553      2.531    14.0389    14.0392   4.243740   4.242870    35.4300    35.4215     2.6493    257.798     2.6493     0.0000     0.0568     0.0000     0.1823     0.8583     1.7789     4.9666          1 0.0000e+00
    286.229      2.616      2.593    14.0386    14.0391   4.246228   4.243704    35.4534    35.4294     2.6509    258.054     2.6509     0.0000     0.0612     0.0000     0.1907     0.8716     2.3316     4.9745          1 0.0000e+00
    286.729      2.447      2.426    14.0391    14.0397   4.241174   4.218356    35.4059    35.1924     2.6529    258.521     2.6528     0.0000     0.5093     0.0000     0.1969     0.9439     2.5609     4.9768          1 0.0000e+00
    287.229      2.099      2.080    14.0392    14.0397   4.244258   4.228385    35.4347    35.2861     2.6537    258.723     2.6536     0.0000     3.8180     0.0000     0.1986     0.9324     3.1587     4.9756          1 0.0000e+00
    287.729      1.667      1.653    14.0395    14.0398   4.244174   4.212298    35.4339    35.1363     2.6535    258.596     2.6534     0.0000     2.0210     0.0000     0.1979     0.6120     2.9322     4.9762          1 0.0000e+00
    288.229      1.330      1.319    14.0397    14.0399   4.238941   4.238205    35.3849    35.3779     2.6529    258.288     2.6528     0.0000     0.0425     0.0000     0.1977     0.6116     2.5484     4.9768          1 0.0000e+00
    288.729      1.372      1.360    14.0398    14.0399   4.238538   4.224868    35.3811    35.2534     2.6530    258.092     2.6529     0.0000     0.0542     0.0000     0.1960     0.5174     2.3111     4.9768          1 0.0000e+00
    289.229      1.867      1.851    14.0389    14.0389   4.245835   4.240666    35.4498    35.4015     2.6545    258.254     2.6545     0.0000     0.0567     0.0000     0.1948     0.5076     2.1964     4.9767          1 0.0000e+00
    289.729      2.176      2.157    14.0387    14.0387   4.248794   4.247651    35.4776    35.4668     2.6551    258.509     2.6551     0.0000     0.0623     0.0000     0.1867     0.8040     1.7892     4.9669          1 0.0000e+00
    290.229      2.470      2.448    14.0389    14.0390   4.248916   4.247875    35.4784    35.4686     2.6559    258.725     2.6559     0.0000     0.0525     0.0000     0.1903     0.8897     2.1600     4.9702          1 0.0000e+00
    290.729      2.927      2.902    14.0388    14.0389   4.248871   4.247993    35.4778    35.4695     2.6559    258.680     2.6559     0.0000     0.0556     0.0000     0.2017     0.5710     2.9666     4.9759          1 0.0000e+00
    291.229      3.633      3.601    14.0389    14.0389   4.249276   4.248035    35.4812    35.4696     2.6557    258.528     2.6557     0.0000     0.6413     0.0000     0.2007     0.3956     3.3719     4.9758          1 0.0000e+00
    291.729      3.347      3.317    14.0397    14.0392   4.248394   4.247476    35.4724    35.4643     2.6552    258.344     2.6552     0.0000     1.7192     0.0000     0.2007     0.3526     3.6057     4.9757          1 0.0000e+00
    292.229      3.152      3.124    14.0392    14.0394   4.248029   4.245890    35.4695    35.4494     2.6539    258.024     2.6538     0.0000     0.0566     0.0000     0.2014     0.3130     3.5029     4.9756          1 0.0000e+00
    292.729      2.764      2.740    14.0392    14.0395   4.235371   4.240369    35.3514    35.3979     2.6519    257.783     2.6519     0.0000     0.0728     0.0000     0.2015     0.5300     3.0939     4.9753          1 0.0000e+00
    293.229      2.537      2.515    14.0392    14.0395   4.240711   4.239989    35.4014    35.3945     2.6513    257.473     2.6513     0.0000     1.8762     0.0000     0.1949     0.8713     1.9923     4.9735          1 0.0000e+00
    293.729      2.472      2.450    14.0394    14.0396   4.219559   4.233632    35.2038    35.3351     2.6517    257.940     2.6517     0.0000     1.8185     0.0000     0.1969     0.9814     1.2837     4.9569          1 0.0000e+00
    294.229      2.494      2.472    14.0394    14.0396   4.233752   4.225456    35.3363    35.2587     2.6529    258.169     2.6528     0.0000     0.0376     0.0000     0.1978     1.2931     0.7791     4.9457          1 0.0000e+00
    294.729      2.535      2.512    14.0393    14.0397   4.238636   4.226392    35.3820    35.2673     2.6533    258.447     2.6532     0.0000     0.0588     0.0000     0.1978     1.2808     0.6557     4.9472          1 0.0000e+00
    295.229      2.573      2.551    14.0391    14.0398   4.240994   4.221973    35.4041    35.2259     2.6532    258.411     2.6531     0.0000     3.1135     0.0000     0.1911     1.1974     0.8447     4.9488          1 0.0000e+00
    295.729      2.551      2.529    14.0393    14.0399   4.242912   4.232712    35.4219    35.3260     2.6541    258.431     2.6541     0.0000     1.8163     0.0000     0.1890     1.1851     1.5825     4.9575          1 0.0000e+00
    296.229      2.482      2.461    14.0397    14.0399   4.245432   4.239261    35.4451    35.3873     2.6542    258.348     2.6542     0.0000     4.1755     0.0000     0.1911     0.3600     2.4227     4.9684          1 0.0000e+00
    296.729      2.390      2.369    14.0392    14.0394   4.245628   4.242989    35.4474    35.4226     2.6550    258.494     2.6550     0.0000     0.0400     0.0000     0.1982     0.3504     3.1552     4.9756          1 0.0000e+00
    297.229      2.357      2.337    14.0389    14.0389   4.247483   4.246232    35.4650    35.4533     2.6566    258.757     2.6566     0.0000     0.5050     0.0000     0.1990     0.2148     3.6258     4.9756          1 0.0000e+00
    297.729      2.478      2.456    14.0390    14.0385   4.247758   4.246125    35.4674    35.4527     2.6570    258.898     2.6570     0.0000     1.5095     0.0000     0.2005     0.1958     3.6204     4.9756          1 0.0000e+00
    298.229      2.574      2.552    14.0391    14.0391   4.248177   4.241192    35.4712    35.4060     2.6580    259.048     2.6580     0.0000     0.2843     0.0000     0.2052     0.2067     3.1600     4.9758          1 0.0000e+00
    298.729      2.854      2.829    14.0394    14.0396   4.248516   4.244763    35.4740    35.4388     2.6582    258.978     2.6582     0.0000     1.5810     0.0000     0.2025     0.2103     3.4251     4.9756          1 0.0000e+00
    299.229      3.330      3.301    14.0391    14.0392   4.248776   4.247980    35.4765    35.4690     2.6583    258.892     2.6583     0.0000     0.0627     0.0000     0.2026     0.2441     3.7117     4.9756          1 0.0000e+00
    299.729      3.655      3.623    14.0387    14.0389   4.248909   4.244701    35.4780    35.4385     2.6581    258.788     2.6581     0.0000     0.0538     0.0000     0.1995     0.2650     3.9316     4.9761          1 0.0000e+00
    300.229      4.047      4.011    14.0388    14.0392   4.248422   4.247545    35.4731    35.4646     2.6580    258.693     2.6580     0.0000     0.0726     0.0000     0.1981     0.2413     4.0109     4.9757          1 0.0000e+00
    300.729      4.587      4.546    14.0389    14.0391   4.249266   4.248190    35.4807    35.4705     2.6591    258.869     2.6590     0.0000     0.5595     0.0000     0.1941     0.2166     4.2011     4.9765          1 0.0000e+00
    301.229      5.240      5.194    14.0386    14.0389   4.249391   4.248409    35.4819    35.4725     2.6601    259.152     2.6601     0.0000     1.4036     0.0000     0.1977     0.1986     4.2174     4.9762          1 0.0000e+00
    301.729      5.823      5.772    14.0386    14.0389   4.249408   4.248451    35.4818    35.4726     2.6597    259.201     2.6596     0.0000     2.9985     0.0000     0.2051     0.1685     4.2405     4.9765          1 0.0000e+00
    302.229      6.287      6.232    14.0387    14.0388   4.249595   4.248416    35.4833    35.4722     2.6593    259.027     2.6592     0.0000     4.0679     0.0000     0.2061     0.1691     4.2314     4.9765          1 0.0000e+00
    302.729      6.682      6.623    14.0387    14.0389   4.249617   4.248444    35.4833    35.4722     2.6581    258.671     2.6581     0.0000     4.2064     0.0000     0.2063     0.1710     4.2280     4.9767          1 0.0000e+00
    303.229      7.035      6.973    14.0368    14.0389   4.249482   4.248429    35.4837    35.4719     2.6577    258.503     2.6577     0.0000     4.8327     0.0000     0.2078     0.1711     4.2237     4.9766          1 0.0000e+00
    303.729      7.388      7.323    14.0305    14.0324   4.248912   4.247889    35.4840    35.4727     2.6587    258.762     2.6586     0.0000     4.5016     0.0000     0.2073     0.1734     4.2283     4.9765          1 0.0000e+00
    304.229      7.764      7.696    14.0328    14.0320   4.249152   4.247896    35.4840    35.4730     2.6577    258.795     2.6577     0.0000     4.4231     0.0000     0.2064     0.1736     4.2363     4.9768          1 0.0000e+00
    304.729      8.218      8.146    14.0341    14.0334   4.249280   4.248050    35.4838    35.4729     2.6569    258.661     2.6569     0.0000     4.1606     0.0000     0.2084     0.1641     4.2658     4.9765          1 0.0000e+00
    305.229      8.612      8.536    14.0333    14.0343   4.249241   4.248143    35.4839    35.4728     2.6571    258.603     2.6571     0.0000     4.7020     0.0000     0.2098     0.1640     4.2796     4.9765          1 0.0000e+00
    305.729      9.018      8.939    14.0343    14.0356   4.249361   4.248271    35.4839    35.4726     2.6576    258.692     2.6576     0.0000     4.8831     0.0000     0.2270     0.1590     4.2868     4.9765          1 0.0000e+00
    306.229      9.376      9.293    14.0356    14.0364   4.249496   4.248396    35.4839    35.4729     2.6588    259.085     2.6587     0.0000     4.5820     0.0000     0.2300     0.1578     4.2863     4.9764          1 0.0000e+00
    306.729      9.714      9.629    14.0388    14.0391   4.249814   4.248669    35.4838    35.4728     2.6593    259.282     2.6592     0.0000     4.6639     0.0000     0.2322     0.1576     4.2848     4.9763          1 0.0000e+00
    307.229     10.025      9.936    14.0400    14.0400   4.249956   4.248773    35.4839    35.4728     2.6594    259.307     2.6593     0.0000     4.8831     0.0000     0.2338     0.1577     4.2886     4.9767          1 0.0000e+00
    307.729     10.348     10.257    14.0404    14.0405   4.250012   4.248822    35.4839    35.4727     2.6587    259.070     2.6586     0.0000     4.4281     0.0000     0.2389     0.1571     4.2907     4.9766          1 0.0000e+00
    308.229     10.727     10.632    14.0405    14.0409   4.250039   4.248884    35.4838    35.4728     2.6585    258.905     2.6585     0.0000     4.4730     0.0000     0.2423     0.1564     4.3006     4.9764          1 0.0000e+00
    308.729     11.204     11.106    14.0406    14.0409   4.250082   4.248901    35.4840    35.4728     2.6589    258.926     2.6588     0.0000     4.5523     0.0000     0.2516     0.1575     4.2995     4.9766          1 0.0000e+00
    309.229     11.793     11.689    14.0408    14.0410   4.250130   4.248952    35.4840    35.4728     2.6584    258.941     2.6584     0.0000     4.6556     0.0000     0.2623     0.1589     4.2955     4.9767          1 0.0000e+00
    309.729     12.450     12.341    14.0386    14.0393   4.249949   4.248833    35.4841    35.4730     2.6591    259.102     2.6590     0.0000     3.9850     0.0000     0.2625     0.1581     4.3060     4.9766          1 0.0000e+00
