odissea/cruise_data/tc24015/data/ctd/ctd_tc24015_015.cnv
* Sea-Bird SBE 9 Data File:
* FileName = C:\TC_CTD_DATA\2024_CTD_Data\TC24015\TC24015_015.hdr
* Software Version Seasave V 7.26.7.121
* Temperature SN = 4023
* Conductivity SN = 4381
* Number of Bytes Per Scan = 37
* Number of Voltage Words = 4
* Number of Scans Averaged by the Deck Unit = 1
* NMEA Latitude = 52 29.98 N
* NMEA Longitude = 012 29.96 W
* NMEA UTC (Time) = Jun 24 2024  09:25:30
* NMEA baud rate = 4800
** Cruise: CE18001
** PSO: Caroline Cusack
** CTD operator:
** Technician:
** Cast No:
** Station:
** Event No:
** Sea state:
** Wind speed:
** Sounding depth
# nquan = 21
# nvalues = 5872                        
# units = specified
# name 0 = timeS: Time, Elapsed [seconds]
# name 1 = prDM: Pressure, Digiquartz [db]
# name 2 = depSM: Depth [salt water, m]
# name 3 = t090C: Temperature [ITS-90, deg C]
# name 4 = t190C: Temperature, 2 [ITS-90, deg C]
# name 5 = c0S/m: Conductivity [S/m]
# name 6 = c1S/m: Conductivity, 2 [S/m]
# name 7 = sal00: Salinity, Practical [PSU]
# name 8 = sal11: Salinity, Practical, 2 [PSU]
# name 9 = sbeox0V: Oxygen raw, SBE 43 [V]
# name 10 = sbeox0Mm/L: Oxygen, SBE 43 [umol/l]
# name 11 = v0: Voltage 0
# name 12 = v1: Voltage 1
# name 13 = v2: Voltage 2
# name 14 = v3: Voltage 3
# name 15 = v4: Voltage 4
# name 16 = v5: Voltage 5
# name 17 = v6: Voltage 6
# name 18 = v7: Voltage 7
# name 19 = pumps: Pump Status
# name 20 = flag: flag
# span 0 =      0.229,   2935.646       
# span 1 =      0.356,    544.011       
# span 2 =      0.353,    538.518       
# span 3 =    10.2688,    15.9353       
# span 4 =    10.2688,    16.0266       
# span 5 =   0.079035,   4.306866       
# span 6 =   0.089268,   4.307735       
# span 7 =     0.4747,    35.9068       
# span 8 =     0.5379,    35.9720       
# span 9 =     1.9231,     2.6684       
# span 10 =    174.911,    317.248      
# span 11 =     1.9231,     2.6684      
# span 12 =     0.0000,     0.0000      
# span 13 =     0.0376,     4.9899      
# span 14 =     0.0000,     0.0000      
# span 15 =     0.0444,     0.5535      
# span 16 =     0.0733,     4.9502      
# span 17 =     0.0910,     4.6940      
# span 18 =     4.9457,     4.9775      
# span 19 =          0,          1      
# span 20 = 0.0000e+00, 0.0000e+00      
# interval = seconds: 0.5               
# start_time = Jun 24 2024 09:25:30 [NMEA time, header]
# bad_flag = -9.990e-29
*END*
[from data line 1863]
    931.729    543.415    537.929    10.2734    10.2736   3.904851   3.903733    35.4633    35.4519     1.9248    199.152     1.9248     0.0000     0.5101     0.0000     0.0537     0.1754     4.5093     4.9768          1 0.0000e+00
    932.229    543.374    537.889    10.2732    10.2736   3.904832   3.903722    35.4635    35.4518     1.9253    199.226     1.9252     0.0000     0.5090     0.0000     0.0537     0.1752     4.5095     4.9768          1 0.0000e+00
    932.729    542.781    537.303    10.2732    10.2736   3.904811   3.903676    35.4634    35.4516     1.9249    199.148     1.9249     0.0000     0.5187     0.0000     0.0526     0.1730     4.5105     4.9768          1 0.0000e+00
    933.229    541.808    536.340    10.2738    10.2740   3.904812   3.903683    35.4633    35.4517     1.9248    199.059     1.9248     0.0000     0.5513     0.0000     0.0525     0.1729     4.5115     4.9768          1 0.0000e+00
    933.729    540.772    535.316    10.2737    10.2740   3.904775   3.903624    35.4635    35.4516     1.9244    198.865     1.9244     0.0000     0.5973     0.0000     0.0525     0.1739     4.5082     4.9768          1 0.0000e+00
    934.229    539.927    534.481    10.2735    10.2737   3.904708   3.903567    35.4634    35.4517     1.9241    198.706     1.9240     0.0000     0.6469     0.0000     0.0523     0.1738     4.5065     4.9768          1 0.0000e+00
    934.729    539.322    533.883    10.2735    10.2735   3.904691   3.903543    35.4635    35.4519     1.9234    198.564     1.9234     0.0000     0.6862     0.0000     0.0525     0.1730     4.5015     4.9768          1 0.0000e+00
    935.229    539.001    533.565    10.2735    10.2737   3.904679   3.903542    35.4635    35.4518     1.9231    198.466     1.9231     0.0000     0.7105     0.0000     0.0524     0.1725     4.5017     4.9768          1 0.0000e+00
    935.729    538.894    533.460    10.2732    10.2735   3.904662   3.903513    35.4636    35.4518     1.9233    198.525     1.9233     0.0000     0.7227     0.0000     0.0517     0.1736     4.5018     4.9768          1 0.0000e+00
    936.229    538.851    533.417    10.2730    10.2729   3.904626   3.903451    35.4635    35.4517     1.9242    198.866     1.9241     0.0000     0.7264     0.0000     0.0514     0.1740     4.5007     4.9767          1 0.0000e+00
    936.729    538.849    533.415    10.2727    10.2727   3.904603   3.903440    35.4635    35.4518     1.9243    199.060     1.9242     0.0000     0.7287     0.0000     0.0519     0.1739     4.5006     4.9768          1 0.0000e+00
    937.229    538.824    533.390    10.2726    10.2724   3.904563   3.903427    35.4633    35.4519     1.9250    199.239     1.9249     0.0000     0.7296     0.0000     0.0526     0.1738     4.5006     4.9768          1 0.0000e+00
    937.729    538.687    533.254    10.2723    10.2724   3.904540   3.903409    35.4635    35.4519     1.9257    199.362     1.9256     0.0000     0.7332     0.0000     0.0524     0.1745     4.5011     4.9767          1 0.0000e+00
    938.229    538.415    532.986    10.2725    10.2727   3.904544   3.903434    35.4633    35.4520     1.9257    199.384     1.9256     0.0000     0.7424     0.0000     0.0525     0.1751     4.5018     4.9768          1 0.0000e+00
    938.729    538.057    532.632    10.2727    10.2729   3.904552   3.903427    35.4634    35.4519     1.9259    199.313     1.9258     0.0000     0.7581     0.0000     0.0523     0.1747     4.5018     4.9768          1 0.0000e+00
    939.229    537.650    532.229    10.2728    10.2729   3.904554   3.903409    35.4635    35.4518     1.9262    199.262     1.9261     0.0000     0.7752     0.0000     0.0526     0.1732     4.5020     4.9767          1 0.0000e+00
    939.729    537.217    531.802    10.2728    10.2729   3.904523   3.903382    35.4634    35.4517     1.9257    199.083     1.9256     0.0000     0.7954     0.0000     0.0527     0.1730     4.5031     4.9768          1 0.0000e+00
    940.229    536.744    531.334    10.2729    10.2727   3.904518   3.903356    35.4635    35.4519     1.9258    199.033     1.9257     0.0000     0.8180     0.0000     0.0525     0.1754     4.5036     4.9768          1 0.0000e+00
    940.729    536.240    530.836    10.2728    10.2727   3.904474   3.903341    35.4634    35.4519     1.9259    198.986     1.9258     0.0000     0.8409     0.0000     0.0524     0.1753     4.5043     4.9768          1 0.0000e+00
    941.229    535.655    530.258    10.2726    10.2727   3.904432   3.903301    35.4634    35.4518     1.9259    199.025     1.9258     0.0000     0.8668     0.0000     0.0526     0.1752     4.5034     4.9767          1 0.0000e+00
    941.729    534.994    529.604    10.2715    10.2721   3.904307   3.903196    35.4635    35.4517     1.9258    199.032     1.9257     0.0000     0.8963     0.0000     0.0526     0.1754     4.5033     4.9768          1 0.0000e+00
    942.229    534.215    528.833    10.2711    10.2713   3.904231   3.903086    35.4635    35.4517     1.9257    198.964     1.9256     0.0000     0.9298     0.0000     0.0525     0.1750     4.5047     4.9768          1 0.0000e+00
    942.729    533.362    527.990    10.2711    10.2711   3.904185   3.903035    35.4634    35.4517     1.9256    198.859     1.9255     0.0000     0.9691     0.0000     0.0525     0.1753     4.5052     4.9766          1 0.0000e+00
    943.229    532.450    527.088    10.2713    10.2712   3.904161   3.903005    35.4634    35.4517     1.9257    198.893     1.9256     0.0000     1.0115     0.0000     0.0527     0.1744     4.5067     4.9768          1 0.0000e+00
    943.729    531.563    526.211    10.2712    10.2714   3.904114   3.902980    35.4634    35.4517     1.9262    199.023     1.9261     0.0000     1.0568     0.0000     0.0526     0.1739     4.5065     4.9768          1 0.0000e+00
    944.229    530.764    525.421    10.2714    10.2715   3.904108   3.902954    35.4635    35.4517     1.9261    199.058     1.9260     0.0000     1.0982     0.0000     0.0515     0.1749     4.5066     4.9768          1 0.0000e+00
    944.729    530.174    524.838    10.2715    10.2714   3.904079   3.902948    35.4634    35.4520     1.9265    199.106     1.9264     0.0000     1.1341     0.0000     0.0511     0.1756     4.5032     4.9768          1 0.0000e+00
    945.229    529.832    524.500    10.2713    10.2715   3.904072   3.902921    35.4637    35.4518     1.9267    199.135     1.9266     0.0000     1.1578     0.0000     0.0519     0.1747     4.5027     4.9767          1 0.0000e+00
    945.729    529.744    524.413    10.2712    10.2713   3.904050   3.902904    35.4635    35.4518     1.9270    199.172     1.9269     0.0000     1.1695     0.0000     0.0525     0.1742     4.5014     4.9768          1 0.0000e+00
    946.229    529.769    524.438    10.2709    10.2709   3.904014   3.902875    35.4635    35.4519     1.9272    199.217     1.9271     0.0000     1.1729     0.0000     0.0524     0.1733     4.5031     4.9767          1 0.0000e+00
    946.729    529.819    524.487    10.2706    10.2708   3.903996   3.902859    35.4636    35.4518     1.9277    199.297     1.9276     0.0000     1.1740     0.0000     0.0524     0.1728     4.5041     4.9768          1 0.0000e+00
    947.229    529.809    524.477    10.2704    10.2706   3.903978   3.902836    35.4636    35.4518     1.9278    199.322     1.9277     0.0000     1.1719     0.0000     0.0524     0.1726     4.5054     4.9768          1 0.0000e+00
    947.729    529.589    524.259    10.2705    10.2706   3.903957   3.902843    35.4634    35.4519     1.9280    199.309     1.9279     0.0000     1.1768     0.0000     0.0512     0.1727     4.5053     4.9768          1 0.0000e+00
    948.229    529.118    523.794    10.2707    10.2709   3.903970   3.902832    35.4635    35.4518     1.9283    199.337     1.9282     0.0000     1.1927     0.0000     0.0517     0.1727     4.5051     4.9768          1 0.0000e+00
    948.729    528.549    523.232    10.2708    10.2708   3.903944   3.902789    35.4634    35.4517     1.9285    199.325     1.9284     0.0000     1.2149     0.0000     0.0526     0.1726     4.5052     4.9768          1 0.0000e+00
    949.229    527.944    522.633    10.2706    10.2705   3.903901   3.902763    35.4634    35.4520     1.9278    199.160     1.9277     0.0000     1.2426     0.0000     0.0525     0.1725     4.5055     4.9768          1 0.0000e+00
    949.729    527.338    522.034    10.2705    10.2707   3.903882   3.902731    35.4636    35.4517     1.9276    198.987     1.9275     0.0000     1.2739     0.0000     0.0527     0.1729     4.5043     4.9768          1 0.0000e+00
    950.229    526.793    521.496    10.2705    10.2705   3.903840   3.902701    35.4635    35.4519     1.9273    198.830     1.9271     0.0000     1.3027     0.0000     0.0526     0.1726     4.5043     4.9767          1 0.0000e+00
    950.729    526.314    521.021    10.2704    10.2703   3.903805   3.902654    35.4634    35.4518     1.9274    198.837     1.9272     0.0000     1.3274     0.0000     0.0526     0.1759     4.5044     4.9768          1 0.0000e+00
    951.229    525.884    520.596    10.2703    10.2703   3.903777   3.902627    35.4634    35.4517     1.9271    198.851     1.9269     0.0000     1.3505     0.0000     0.0528     0.1760     4.5058     4.9768          1 0.0000e+00
    951.729    525.431    520.149    10.2702    10.2702   3.903753   3.902611    35.4634    35.4518     1.9270    198.879     1.9268     0.0000     1.3721     0.0000     0.0537     0.1738     4.5068     4.9768          1 0.0000e+00
    952.229    524.954    519.677    10.2701    10.2701   3.903724   3.902575    35.4634    35.4518     1.9268    198.790     1.9266     0.0000     1.3951     0.0000     0.0537     0.1727     4.5098     4.9768          1 0.0000e+00
    952.729    524.418    519.148    10.2697    10.2698   3.903651   3.902526    35.4634    35.4518     1.9266    198.764     1.9264     0.0000     1.4181     0.0000     0.0529     0.1737     4.5104     4.9768          1 0.0000e+00
    953.229    523.826    518.562    10.2700    10.2711   3.903656   3.902622    35.4634    35.4518     1.9268    198.795     1.9266     0.0000     1.4473     0.0000     0.0522     0.1741     4.5100     4.9768          1 0.0000e+00
    953.729    523.212    517.955    10.2740    10.2734   3.904014   3.902800    35.4634    35.4516     1.9273    198.938     1.9271     0.0000     1.4773     0.0000     0.0525     0.1731     4.5106     4.9768          1 0.0000e+00
    954.229    522.595    517.345    10.2763    10.2767   3.904192   3.903088    35.4632    35.4517     1.9267    198.843     1.9265     0.0000     1.5056     0.0000     0.0525     0.1727     4.5116     4.9768          1 0.0000e+00
    954.729    521.995    516.752    10.2765    10.2759   3.904199   3.902988    35.4634    35.4517     1.9266    198.754     1.9264     0.0000     1.5343     0.0000     0.0520     0.1724     4.5171     4.9768          1 0.0000e+00
    955.229    521.427    516.190    10.2782    10.2778   3.904322   3.903158    35.4633    35.4518     1.9268    198.673     1.9266     0.0000     1.5631     0.0000     0.0511     0.1724     4.5186     4.9768          1 0.0000e+00
    955.729    520.886    515.655    10.2789    10.2803   3.904376   3.903357    35.4633    35.4517     1.9273    198.815     1.9271     0.0000     1.5898     0.0000     0.0515     0.1714     4.5215     4.9768          1 0.0000e+00
    956.229    520.386    515.161    10.2822    10.2813   3.904672   3.903449    35.4633    35.4518     1.9279    199.072     1.9278     0.0000     1.6166     0.0000     0.0525     0.1690     4.5218     4.9768          1 0.0000e+00
    956.729    519.950    514.729    10.2841    10.2841   3.904818   3.903700    35.4632    35.4518     1.9290    199.359     1.9289     0.0000     1.6405     0.0000     0.0525     0.1684     4.5225     4.9768          1 0.0000e+00
    957.229    519.594    514.378    10.2832    10.2837   3.904678   3.903648    35.4628    35.4518     1.9300    199.613     1.9298     0.0000     1.6603     0.0000     0.0537     0.1673     4.5155     4.9768          1 0.0000e+00
    957.729    519.302    514.089    10.2764    10.2776   3.904068   3.903041    35.4634    35.4518     1.9309    199.816     1.9307     0.0000     1.6763     0.0000     0.0540     0.1673     4.5139     4.9768          1 0.0000e+00
    958.229    519.042    513.832    10.2750    10.2756   3.903961   3.902859    35.4637    35.4520     1.9308    199.735     1.9306     0.0000     1.6911     0.0000     0.0526     0.1678     4.5238     4.9768          1 0.0000e+00
    958.729    518.767    513.560    10.2774    10.2765   3.904156   3.902925    35.4635    35.4519     1.9315    199.644     1.9313     0.0000     1.7055     0.0000     0.0525     0.1679     4.5233     4.9768          1 0.0000e+00
    959.229    518.432    513.229    10.2779    10.2770   3.904202   3.902980    35.4637    35.4521     1.9318    199.628     1.9316     0.0000     1.7200     0.0000     0.0526     0.1677     4.5226     4.9768          1 0.0000e+00
    959.729    518.049    512.850    10.2854    10.2777   3.904873   3.903094    35.4633    35.4528     1.9315    199.452     1.9313     0.0000     1.7368     0.0000     0.0522     0.1679     4.5253     4.9768          1 0.0000e+00
    960.229    517.640    512.446    10.2860    10.2859   3.904908   3.903790    35.4633    35.4521     1.9314    199.343     1.9312     0.0000     1.7548     0.0000     0.0514     0.1687     4.5264     4.9768          1 0.0000e+00
    960.729    517.183    511.994    10.2886    10.2854   3.905144   3.903745    35.4634    35.4522     1.9313    199.160     1.9311     0.0000     1.7740     0.0000     0.0510     0.1694     4.5310     4.9768          1 0.0000e+00
    961.229    516.700    511.517    10.2910    10.2887   3.905436   3.904010    35.4642    35.4520     1.9314    199.173     1.9312     0.0000     1.7972     0.0000     0.0518     0.1697     4.5304     4.9767          1 0.0000e+00
    961.729    516.211    511.033    10.2986    10.2903   3.906130   3.904171    35.4641    35.4523     1.9321    199.333     1.9319     0.0000     1.8220     0.0000     0.0528     0.1704     4.5289     4.9768          1 0.0000e+00
    962.229    515.718    510.546    10.3018    10.3011   3.906432   3.905235    35.4642    35.4527     1.9326    199.511     1.9324     0.0000     1.8460     0.0000     0.0524     0.1700     4.5281     4.9767          1 0.0000e+00
    962.729    515.229    510.062    10.3079    10.3074   3.907018   3.905824    35.4645    35.4528     1.9338    199.771     1.9336     0.0000     1.8699     0.0000     0.0525     0.1688     4.5282     4.9768          1 0.0000e+00
    963.229    514.736    509.575    10.3147    10.3141   3.907681   3.906488    35.4648    35.4533     1.9347    199.997     1.9345     0.0000     1.8943     0.0000     0.0524     0.1678     4.5335     4.9768          1 0.0000e+00
    963.729    514.198    509.043    10.3202    10.3225   3.908177   3.907290    35.4648    35.4535     1.9358    200.200     1.9356     0.0000     1.9189     0.0000     0.0521     0.1660     4.5353     4.9767          1 0.0000e+00
    964.229    513.653    508.504    10.3234    10.3266   3.908526   3.907657    35.4654    35.4534     1.9371    200.385     1.9369     0.0000     1.9433     0.0000     0.0520     0.1651     4.5399     4.9768          1 0.0000e+00
    964.729    513.063    507.920    10.3313    10.3310   3.909225   3.908068    35.4651    35.4536     1.9390    200.683     1.9387     0.0000     1.9714     0.0000     0.0509     0.1624     4.5463     4.9767          1 0.0000e+00
    965.229    512.478    507.342    10.3344    10.3369   3.909491   3.908557    35.4650    35.4532     1.9410    201.121     1.9408     0.0000     2.0007     0.0000     0.0506     0.1624     4.5507     4.9768          1 0.0000e+00
