odissea/cruise_data/tc24015/data/ctd/ctd_tc24015_015.cnv
* Sea-Bird SBE 9 Data File:
* FileName = C:\TC_CTD_DATA\2024_CTD_Data\TC24015\TC24015_015.hdr
* Software Version Seasave V 7.26.7.121
* Temperature SN = 4023
* Conductivity SN = 4381
* Number of Bytes Per Scan = 37
* Number of Voltage Words = 4
* Number of Scans Averaged by the Deck Unit = 1
* NMEA Latitude = 52 29.98 N
* NMEA Longitude = 012 29.96 W
* NMEA UTC (Time) = Jun 24 2024  09:25:30
* NMEA baud rate = 4800
** Cruise: CE18001
** PSO: Caroline Cusack
** CTD operator:
** Technician:
** Cast No:
** Station:
** Event No:
** Sea state:
** Wind speed:
** Sounding depth
# nquan = 21
# nvalues = 5872                        
# units = specified
# name 0 = timeS: Time, Elapsed [seconds]
# name 1 = prDM: Pressure, Digiquartz [db]
# name 2 = depSM: Depth [salt water, m]
# name 3 = t090C: Temperature [ITS-90, deg C]
# name 4 = t190C: Temperature, 2 [ITS-90, deg C]
# name 5 = c0S/m: Conductivity [S/m]
# name 6 = c1S/m: Conductivity, 2 [S/m]
# name 7 = sal00: Salinity, Practical [PSU]
# name 8 = sal11: Salinity, Practical, 2 [PSU]
# name 9 = sbeox0V: Oxygen raw, SBE 43 [V]
# name 10 = sbeox0Mm/L: Oxygen, SBE 43 [umol/l]
# name 11 = v0: Voltage 0
# name 12 = v1: Voltage 1
# name 13 = v2: Voltage 2
# name 14 = v3: Voltage 3
# name 15 = v4: Voltage 4
# name 16 = v5: Voltage 5
# name 17 = v6: Voltage 6
# name 18 = v7: Voltage 7
# name 19 = pumps: Pump Status
# name 20 = flag: flag
# span 0 =      0.229,   2935.646       
# span 1 =      0.356,    544.011       
# span 2 =      0.353,    538.518       
# span 3 =    10.2688,    15.9353       
# span 4 =    10.2688,    16.0266       
# span 5 =   0.079035,   4.306866       
# span 6 =   0.089268,   4.307735       
# span 7 =     0.4747,    35.9068       
# span 8 =     0.5379,    35.9720       
# span 9 =     1.9231,     2.6684       
# span 10 =    174.911,    317.248      
# span 11 =     1.9231,     2.6684      
# span 12 =     0.0000,     0.0000      
# span 13 =     0.0376,     4.9899      
# span 14 =     0.0000,     0.0000      
# span 15 =     0.0444,     0.5535      
# span 16 =     0.0733,     4.9502      
# span 17 =     0.0910,     4.6940      
# span 18 =     4.9457,     4.9775      
# span 19 =          0,          1      
# span 20 = 0.0000e+00, 0.0000e+00      
# interval = seconds: 0.5               
# start_time = Jun 24 2024 09:25:30 [NMEA time, header]
# bad_flag = -9.990e-29
*END*
[from data line 2069]
   1034.729    506.039    500.976    10.3763    10.3768   3.912916   3.911798    35.4618    35.4500     1.9687    203.846     1.9682     0.0000     2.3473     0.0000     0.0487     0.1319     4.6667     4.9768          1 0.0000e+00
   1035.229    506.179    501.114    10.3761    10.3767   3.912880   3.911801    35.4616    35.4501     1.9682    203.763     1.9676     0.0000     2.3353     0.0000     0.0487     0.1320     4.6667     4.9768          1 0.0000e+00
   1035.729    506.113    501.049    10.3773    10.3770   3.912991   3.911822    35.4616    35.4501     1.9677    203.575     1.9671     0.0000     2.3302     0.0000     0.0488     0.1319     4.6667     4.9769          1 0.0000e+00
   1036.229    505.919    500.857    10.3781    10.3771   3.913047   3.911811    35.4614    35.4499     1.9669    203.242     1.9663     0.0000     2.3368     0.0000     0.0488     0.1319     4.6668     4.9768          1 0.0000e+00
   1036.729    505.658    500.598    10.3781    10.3769   3.913024   3.911774    35.4614    35.4499     1.9671    203.239     1.9665     0.0000     2.3465     0.0000     0.0496     0.1319     4.6668     4.9768          1 0.0000e+00
   1037.229    505.372    500.315    10.3782    10.3784   3.913033   3.911908    35.4615    35.4499     1.9670    203.287     1.9664     0.0000     2.3586     0.0000     0.0501     0.1319     4.6671     4.9768          1 0.0000e+00
   1037.729    505.153    500.099    10.3788    10.3792   3.913064   3.911958    35.4613    35.4497     1.9672    203.464     1.9666     0.0000     2.3715     0.0000     0.0502     0.1319     4.6671     4.9768          1 0.0000e+00
   1038.229    505.104    500.051    10.3789    10.3792   3.913071   3.911956    35.4613    35.4497     1.9676    203.626     1.9670     0.0000     2.3795     0.0000     0.0496     0.1319     4.6679     4.9768          1 0.0000e+00
   1038.729    505.195    500.141    10.3788    10.3790   3.913078   3.911930    35.4615    35.4497     1.9680    203.759     1.9674     0.0000     2.3803     0.0000     0.0501     0.1320     4.6680     4.9768          1 0.0000e+00
   1039.229    505.349    500.293    10.3785    10.3788   3.913051   3.911926    35.4614    35.4498     1.9682    203.831     1.9676     0.0000     2.3733     0.0000     0.0502     0.1319     4.6682     4.9768          1 0.0000e+00
   1039.729    505.574    500.516    10.3782    10.3780   3.913030   3.911859    35.4614    35.4497     1.9683    203.828     1.9678     0.0000     2.3653     0.0000     0.0497     0.1320     4.6678     4.9768          1 0.0000e+00
   1040.229    505.796    500.735    10.3780    10.3772   3.913036   3.911824    35.4615    35.4500     1.9685    203.815     1.9680     0.0000     2.3561     0.0000     0.0487     0.1319     4.6679     4.9768          1 0.0000e+00
   1040.729    505.907    500.845    10.3776    10.3774   3.913005   3.911850    35.4615    35.4500     1.9684    203.750     1.9679     0.0000     2.3472     0.0000     0.0491     0.1319     4.6676     4.9768          1 0.0000e+00
   1041.229    505.892    500.830    10.3777    10.3778   3.913004   3.911872    35.4614    35.4499     1.9684    203.718     1.9679     0.0000     2.3434     0.0000     0.0499     0.1319     4.6673     4.9768          1 0.0000e+00
   1041.729    505.843    500.781    10.3779    10.3777   3.913030   3.911867    35.4615    35.4500     1.9686    203.733     1.9681     0.0000     2.3444     0.0000     0.0500     0.1321     4.6667     4.9768          1 0.0000e+00
   1042.229    505.784    500.724    10.3782    10.3773   3.913045   3.911821    35.4615    35.4499     1.9691    203.866     1.9686     0.0000     2.3482     0.0000     0.0486     0.1343     4.6678     4.9768          1 0.0000e+00
   1042.729    505.695    500.635    10.3786    10.3775   3.913082   3.911836    35.4615    35.4499     1.9692    203.924     1.9687     0.0000     2.3498     0.0000     0.0488     0.1343     4.6680     4.9768          1 0.0000e+00
   1043.229    505.614    500.556    10.3785    10.3777   3.913068   3.911858    35.4614    35.4499     1.9688    203.844     1.9683     0.0000     2.3544     0.0000     0.0488     0.1332     4.6687     4.9768          1 0.0000e+00
   1043.729    505.572    500.514    10.3787    10.3782   3.913086   3.911888    35.4614    35.4498     1.9685    203.648     1.9680     0.0000     2.3565     0.0000     0.0489     0.1331     4.6689     4.9768          1 0.0000e+00
   1044.229    505.599    500.540    10.3785    10.3782   3.913071   3.911910    35.4614    35.4500     1.9680    203.470     1.9674     0.0000     2.3585     0.0000     0.0499     0.1321     4.6688     4.9768          1 0.0000e+00
   1044.729    505.599    500.540    10.3785    10.3782   3.913051   3.911879    35.4613    35.4497     1.9680    203.417     1.9674     0.0000     2.3577     0.0000     0.0500     0.1320     4.6689     4.9768          1 0.0000e+00
   1045.229    505.576    500.517    10.3787    10.3777   3.913080   3.911842    35.4614    35.4498     1.9679    203.487     1.9673     0.0000     2.3586     0.0000     0.0491     0.1310     4.6691     4.9768          1 0.0000e+00
   1045.729    505.589    500.530    10.3784    10.3772   3.913061   3.911803    35.4615    35.4498     1.9678    203.520     1.9672     0.0000     2.3590     0.0000     0.0488     0.1307     4.6683     4.9768          1 0.0000e+00
   1046.229    505.597    500.539    10.3783    10.3762   3.913055   3.911722    35.4615    35.4501     1.9676    203.526     1.9670     0.0000     2.3568     0.0000     0.0489     0.1306     4.6683     4.9768          1 0.0000e+00
   1046.729    505.560    500.502    10.3785    10.3754   3.913063   3.911649    35.4614    35.4501     1.9674    203.434     1.9668     0.0000     2.3570     0.0000     0.0488     0.1307     4.6685     4.9768          1 0.0000e+00
   1047.229    505.561    500.502    10.3782    10.3748   3.913027   3.911597    35.4613    35.4502     1.9676    203.499     1.9670     0.0000     2.3589     0.0000     0.0489     0.1306     4.6679     4.9768          1 0.0000e+00
   1047.729    505.625    500.566    10.3759    10.3748   3.912847   3.911612    35.4617    35.4503     1.9680    203.662     1.9674     0.0000     2.3590     0.0000     0.0488     0.1306     4.6677     4.9768          1 0.0000e+00
   1048.229    505.736    500.676    10.3746    10.3744   3.912741   3.911577    35.4618    35.4502     1.9681    203.769     1.9675     0.0000     2.3546     0.0000     0.0492     0.1311     4.6668     4.9768          1 0.0000e+00
   1048.729    505.822    500.761    10.3748    10.3728   3.912757   3.911444    35.4618    35.4505     1.9686    203.897     1.9681     0.0000     2.3494     0.0000     0.0502     0.1320     4.6665     4.9768          1 0.0000e+00
   1049.229    505.854    500.793    10.3731    10.3721   3.912613   3.911405    35.4620    35.4507     1.9686    203.896     1.9681     0.0000     2.3475     0.0000     0.0498     0.1319     4.6649     4.9768          1 0.0000e+00
   1049.729    505.876    500.814    10.3722    10.3724   3.912537   3.911440    35.4621    35.4508     1.9687    203.871     1.9682     0.0000     2.3444     0.0000     0.0501     0.1320     4.6656     4.9768          1 0.0000e+00
   1050.229    505.816    500.756    10.3753    10.3740   3.912790   3.911556    35.4616    35.4504     1.9686    203.788     1.9681     0.0000     2.3453     0.0000     0.0498     0.1320     4.6664     4.9768          1 0.0000e+00
   1050.729    505.720    500.660    10.3765    10.3734   3.912883   3.911493    35.4615    35.4504     1.9688    203.751     1.9682     0.0000     2.3496     0.0000     0.0485     0.1331     4.6665     4.9769          1 0.0000e+00
   1051.229    505.562    500.504    10.3753    10.3738   3.912774   3.911530    35.4616    35.4505     1.9688    203.746     1.9682     0.0000     2.3542     0.0000     0.0488     0.1331     4.6664     4.9768          1 0.0000e+00
   1051.729    505.344    500.288    10.3773    10.3747   3.912960   3.911592    35.4617    35.4503     1.9679    203.554     1.9673     0.0000     2.3629     0.0000     0.0488     0.1342     4.6651     4.9768          1 0.0000e+00
   1052.229    505.133    500.079    10.3794    10.3780   3.913099   3.911872    35.4611    35.4500     1.9676    203.378     1.9670     0.0000     2.3723     0.0000     0.0488     0.1343     4.6653     4.9768          1 0.0000e+00
   1052.729    504.990    499.938    10.3791    10.3786   3.913083   3.911901    35.4613    35.4498     1.9679    203.393     1.9673     0.0000     2.3813     0.0000     0.0482     0.1311     4.6654     4.9768          1 0.0000e+00
   1053.229    504.932    499.881    10.3790    10.3777   3.913082   3.911820    35.4614    35.4498     1.9680    203.539     1.9674     0.0000     2.3865     0.0000     0.0486     0.1306     4.6686     4.9768          1 0.0000e+00
   1053.729    504.980    499.928    10.3790    10.3775   3.913075   3.911806    35.4613    35.4499     1.9680    203.664     1.9674     0.0000     2.3878     0.0000     0.0498     0.1306     4.6689     4.9768          1 0.0000e+00
   1054.229    505.142    500.088    10.3778    10.3754   3.912990   3.911645    35.4615    35.4502     1.9683    203.740     1.9676     0.0000     2.3862     0.0000     0.0501     0.1306     4.6673     4.9768          1 0.0000e+00
   1054.729    505.393    500.336    10.3746    10.3749   3.912745   3.911614    35.4621    35.4503     1.9686    203.780     1.9680     0.0000     2.3752     0.0000     0.0491     0.1314     4.6672     4.9768          1 0.0000e+00
   1055.229    505.752    500.691    10.3747    10.3742   3.912767   3.911553    35.4620    35.4502     1.9681    203.722     1.9675     0.0000     2.3610     0.0000     0.0488     0.1319     4.6667     4.9768          1 0.0000e+00
   1055.729    506.119    501.054    10.3727    10.3722   3.912610   3.911398    35.4622    35.4504     1.9681    203.686     1.9675     0.0000     2.3444     0.0000     0.0493     0.1314     4.6663     4.9768          1 0.0000e+00
   1056.229    506.369    501.302    10.3696    10.3685   3.912362   3.911141    35.4626    35.4513     1.9677    203.566     1.9671     0.0000     2.3284     0.0000     0.0501     0.1306     4.6665     4.9768          1 0.0000e+00
   1056.729    506.390    501.322    10.3706    10.3726   3.912477   3.911477    35.4627    35.4507     1.9677    203.513     1.9671     0.0000     2.3208     0.0000     0.0497     0.1307     4.6666     4.9768          1 0.0000e+00
   1057.229    506.265    501.199    10.3745    10.3723   3.912749   3.911393    35.4617    35.4502     1.9681    203.644     1.9675     0.0000     2.3205     0.0000     0.0488     0.1306     4.6659     4.9768          1 0.0000e+00
   1057.729    506.059    500.995    10.3746    10.3727   3.912764   3.911458    35.4619    35.4506     1.9677    203.640     1.9671     0.0000     2.3278     0.0000     0.0487     0.1306     4.6654     4.9768          1 0.0000e+00
   1058.229    505.827    500.765    10.3759    10.3737   3.912859   3.911523    35.4617    35.4504     1.9676    203.569     1.9670     0.0000     2.3380     0.0000     0.0488     0.1306     4.6672     4.9768          1 0.0000e+00
   1058.729    505.646    500.587    10.3771    10.3772   3.912961   3.911815    35.4616    35.4500     1.9674    203.460     1.9667     0.0000     2.3498     0.0000     0.0487     0.1306     4.6676     4.9768          1 0.0000e+00
   1059.229    505.583    500.524    10.3782    10.3774   3.913029   3.911824    35.4614    35.4499     1.9677    203.487     1.9670     0.0000     2.3571     0.0000     0.0491     0.1306     4.6611     4.9768          1 0.0000e+00
   1059.729    505.659    500.599    10.3776    10.3772   3.912994   3.911794    35.4616    35.4497     1.9679    203.595     1.9672     0.0000     2.3573     0.0000     0.0487     0.1306     4.6633     4.9768          1 0.0000e+00
   1060.229    505.778    500.717    10.3770    10.3752   3.912929   3.911649    35.4615    35.4502     1.9679    203.663     1.9672     0.0000     2.3516     0.0000     0.0501     0.1306     4.6679     4.9768          1 0.0000e+00
   1060.729    505.977    500.914    10.3743    10.3741   3.912736   3.911562    35.4620    35.4503     1.9680    203.737     1.9673     0.0000     2.3447     0.0000     0.0499     0.1306     4.6682     4.9768          1 0.0000e+00
   1061.229    506.173    501.107    10.3697    10.3743   3.912354   3.911591    35.4625    35.4503     1.9684    203.822     1.9678     0.0000     2.3351     0.0000     0.0495     0.1317     4.6684     4.9768          1 0.0000e+00
   1061.729    506.291    501.225    10.3696    10.3743   3.912335   3.911607    35.4624    35.4504     1.9685    203.860     1.9679     0.0000     2.3268     0.0000     0.0489     0.1320     4.6667     4.9768          1 0.0000e+00
   1062.229    506.275    501.208    10.3716    10.3746   3.912509   3.911616    35.4622    35.4503     1.9688    203.922     1.9682     0.0000     2.3243     0.0000     0.0497     0.1309     4.6667     4.9768          1 0.0000e+00
   1062.729    506.145    501.080    10.3744    10.3746   3.912750   3.911599    35.4619    35.4501     1.9689    203.883     1.9683     0.0000     2.3260     0.0000     0.0504     0.1306     4.6667     4.9768          1 0.0000e+00
   1063.229    505.993    500.929    10.3756    10.3761   3.912838   3.911741    35.4617    35.4502     1.9685    203.750     1.9679     0.0000     2.3323     0.0000     0.0491     0.1364     4.6673     4.9768          1 0.0000e+00
   1063.729    505.870    500.808    10.3775    10.3766   3.912996   3.911781    35.4616    35.4502     1.9686    203.692     1.9680     0.0000     2.3421     0.0000     0.0489     0.1405     4.6679     4.9768          1 0.0000e+00
   1064.229    505.843    500.781    10.3782    10.3774   3.913057   3.911845    35.4614    35.4500     1.9686    203.680     1.9680     0.0000     2.3464     0.0000     0.0493     0.1365     4.6678     4.9768          1 0.0000e+00
   1064.729    505.864    500.802    10.3778    10.3768   3.913012   3.911760    35.4614    35.4497     1.9681    203.601     1.9674     0.0000     2.3466     0.0000     0.0502     0.1319     4.6679     4.9768          1 0.0000e+00
   1065.229    505.907    500.845    10.3773    10.3748   3.912976   3.911619    35.4615    35.4502     1.9683    203.594     1.9676     0.0000     2.3426     0.0000     0.0498     0.1315     4.6680     4.9768          1 0.0000e+00
   1065.729    505.950    500.887    10.3754    10.3743   3.912815   3.911582    35.4617    35.4503     1.9678    203.499     1.9671     0.0000     2.3424     0.0000     0.0487     0.1306     4.6652     4.9768          1 0.0000e+00
   1066.229    505.956    500.892    10.3750    10.3721   3.912775   3.911401    35.4617    35.4506     1.9675    203.434     1.9668     0.0000     2.3403     0.0000     0.0492     0.1310     4.6630     4.9768          1 0.0000e+00
   1066.729    505.946    500.883    10.3744    10.3709   3.912764   3.911307    35.4621    35.4508     1.9676    203.462     1.9669     0.0000     2.3424     0.0000     0.0501     0.1319     4.6682     4.9768          1 0.0000e+00
   1067.229    505.945    500.883    10.3730    10.3705   3.912614   3.911251    35.4620    35.4507     1.9678    203.578     1.9671     0.0000     2.3408     0.0000     0.0500     0.1318     4.6686     4.9768          1 0.0000e+00
   1067.729    505.984    500.920    10.3721    10.3703   3.912566   3.911262    35.4624    35.4509     1.9681    203.726     1.9674     0.0000     2.3404     0.0000     0.0487     0.1306     4.6667     4.9768          1 0.0000e+00
   1068.229    505.970    500.907    10.3718    10.3692   3.912543   3.911185    35.4625    35.4512     1.9678    203.707     1.9671     0.0000     2.3380     0.0000     0.0483     0.1307     4.6670     4.9768          1 0.0000e+00
