odissea/cruise_data/tc24015/data/ctd/ctd_tc24015_015.cnv
* Sea-Bird SBE 9 Data File:
* FileName = C:\TC_CTD_DATA\2024_CTD_Data\TC24015\TC24015_015.hdr
* Software Version Seasave V 7.26.7.121
* Temperature SN = 4023
* Conductivity SN = 4381
* Number of Bytes Per Scan = 37
* Number of Voltage Words = 4
* Number of Scans Averaged by the Deck Unit = 1
* NMEA Latitude = 52 29.98 N
* NMEA Longitude = 012 29.96 W
* NMEA UTC (Time) = Jun 24 2024  09:25:30
* NMEA baud rate = 4800
** Cruise: CE18001
** PSO: Caroline Cusack
** CTD operator:
** Technician:
** Cast No:
** Station:
** Event No:
** Sea state:
** Wind speed:
** Sounding depth
# nquan = 21
# nvalues = 5872                        
# units = specified
# name 0 = timeS: Time, Elapsed [seconds]
# name 1 = prDM: Pressure, Digiquartz [db]
# name 2 = depSM: Depth [salt water, m]
# name 3 = t090C: Temperature [ITS-90, deg C]
# name 4 = t190C: Temperature, 2 [ITS-90, deg C]
# name 5 = c0S/m: Conductivity [S/m]
# name 6 = c1S/m: Conductivity, 2 [S/m]
# name 7 = sal00: Salinity, Practical [PSU]
# name 8 = sal11: Salinity, Practical, 2 [PSU]
# name 9 = sbeox0V: Oxygen raw, SBE 43 [V]
# name 10 = sbeox0Mm/L: Oxygen, SBE 43 [umol/l]
# name 11 = v0: Voltage 0
# name 12 = v1: Voltage 1
# name 13 = v2: Voltage 2
# name 14 = v3: Voltage 3
# name 15 = v4: Voltage 4
# name 16 = v5: Voltage 5
# name 17 = v6: Voltage 6
# name 18 = v7: Voltage 7
# name 19 = pumps: Pump Status
# name 20 = flag: flag
# span 0 =      0.229,   2935.646       
# span 1 =      0.356,    544.011       
# span 2 =      0.353,    538.518       
# span 3 =    10.2688,    15.9353       
# span 4 =    10.2688,    16.0266       
# span 5 =   0.079035,   4.306866       
# span 6 =   0.089268,   4.307735       
# span 7 =     0.4747,    35.9068       
# span 8 =     0.5379,    35.9720       
# span 9 =     1.9231,     2.6684       
# span 10 =    174.911,    317.248      
# span 11 =     1.9231,     2.6684      
# span 12 =     0.0000,     0.0000      
# span 13 =     0.0376,     4.9899      
# span 14 =     0.0000,     0.0000      
# span 15 =     0.0444,     0.5535      
# span 16 =     0.0733,     4.9502      
# span 17 =     0.0910,     4.6940      
# span 18 =     4.9457,     4.9775      
# span 19 =          0,          1      
# span 20 = 0.0000e+00, 0.0000e+00      
# interval = seconds: 0.5               
# start_time = Jun 24 2024 09:25:30 [NMEA time, header]
# bad_flag = -9.990e-29
*END*
[from data line 4828]
   2414.229     61.827     61.274    11.9630    11.9580   4.052313   4.050716    35.5206    35.5096     2.4809    250.193     2.4784     0.0000     4.9514     0.0000     0.0957     0.1283     4.6568     4.9768          1 0.0000e+00
   2414.729     61.313     60.765    11.9698    11.9687   4.052834   4.051665    35.5194    35.5091     2.4803    249.965     2.4778     0.0000     4.9797     0.0000     0.1006     0.1294     4.6568     4.9768          1 0.0000e+00
   2415.229     60.930     60.386    11.9651    11.9751   4.052204   4.052198    35.5179    35.5083     2.4811    250.125     2.4786     0.0000     4.9792     0.0000     0.1010     0.1294     4.6563     4.9768          1 0.0000e+00
   2415.729     60.627     60.084    11.9261    11.9376   4.048696   4.048779    35.5208    35.5107     2.4831    250.913     2.4806     0.0000     4.9792     0.0000     0.1120     0.1294     4.6569     4.9768          1 0.0000e+00
   2416.229     60.391     59.851    11.9355    11.9401   4.049727   4.049033    35.5221    35.5110     2.4843    251.352     2.4818     0.0000     4.9792     0.0000     0.1123     0.1294     4.6549     4.9768          1 0.0000e+00
   2416.729     60.133     59.595    11.9526    11.9453   4.051321   4.049507    35.5215    35.5107     2.4855    251.568     2.4830     0.0000     4.9792     0.0000     0.1081     0.1294     4.6546     4.9768          1 0.0000e+00
   2417.229     59.820     59.285    11.9496    11.9398   4.051076   4.048999    35.5221    35.5111     2.4860    251.566     2.4835     0.0000     4.9792     0.0000     0.1075     0.1294     4.6557     4.9768          1 0.0000e+00
   2417.729     59.443     58.912    11.9394    11.9403   4.050015   4.049027    35.5217    35.5111     2.4863    251.463     2.4838     0.0000     4.9792     0.0000     0.1034     0.1313     4.6560     4.9768          1 0.0000e+00
   2418.229     58.977     58.450    11.9347    11.9501   4.049594   4.049954    35.5222    35.5110     2.4863    251.314     2.4838     0.0000     4.9792     0.0000     0.1018     0.1319     4.6569     4.9768          1 0.0000e+00
   2418.729     58.483     57.961    11.9499    11.9566   4.050913   4.050483    35.5208    35.5102     2.4866    251.147     2.4841     0.0000     4.9792     0.0000     0.1032     0.1303     4.6536     4.9768          1 0.0000e+00
   2419.229     57.997     57.479    11.9533    11.9635   4.051387   4.051165    35.5225    35.5106     2.4876    251.278     2.4851     0.0000     4.9792     0.0000     0.1033     0.1294     4.6522     4.9768          1 0.0000e+00
   2419.729     57.557     57.043    11.9819    11.9800   4.054472   4.053062    35.5256    35.5136     2.4883    251.257     2.4858     0.0000     4.6796     0.0000     0.1039     0.1288     4.6506     4.9768          1 0.0000e+00
   2420.229     57.163     56.652    12.0158    12.0436   4.057725   4.059217    35.5253    35.5134     2.4890    251.249     2.4865     0.0000     4.9826     0.0000     0.1053     0.1282     4.6504     4.9768          1 0.0000e+00
   2420.729     56.819     56.311    12.0470    12.0561   4.060547   4.060359    35.5233    35.5127     2.4893    251.067     2.4868     0.0000     4.9792     0.0000     0.1073     0.1300     4.6508     4.9768          1 0.0000e+00
   2421.229     56.449     55.945    12.0600    12.0560   4.061511   4.060281    35.5205    35.5123     2.4908    251.181     2.4883     0.0000     4.9792     0.0000     0.1098     0.1331     4.6515     4.9768          1 0.0000e+00
   2421.729     56.024     55.524    12.0659    12.0646   4.061683   4.060500    35.5168    35.5064     2.4928    251.544     2.4903     0.0000     4.9792     0.0000     0.1117     0.1325     4.6518     4.9768          1 0.0000e+00
   2422.229     55.509     55.014    12.0707    12.0692   4.062066   4.060770    35.5161    35.5049     2.4948    251.977     2.4923     0.0000     4.9792     0.0000     0.1171     0.1306     4.6463     4.9769          1 0.0000e+00
   2422.729     54.882     54.392    12.0815    12.0761   4.062768   4.061248    35.5130    35.5033     2.4977    252.467     2.4952     0.0000     4.9792     0.0000     0.1179     0.1304     4.6441     4.9767          1 0.0000e+00
   2423.229     54.211     53.727    12.1053    12.1148   4.065316   4.065268    35.5155    35.5060     2.5014    253.008     2.4989     0.0000     4.9792     0.0000     0.1229     0.1306     4.6403     4.9768          1 0.0000e+00
   2423.729     53.514     53.036    12.1771    12.1770   4.072830   4.071874    35.5208    35.5116     2.5056    253.393     2.5032     0.0000     4.8251     0.0000     0.1227     0.1305     4.6408     4.9768          1 0.0000e+00
   2424.229     52.901     52.429    12.2181    12.2046   4.077057   4.074493    35.5233    35.5111     2.5103    254.016     2.5078     0.0000     4.5600     0.0000     0.1186     0.1283     4.6410     4.9768          1 0.0000e+00
   2424.729     52.393     51.925    12.2380    12.2168   4.079295   4.076058    35.5263    35.5149     2.5154    254.714     2.5129     0.0000     4.9792     0.0000     0.1199     0.1281     4.6375     4.9768          1 0.0000e+00
   2425.229     52.005     51.541    12.2335    12.2079   4.078993   4.074395    35.5279    35.5074     2.5192    255.290     2.5167     0.0000     4.9792     0.0000     0.1237     0.1302     4.6367     4.9768          1 0.0000e+00
   2425.729     51.727     51.265    12.1884    12.1749   4.074383   4.071852    35.5260    35.5142     2.5214    255.613     2.5189     0.0000     4.9792     0.0000     0.1244     0.1306     4.6349     4.9768          1 0.0000e+00
   2426.229     51.551     51.091    12.1862    12.2008   4.074023   4.074273    35.5246    35.5132     2.5220    255.187     2.5195     0.0000     4.9554     0.0000     0.1366     0.1315     4.6361     4.9767          1 0.0000e+00
   2426.729     51.462     51.003    12.1500    12.1336   4.070252   4.067250    35.5223    35.5087     2.5222    254.850     2.5197     0.0000     4.8531     0.0000     0.1413     0.1316     4.6372     4.9768          1 0.0000e+00
   2427.229     51.452     50.993    12.1464    12.1392   4.069804   4.067893    35.5214    35.5096     2.5211    254.247     2.5186     0.0000     4.0546     0.0000     0.1338     0.1309     4.6373     4.9768          1 0.0000e+00
   2427.729     51.510     51.050    12.1157    12.1041   4.066507   4.064305    35.5184    35.5079     2.5199    253.898     2.5174     0.0000     4.9826     0.0000     0.1330     0.1305     4.6379     4.9768          1 0.0000e+00
   2428.229     51.646     51.186    12.0843    12.0809   4.063455   4.061944    35.5185    35.5069     2.5199    253.932     2.5174     0.0000     4.9792     0.0000     0.1235     0.1312     4.6394     4.9768          1 0.0000e+00
   2428.729     51.818     51.356    12.0601    12.0490   4.061281   4.059070    35.5201    35.5091     2.5202    254.223     2.5177     0.0000     4.9793     0.0000     0.1136     0.1319     4.6406     4.9768          1 0.0000e+00
   2429.229     51.963     51.499    12.0487    12.0359   4.060191   4.058058    35.5203    35.5117     2.5212    254.685     2.5187     0.0000     4.9793     0.0000     0.1148     0.1314     4.6415     4.9768          1 0.0000e+00
   2429.729     51.999     51.536    12.0472    12.0246   4.060083   4.057318    35.5207    35.5152     2.5220    254.991     2.5195     0.0000     4.9792     0.0000     0.1163     0.1306     4.6401     4.9768          1 0.0000e+00
   2430.229     51.917     51.454    12.0399    12.0216   4.059463   4.057054    35.5216    35.5155     2.5228    255.254     2.5203     0.0000     4.7939     0.0000     0.1190     0.1305     4.6398     4.9768          1 0.0000e+00
   2430.729     51.698     51.236    12.0422    12.0488   4.059711   4.059049    35.5219    35.5092     2.5228    255.207     2.5203     0.0000     4.4686     0.0000     0.1285     0.1305     4.6398     4.9768          1 0.0000e+00
   2431.229     51.407     50.948    12.0602    12.0706   4.061125   4.061041    35.5188    35.5081     2.5224    254.898     2.5199     0.0000     4.9792     0.0000     0.1291     0.1306     4.6410     4.9768          1 0.0000e+00
   2431.729     51.091     50.635    12.0817    12.0537   4.063342   4.059436    35.5200    35.5086     2.5218    254.441     2.5193     0.0000     4.9792     0.0000     0.1182     0.1306     4.6422     4.9768          1 0.0000e+00
   2432.229     50.791     50.339    12.0676    12.0540   4.061938   4.059634    35.5199    35.5104     2.5209    254.224     2.5184     0.0000     4.9793     0.0000     0.1188     0.1305     4.6450     4.9767          1 0.0000e+00
   2432.729     50.761     50.308    12.0701    12.0487   4.062224   4.059120    35.5203    35.5104     2.5201    254.024     2.5176     0.0000     4.9064     0.0000     0.1218     0.1425     4.6452     4.9768          1 0.0000e+00
   2433.229     50.605     50.153    12.0745    12.0492   4.062722   4.059190    35.5211    35.5107     2.5193    253.885     2.5168     0.0000     4.7822     0.0000     0.1215     0.1428     4.6410     4.9768          1 0.0000e+00
   2433.729     50.474     50.024    12.0719    12.0397   4.062598   4.058373    35.5224    35.5118     2.5197    254.015     2.5172     0.0000     3.9129     0.0000     0.1154     0.1324     4.6378     4.9768          1 0.0000e+00
   2434.229     50.446     49.996    12.0635    12.0622   4.061830   4.060808    35.5229    35.5142     2.5203    254.299     2.5178     0.0000     4.9828     0.0000     0.1176     0.1305     4.6337     4.9768          1 0.0000e+00
   2434.729     50.484     50.034    12.0766    12.0818   4.063230   4.062409    35.5241    35.5112     2.5211    254.557     2.5186     0.0000     4.9792     0.0000     0.1215     0.1304     4.6375     4.9768          1 0.0000e+00
   2435.229     50.535     50.084    12.1079    12.1058   4.066346   4.065024    35.5247    35.5137     2.5218    254.631     2.5193     0.0000     4.9793     0.0000     0.1228     0.1306     4.6389     4.9768          1 0.0000e+00
   2435.729     50.567     50.117    12.1246    12.1630   4.067896   4.070441    35.5239    35.5122     2.5218    254.521     2.5193     0.0000     4.9792     0.0000     0.1201     0.1297     4.6422     4.9768          1 0.0000e+00
   2436.229     50.588     50.137    12.1675    12.1927   4.072037   4.073459    35.5235    35.5133     2.5218    254.161     2.5193     0.0000     4.9792     0.0000     0.1183     0.1294     4.6404     4.9768          1 0.0000e+00
   2436.729     50.557     50.106    12.2076    12.2072   4.075801   4.074869    35.5221    35.5133     2.5212    253.678     2.5187     0.0000     4.9110     0.0000     0.1218     0.1316     4.6378     4.9768          1 0.0000e+00
   2437.229     50.515     50.065    12.2020    12.2392   4.075546   4.078761    35.5248    35.5208     2.5213    253.644     2.5188     0.0000     4.7914     0.0000     0.1261     0.1343     4.6401     4.9768          1 0.0000e+00
   2437.729     50.489     50.039    12.2194    12.2855   4.077375   4.082666    35.5262    35.5149     2.5209    253.474     2.5184     0.0000     4.9792     0.0000     0.1288     0.1328     4.6409     4.9768          1 0.0000e+00
   2438.229     50.480     50.029    12.2735    12.3182   4.082975   4.085919    35.5292    35.5155     2.5212    253.236     2.5187     0.0000     4.9793     0.0000     0.1331     0.1306     4.6359     4.9768          1 0.0000e+00
   2438.729     50.535     50.084    12.3529    12.3501   4.090092   4.088564    35.5230    35.5108     2.5214    252.871     2.5189     0.0000     4.9792     0.0000     0.1340     0.1303     4.6297     4.9768          1 0.0000e+00
   2439.229     50.714     50.261    12.2161    12.1478   4.076944   4.069524    35.5250    35.5177     2.5236    254.107     2.5211     0.0000     4.9793     0.0000     0.1370     0.1292     4.6167     4.9768          1 0.0000e+00
   2439.729     50.913     50.460    12.1417    12.1282   4.069675   4.067319    35.5248    35.5147     2.5236    254.768     2.5211     0.0000     4.9792     0.0000     0.1371     0.1297     4.6228     4.9768          1 0.0000e+00
   2440.229     51.166     50.710    12.1357    12.1291   4.069031   4.067267    35.5242    35.5132     2.5219    254.436     2.5194     0.0000     4.5553     0.0000     0.1369     0.1355     4.6264     4.9768          1 0.0000e+00
   2440.729     51.370     50.911    12.1629    12.1728   4.071995   4.071820    35.5271    35.5159     2.5223    254.002     2.5198     0.0000     4.9826     0.0000     0.1385     0.1353     4.6199     4.9768          1 0.0000e+00
   2441.229     51.464     51.005    12.1580    12.1844   4.071333   4.072835    35.5253    35.5147     2.5243    254.301     2.5218     0.0000     4.9793     0.0000     0.1355     0.1305     4.6201     4.9768          1 0.0000e+00
   2441.729     51.380     50.922    12.1577    12.1859   4.071338   4.072949    35.5257    35.5146     2.5256    254.903     2.5231     0.0000     4.9793     0.0000     0.1349     0.1305     4.6227     4.9768          1 0.0000e+00
   2442.229     51.207     50.751    12.1755    12.2025   4.073459   4.074329    35.5295    35.5123     2.5248    254.813     2.5223     0.0000     4.9793     0.0000     0.1401     0.1335     4.6240     4.9768          1 0.0000e+00
   2442.729     50.857     50.404    12.2150    12.2897   4.076900   4.083324    35.5255    35.5171     2.5249    254.296     2.5224     0.0000     4.9792     0.0000     0.1416     0.1341     4.6252     4.9768          1 0.0000e+00
   2443.229     50.494     50.043    12.2225    12.3027   4.077717   4.084379    35.5266    35.5152     2.5245    253.941     2.5220     0.0000     4.9350     0.0000     0.1358     0.1326     4.6261     4.9768          1 0.0000e+00
   2443.729     50.181     49.734    12.2271    12.2788   4.077951   4.081731    35.5247    35.5123     2.5241    253.813     2.5217     0.0000     4.8558     0.0000     0.1334     0.1319     4.6276     4.9768          1 0.0000e+00
   2444.229     49.954     49.509    12.2093    12.2491   4.076446   4.078863    35.5270    35.5127     2.5247    254.020     2.5222     0.0000     4.9792     0.0000     0.1333     0.1309     4.6325     4.9768          1 0.0000e+00
   2444.729     49.844     49.400    12.2201    12.2358   4.077389   4.077812    35.5260    35.5151     2.5252    254.123     2.5227     0.0000     4.9794     0.0000     0.1332     0.1306     4.6305     4.9768          1 0.0000e+00
   2445.229     49.872     49.427    12.2125    12.2578   4.076680   4.079958    35.5262    35.5150     2.5260    254.416     2.5235     0.0000     4.9792     0.0000     0.1329     0.1329     4.6292     4.9768          1 0.0000e+00
   2445.729     50.003     49.557    12.2284    12.2985   4.078220   4.083787    35.5261    35.5136     2.5263    254.438     2.5238     0.0000     4.9794     0.0000     0.1328     0.1355     4.6298     4.9768          1 0.0000e+00
   2446.229     50.244     49.796    12.2171    12.2971   4.077114   4.083473    35.5259    35.5118     2.5268    254.540     2.5243     0.0000     4.9793     0.0000     0.1348     0.1344     4.6295     4.9768          1 0.0000e+00
   2446.729     50.532     50.081    12.2267    12.2534   4.077990   4.079443    35.5252    35.5140     2.5273    254.547     2.5248     0.0000     4.9792     0.0000     0.1391     0.1328     4.6276     4.9768          1 0.0000e+00
   2447.229     50.847     50.394    12.1852    12.1947   4.074081   4.074044    35.5264    35.5171     2.5282    254.927     2.5258     0.0000     4.9793     0.0000     0.1411     0.1330     4.6270     4.9768          1 0.0000e+00
   2447.729     51.119     50.663    12.1651    12.1887   4.072160   4.073449    35.5267    35.5168     2.5278    255.007     2.5253     0.0000     4.9792     0.0000     0.1466     0.1339     4.6264     4.9768          1 0.0000e+00
