odissea/cruise_data/ce25007/data/ctd/ce25007_018.cnv
* Sea-Bird SBE 9 Data File:
* FileName = C:\CE_CTD_Data\2025_CTD_Data\CE25007\CE25007_018.hdr
* Software Version Seasave V 7.26.7.121
* Temperature SN = 4382
* Conductivity SN = 2796
* Number of Bytes Per Scan = 40
* Number of Voltage Words = 5
* Number of Scans Averaged by the Deck Unit = 1
* NMEA Latitude = 54 34.24 N
* NMEA Longitude = 018 21.48 W
* NMEA UTC (Time) = May 15 2025 00:17:55
* NMEA baud rate = 4800
** Cruise: CE18001
** PSO: Caroline Cusack
** CTD operator:
** Technician:
** Cast No:
** Station:
** Event No:
** Sea state:
** Wind speed:
** Sounding depth
# nquan = 21
# nvalues = 11521                       
# units = specified
# name 0 = timeS: Time, Elapsed [seconds]
# name 1 = prDM: Pressure, Digiquartz [db]
# name 2 = depSM: Depth [salt water, m]
# name 3 = t090C: Temperature [ITS-90, deg C]
# name 4 = t190C: Temperature, 2 [ITS-90, deg C]
# name 5 = c0S/m: Conductivity [S/m]
# name 6 = c1S/m: Conductivity, 2 [S/m]
# name 7 = sal00: Salinity, Practical [PSU]
# name 8 = sal11: Salinity, Practical, 2 [PSU]
# name 9 = sbeox0V: Oxygen raw, SBE 43 [V]
# name 10 = sbeox0Mm/L: Oxygen, SBE 43 [umol/l]
# name 11 = v0: Voltage 0
# name 12 = v1: Voltage 1
# name 13 = v2: Voltage 2
# name 14 = v3: Voltage 3
# name 15 = v4: Voltage 4
# name 16 = v5: Voltage 5
# name 17 = v6: Voltage 6
# name 18 = v7: Voltage 7
# name 19 = pumps: Pump Status
# name 20 = flag: flag
# span 0 =      0.229,   5760.167       
# span 1 =     -0.236,   1285.097       
# span 2 =     -0.239,   1269.655       
# span 3 =     4.6690,    14.9852       
# span 4 =     4.6697,    15.2087       
# span 5 =   0.053692,   4.341075       
# span 6 =   0.165991,   4.391383       
# span 7 =     0.3384,    36.4714       
# span 8 =     1.1240,    36.2196       
# span 9 =     1.8413,     2.8882       
# span 10 =  198.80089,  328.22748      
# span 11 =     0.0000,     0.0000      
# span 12 =     0.0000,     0.0000      
# span 13 =     1.8410,     2.8882      
# span 14 =     0.0036,     4.8058      
# span 15 =     0.1989,     5.0000      
# span 16 =     0.0000,     0.0000      
# span 17 =     0.0098,     0.4384      
# span 18 =     0.0816,     3.6610      
# span 19 =          0,          1      
# span 20 = 0.0000e+00, 0.0000e+00      
# interval = seconds: 0.5               
# start_time = May 15 2025 00:17:55 [NMEA time, header]
# bad_flag = -9.990e-29
*END*
[from data line 2483]
   1241.729    544.875    539.276    10.2256    10.2213   3.902665   3.894017    35.4880    35.4043     2.3389  246.52331     0.0000     0.0000     2.3380     4.7798     4.9963     0.0000     0.0280     0.1074          1 0.0000e+00
   1242.229    545.338    539.727    10.2219    10.2188   3.901990   3.893783    35.4846    35.4041     2.3379  246.50143     0.0000     0.0000     2.3370     4.7800     4.9963     0.0000     0.0256     0.1073          1 0.0000e+00
   1242.729    545.829    540.216    10.2182    10.2127   3.901602   3.893229    35.4841    35.4044     2.3373  246.44180     0.0000     0.0000     2.3364     4.7794     4.9963     0.0000     0.0264     0.1071          1 0.0000e+00
   1243.229    546.350    540.725    10.2139    10.2106   3.901218   3.893058    35.4841    35.4044     2.3362  246.32849     0.0000     0.0000     2.3354     4.7801     4.9963     0.0000     0.0293     0.1071          1 0.0000e+00
   1243.729    546.897    541.272    10.2119    10.2109   3.900504   3.893128    35.4785    35.4045     2.3354  246.19456     0.0000     0.0000     2.3346     4.7800     4.9962     0.0000     0.0293     0.1070          1 0.0000e+00
   1244.229    547.460    541.826    10.2111    10.2105   3.899930   3.893118    35.4733    35.4045     2.3348  246.17466     0.0000     0.0000     2.3340     4.7797     4.9962     0.0000     0.0293     0.1071          1 0.0000e+00
   1244.729    548.022    542.388    10.2100    10.2099   3.899893   3.893097    35.4736    35.4046     2.3340  246.09193     0.0000     0.0000     2.3331     4.7796     4.9963     0.0000     0.0293     0.1071          1 0.0000e+00
   1245.229    548.562    542.925    10.2092    10.2061   3.900218   3.892705    35.4774    35.4041     2.3340  246.23151     0.0000     0.0000     2.3331     4.7795     4.9963     0.0000     0.0293     0.1072          1 0.0000e+00
   1245.729    549.064    543.417    10.2086    10.2067   3.901597   3.892800    35.4918    35.4042     2.3341  246.37091     0.0000     0.0000     2.3332     4.7797     4.9963     0.0000     0.0293     0.1070          1 0.0000e+00
   1246.229    549.534    543.879    10.2081    10.2086   3.901789   3.893035    35.4939    35.4044     2.3338  246.52970     0.0000     0.0000     2.3329     4.7797     4.9961     0.0000     0.0335     0.1069          1 0.0000e+00
   1246.729    549.972    544.312    10.2096    10.2078   3.901558   3.892905    35.4898    35.4036     2.3332  246.42400     0.0000     0.0000     2.3323     4.7795     4.9963     0.0000     0.0342     0.1070          1 0.0000e+00
   1247.229    550.388    544.724    10.2076    10.2009   3.900937   3.892241    35.4853    35.4036     2.3331  246.34342     0.0000     0.0000     2.3322     4.7804     4.9962     0.0000     0.0306     0.1058          1 0.0000e+00
   1247.729    550.807    545.135    10.2037    10.2022   3.900098   3.892397    35.4805    35.4037     2.3330  246.35925     0.0000     0.0000     2.3321     4.7795     4.9962     0.0000     0.0293     0.1056          1 0.0000e+00
   1248.229    551.258    545.580    10.2022    10.2015   3.899737   3.892366    35.4781    35.4037     2.3330  246.49019     0.0000     0.0000     2.3321     4.7797     4.9963     0.0000     0.0293     0.1080          1 0.0000e+00
   1248.729    551.744    546.060    10.2027    10.2027   3.899537   3.892539    35.4752    35.4040     2.3327  246.52590     0.0000     0.0000     2.3318     4.7795     4.9962     0.0000     0.0293     0.1091          1 0.0000e+00
   1249.229    552.260    546.567    10.2025    10.2024   3.899092   3.892509    35.4706    35.4038     2.3325  246.48205     0.0000     0.0000     2.3316     4.7793     4.9963     0.0000     0.0299     0.1070          1 0.0000e+00
   1249.729    552.811    547.116    10.2014    10.2013   3.898598   3.892425    35.4664    35.4037     2.3319  246.33132     0.0000     0.0000     2.3310     4.7783     4.9963     0.0000     0.0305     0.1046          1 0.0000e+00
   1250.229    553.387    547.689    10.2000    10.1994   3.897997   3.892213    35.4614    35.4031     2.3315  246.20575     0.0000     0.0000     2.3306     4.7784     4.9963     0.0000     0.0305     0.1052          1 0.0000e+00
   1250.729    553.961    548.259    10.1981    10.1963   3.897411   3.891922    35.4571    35.4029     2.3315  246.29644     0.0000     0.0000     2.3306     4.7786     4.9964     0.0000     0.0305     0.1078          1 0.0000e+00
   1251.229    554.513    548.801    10.1957    10.1920   3.896889   3.891441    35.4539    35.4021     2.3317  246.48610     0.0000     0.0000     2.3308     4.7791     4.9963     0.0000     0.0302     0.1073          1 0.0000e+00
   1251.729    555.034    549.314    10.1921    10.1893   3.896733   3.891192    35.4556    35.4020     2.3318  246.67954     0.0000     0.0000     2.3309     4.7797     4.9963     0.0000     0.0293     0.1071          1 0.0000e+00
   1252.229    555.522    549.801    10.1894    10.1876   3.896731   3.891014    35.4580    35.4017     2.3314  246.64288     0.0000     0.0000     2.3305     4.7798     4.9962     0.0000     0.0294     0.1070          1 0.0000e+00
   1252.729    555.980    550.253    10.1882    10.1891   3.896537   3.891202    35.4569    35.4018     2.3306  246.41174     0.0000     0.0000     2.3298     4.7797     4.9963     0.0000     0.0305     0.1084          1 0.0000e+00
   1253.229    556.410    550.673    10.1887    10.1882   3.895807   3.891115    35.4488    35.4016     2.3296  246.08406     0.0000     0.0000     2.3287     4.7800     4.9964     0.0000     0.0305     0.1079          1 0.0000e+00
   1253.729    556.829    551.094    10.1881    10.1883   3.895716   3.891159    35.4482    35.4017     2.3281  245.66810     0.0000     0.0000     2.3272     4.7800     4.9962     0.0000     0.0293     0.1079          1 0.0000e+00
   1254.229    557.256    551.506    10.1885    10.1872   3.895817   3.891053    35.4487    35.4015     2.3265  245.26165     0.0000     0.0000     2.3256     4.7804     4.9962     0.0000     0.0293     0.1079          1 0.0000e+00
   1254.729    557.704    551.952    10.1876    10.1856   3.895545   3.890909    35.4466    35.4014     2.3249  244.90165     0.0000     0.0000     2.3241     4.7803     4.9963     0.0000     0.0293     0.1069          1 0.0000e+00
   1255.229    558.172    552.413    10.1865    10.1856   3.894747   3.890914    35.4392    35.4012     2.3243  244.88470     0.0000     0.0000     2.3235     4.7805     4.9963     0.0000     0.0293     0.1066          1 0.0000e+00
   1255.729    558.664    552.902    10.1849    10.1821   3.894645   3.890557    35.4396    35.4008     2.3233  244.95099     0.0000     0.0000     2.3224     4.7802     4.9963     0.0000     0.0293     0.1051          1 0.0000e+00
   1256.229    559.175    553.406    10.1824    10.1814   3.894689   3.890540    35.4423    35.4010     2.3227  245.07745     0.0000     0.0000     2.3218     4.7795     4.9962     0.0000     0.0293     0.1042          1 0.0000e+00
   1256.729    559.696    553.923    10.1816    10.1811   3.894588   3.890529    35.4418    35.4009     2.3220  245.07021     0.0000     0.0000     2.3211     4.7792     4.9963     0.0000     0.0293     0.1060          1 0.0000e+00
   1257.229    560.221    554.441    10.1812    10.1809   3.894608   3.890521    35.4421    35.4008     2.3211  244.95930     0.0000     0.0000     2.3202     4.7795     4.9963     0.0000     0.0293     0.1066          1 0.0000e+00
   1257.729    560.735    554.951    10.1807    10.1805   3.894605   3.890497    35.4423    35.4007     2.3205  244.88924     0.0000     0.0000     2.3196     4.7798     4.9962     0.0000     0.0293     0.1071          1 0.0000e+00
   1258.229    561.235    555.447    10.1805    10.1805   3.894776   3.890529    35.4440    35.4007     2.3190  244.67820     0.0000     0.0000     2.3182     4.7792     4.9962     0.0000     0.0293     0.1072          1 0.0000e+00
   1258.729    561.718    555.921    10.1807    10.1806   3.894835   3.890551    35.4441    35.4006     2.3184  244.53362     0.0000     0.0000     2.3176     4.7793     4.9963     0.0000     0.0297     0.1071          1 0.0000e+00
   1259.229    562.203    556.399    10.1809    10.1808   3.894804   3.890613    35.4434    35.4008     2.3172  244.34360     0.0000     0.0000     2.3163     4.7796     4.9963     0.0000     0.0305     0.1071          1 0.0000e+00
   1259.729    562.706    556.894    10.1807    10.1810   3.894718   3.890638    35.4425    35.4007     2.3169  244.38103     0.0000     0.0000     2.3160     4.7793     4.9963     0.0000     0.0303     0.1072          1 0.0000e+00
   1260.229    563.227    557.414    10.1805    10.1788   3.894712   3.890436    35.4423    35.4005     2.3160  244.36992     0.0000     0.0000     2.3151     4.7793     4.9963     0.0000     0.0293     0.1076          1 0.0000e+00
   1260.729    563.762    557.941    10.1782    10.1758   3.894693   3.890136    35.4442    35.4002     2.3158  244.45529     0.0000     0.0000     2.3149     4.7793     4.9961     0.0000     0.0293     0.1077          1 0.0000e+00
   1261.229    564.314    558.484    10.1767    10.1725   3.895086   3.889836    35.4494    35.4002     2.3159  244.60148     0.0000     0.0000     2.3150     4.7793     4.9963     0.0000     0.0293     0.1071          1 0.0000e+00
   1261.729    564.865    559.029    10.1746    10.1687   3.895965   3.889498    35.4602    35.4003     2.3149  244.54533     0.0000     0.0000     2.3140     4.7793     4.9963     0.0000     0.0293     0.1071          1 0.0000e+00
   1262.229    565.399    559.566    10.1762    10.1688   3.896816   3.889507    35.4669    35.4000     2.3148  244.49663     0.0000     0.0000     2.3139     4.7793     4.9963     0.0000     0.0305     0.1093          1 0.0000e+00
   1262.729    565.903    560.058    10.1785    10.1688   3.897127   3.889515    35.4675    35.3999     2.3143  244.39818     0.0000     0.0000     2.3134     4.7787     4.9962     0.0000     0.0305     0.1095          1 0.0000e+00
   1263.229    566.382    560.534    10.1768    10.1659   3.897095   3.889233    35.4687    35.3996     2.3135  244.28420     0.0000     0.0000     2.3127     4.7773     4.9963     0.0000     0.0295     0.1077          1 0.0000e+00
   1263.729    566.838    560.981    10.1688    10.1614   3.897074   3.888825    35.4763    35.3998     2.3132  244.29824     0.0000     0.0000     2.3124     4.7777     4.9963     0.0000     0.0293     0.1078          1 0.0000e+00
   1264.229    567.292    561.434    10.1654    10.1596   3.897405   3.888666    35.4827    35.3996     2.3124  244.15893     0.0000     0.0000     2.3116     4.7795     4.9963     0.0000     0.0293     0.1060          1 0.0000e+00
   1264.729    567.752    561.881    10.1637    10.1555   3.897407   3.888266    35.4843    35.3995     2.3123  244.18815     0.0000     0.0000     2.3115     4.7793     4.9963     0.0000     0.0293     0.1056          1 0.0000e+00
   1265.229    568.222    562.346    10.1596    10.1511   3.897308   3.887848    35.4871    35.3993     2.3118  244.22238     0.0000     0.0000     2.3110     4.7793     4.9963     0.0000     0.0293     0.1080          1 0.0000e+00
   1265.729    568.707    562.828    10.1550    10.1478   3.896870   3.887548    35.4870    35.3993     2.3110  244.09036     0.0000     0.0000     2.3101     4.7788     4.9963     0.0000     0.0293     0.1088          1 0.0000e+00
   1266.229    569.195    563.314    10.1488    10.1431   3.896323   3.887113    35.4875    35.3994     2.3104  244.04544     0.0000     0.0000     2.3095     4.7789     4.9964     0.0000     0.0293     0.1079          1 0.0000e+00
   1266.729    569.689    563.794    10.1456    10.1406   3.896798   3.886895    35.4951    35.3993     2.3091  243.74551     0.0000     0.0000     2.3083     4.7792     4.9963     0.0000     0.0293     0.1067          1 0.0000e+00
   1267.229    570.179    564.290    10.1432    10.1366   3.896861   3.886502    35.4979    35.3990     2.3079  243.50467     0.0000     0.0000     2.3071     4.7788     4.9963     0.0000     0.0285     0.1060          1 0.0000e+00
   1267.729    570.656    564.752    10.1405    10.1322   3.896604   3.886054    35.4978    35.3986     2.3073  243.34274     0.0000     0.0000     2.3065     4.7785     4.9963     0.0000     0.0269     0.1043          1 0.0000e+00
   1268.229    571.122    565.212    10.1361    10.1291   3.896434   3.885748    35.5002    35.3983     2.3066  243.39537     0.0000     0.0000     2.3058     4.7781     4.9963     0.0000     0.0279     0.1055          1 0.0000e+00
   1268.729    571.588    565.680    10.1314    10.1272   3.896184   3.885569    35.5021    35.3981     2.3061  243.47496     0.0000     0.0000     2.3053     4.7786     4.9964     0.0000     0.0305     0.1093          1 0.0000e+00
   1269.229    572.051    566.131    10.1282    10.1219   3.896008   3.885041    35.5032    35.3978     2.3063  243.71623     0.0000     0.0000     2.3055     4.7783     4.9963     0.0000     0.0304     0.1093          1 0.0000e+00
   1269.729    572.519    566.597    10.1234    10.1195   3.895308   3.884823    35.5007    35.3976     2.3057  243.75438     0.0000     0.0000     2.3049     4.7792     4.9963     0.0000     0.0293     0.1092          1 0.0000e+00
   1270.229    572.995    567.064    10.1200    10.1187   3.894694   3.884770    35.4975    35.3976     2.3049  243.66845     0.0000     0.0000     2.3040     4.7797     4.9963     0.0000     0.0293     0.1092          1 0.0000e+00
   1270.729    573.488    567.550    10.1186    10.1160   3.893713   3.884491    35.4886    35.3973     2.3044  243.49877     0.0000     0.0000     2.3035     4.7789     4.9964     0.0000     0.0293     0.1071          1 0.0000e+00
   1271.229    573.987    568.044    10.1151    10.1115   3.892504   3.884062    35.4795    35.3971     2.3040  243.45860     0.0000     0.0000     2.3031     4.7786     4.9963     0.0000     0.0293     0.1071          1 0.0000e+00
   1271.729    574.499    568.552    10.1108    10.1048   3.891628   3.883414    35.4746    35.3968     2.3048  243.82485     0.0000     0.0000     2.3039     4.7765     4.9963     0.0000     0.0324     0.1088          1 0.0000e+00
   1272.229    575.027    569.075    10.1054    10.1010   3.891410   3.883036    35.4775    35.3966     2.3049  244.12157     0.0000     0.0000     2.3040     4.7778     4.9962     0.0000     0.0325     0.1092          1 0.0000e+00
   1272.729    575.568    569.610    10.1019    10.0977   3.891485   3.882729    35.4814    35.3964     2.3046  244.17822     0.0000     0.0000     2.3037     4.7787     4.9963     0.0000     0.0275     0.1074          1 0.0000e+00
   1273.229    576.115    570.147    10.0978    10.0931   3.891012   3.882290    35.4804    35.3961     2.3041  243.99030     0.0000     0.0000     2.3032     4.7786     4.9963     0.0000     0.0256     0.1073          1 0.0000e+00
   1273.729    576.667    570.699    10.0933    10.0894   3.889789   3.881939    35.4721    35.3959     2.3044  243.99270     0.0000     0.0000     2.3035     4.7782     4.9962     0.0000     0.0279     0.1069          1 0.0000e+00
   1274.229    577.202    571.225    10.0893    10.0870   3.889338   3.881710    35.4712    35.3956     2.3036  243.88190     0.0000     0.0000     2.3027     4.7780     4.9963     0.0000     0.0293     0.1069          1 0.0000e+00
   1274.729    577.715    571.734    10.0873    10.0857   3.889625   3.881599    35.4759    35.3956     2.3036  243.90040     0.0000     0.0000     2.3027     4.7779     4.9962     0.0000     0.0293     0.1071          1 0.0000e+00
   1275.229    578.195    572.209    10.0862    10.0841   3.889739   3.881440    35.4777    35.3952     2.3037  243.93879     0.0000     0.0000     2.3028     4.7781     4.9963     0.0000     0.0293     0.1077          1 0.0000e+00
