odissea/cruise_data/ce25007/data/ctd/ce25007_004.cnv
* Sea-Bird SBE 9 Data File:
* FileName = C:\CE_CTD_Data\2025_CTD_Data\CE25007\CE25007_004.hdr
* Software Version Seasave V 7.26.7.121
* Temperature SN = 4382
* Conductivity SN = 2796
* Number of Bytes Per Scan = 40
* Number of Voltage Words = 5
* Number of Scans Averaged by the Deck Unit = 1
* NMEA Latitude = 52 59.89 N
* NMEA Longitude = 014 59.47 W
* NMEA UTC (Time) = May 10 2025 00:26:49
* NMEA baud rate = 4800
** Cruise: CE18001
** PSO: Caroline Cusack
** CTD operator:
** Technician:
** Cast No:
** Station:
** Event No:
** Sea state:
** Wind speed:
** Sounding depth
# nquan = 21
# nvalues = 10724                       
# units = specified
# name 0 = timeS: Time, Elapsed [seconds]
# name 1 = prDM: Pressure, Digiquartz [db]
# name 2 = depSM: Depth [salt water, m]
# name 3 = t090C: Temperature [ITS-90, deg C]
# name 4 = t190C: Temperature, 2 [ITS-90, deg C]
# name 5 = c0S/m: Conductivity [S/m]
# name 6 = c1S/m: Conductivity, 2 [S/m]
# name 7 = sal00: Salinity, Practical [PSU]
# name 8 = sal11: Salinity, Practical, 2 [PSU]
# name 9 = sbeox0V: Oxygen raw, SBE 43 [V]
# name 10 = sbeox0Mm/L: Oxygen, SBE 43 [umol/l]
# name 11 = v0: Voltage 0
# name 12 = v1: Voltage 1
# name 13 = v2: Voltage 2
# name 14 = v3: Voltage 3
# name 15 = v4: Voltage 4
# name 16 = v5: Voltage 5
# name 17 = v6: Voltage 6
# name 18 = v7: Voltage 7
# name 19 = pumps: Pump Status
# name 20 = flag: flag
# span 0 =      0.229,   5361.729       
# span 1 =     -0.337,   1521.300       
# span 2 =     -0.341,   1502.387       
# span 3 =     4.3031,    13.7347       
# span 4 =     4.3037,    13.6824       
# span 5 =   0.004012,   4.205372       
# span 6 =   0.039665,   4.203023       
# span 7 =     0.0273,    35.8222       
# span 8 =     0.2469,    35.7050       
# span 9 =     1.8131,     3.2591       
# span 10 =  186.61850,  337.65174      
# span 11 =     0.0000,     0.0000      
# span 12 =     0.0000,     0.0000      
# span 13 =     1.8130,     3.2591      
# span 14 =     0.0036,     4.8409      
# span 15 =     0.4039,     4.9988      
# span 16 =     0.0000,     0.0000      
# span 17 =     0.0195,     0.1147      
# span 18 =     0.0946,     2.7195      
# span 19 =          0,          1      
# span 20 = 0.0000e+00, 0.0000e+00      
# interval = seconds: 0.5               
# start_time = May 10 2025 00:26:49 [NMEA time, header]
# bad_flag = -9.990e-29
*END*
[from data line 3587]
   1793.729   1118.518   1105.659     6.1647     6.1654   3.513948   3.514660    35.1447    35.1520     1.8963  222.67564     0.0000     0.0000     1.8938     4.7498     4.9939     0.0000     0.0293     0.1052          1 0.0000e+00
   1794.229   1119.065   1106.201     6.1588     6.1589   3.513376   3.514006    35.1441    35.1511     1.8968  222.62179     0.0000     0.0000     1.8943     4.7499     4.9939     0.0000     0.0293     0.1056          1 0.0000e+00
   1794.729   1119.569   1106.693     6.1567     6.1562   3.513177   3.513730    35.1436    35.1503     1.8973  222.73585     0.0000     0.0000     1.8948     4.7501     4.9939     0.0000     0.0293     0.1073          1 0.0000e+00
   1795.229   1120.017   1107.141     6.1542     6.1531   3.512927   3.513408    35.1431    35.1496     1.8974  222.90101     0.0000     0.0000     1.8949     4.7498     4.9939     0.0000     0.0293     0.1068          1 0.0000e+00
   1795.729   1120.398   1107.510     6.1485     6.1490   3.512334   3.513000    35.1421    35.1490     1.8975  222.90533     0.0000     0.0000     1.8950     4.7500     4.9940     0.0000     0.0293     0.1056          1 0.0000e+00
   1796.229   1120.718   1107.831     6.1426     6.1424   3.511728   3.512324    35.1412    35.1481     1.8978  222.84123     0.0000     0.0000     1.8953     4.7498     4.9939     0.0000     0.0293     0.1052          1 0.0000e+00
   1796.729   1120.995   1108.095     6.1390     6.1385   3.511375   3.511940    35.1408    35.1476     1.8987  223.13221     0.0000     0.0000     1.8962     4.7492     4.9939     0.0000     0.0293     0.1055          1 0.0000e+00
   1797.229   1121.273   1108.365     6.1346     6.1346   3.510961   3.511555    35.1404    35.1471     1.8995  223.52474     0.0000     0.0000     1.8969     4.7495     4.9939     0.0000     0.0293     0.1057          1 0.0000e+00
   1797.729   1121.582   1108.676     6.1313     6.1316   3.510623   3.511275    35.1398    35.1468     1.9001  223.85450     0.0000     0.0000     1.8975     4.7492     4.9938     0.0000     0.0303     0.1070          1 0.0000e+00
   1798.229   1121.926   1109.011     6.1256     6.1256   3.510081   3.510697    35.1394    35.1464     1.9007  223.97711     0.0000     0.0000     1.8982     4.7491     4.9939     0.0000     0.0305     0.1074          1 0.0000e+00
   1798.729   1122.301   1109.385     6.1149     6.1153   3.509031   3.509708    35.1386    35.1458     1.9013  224.08205     0.0000     0.0000     1.8988     4.7490     4.9940     0.0000     0.0305     0.1078          1 0.0000e+00
   1799.229   1122.705   1109.778     6.1114     6.1112   3.508679   3.509258    35.1381    35.1447     1.9019  224.12233     0.0000     0.0000     1.8994     4.7491     4.9938     0.0000     0.0305     0.1083          1 0.0000e+00
   1799.729   1123.149   1110.211     6.1100     6.1098   3.508558   3.509131    35.1378    35.1443     1.9022  224.17098     0.0000     0.0000     1.8996     4.7488     4.9939     0.0000     0.0321     0.1078          1 0.0000e+00
   1800.229   1123.650   1110.713     6.1066     6.1065   3.508246   3.508845    35.1375    35.1442     1.9022  224.02402     0.0000     0.0000     1.8996     4.7488     4.9939     0.0000     0.0330     0.1071          1 0.0000e+00
   1800.729   1124.201   1111.249     6.1039     6.1036   3.508011   3.508568    35.1372    35.1438     1.9015  223.70840     0.0000     0.0000     1.8990     4.7490     4.9939     0.0000     0.0309     0.1062          1 0.0000e+00
   1801.229   1124.800   1111.851     6.0944     6.0948   3.507039   3.507731    35.1359    35.1433     1.9020  223.56045     0.0000     0.0000     1.8994     4.7490     4.9939     0.0000     0.0293     0.1055          1 0.0000e+00
   1801.729   1125.418   1112.457     6.0839     6.0846   3.506018   3.506728    35.1351    35.1423     1.9024  223.86588     0.0000     0.0000     1.8998     4.7484     4.9938     0.0000     0.0293     0.1064          1 0.0000e+00
   1802.229   1126.050   1113.077     6.0742     6.0769   3.505054   3.505945    35.1341    35.1413     1.9025  224.13288     0.0000     0.0000     1.8999     4.7483     4.9939     0.0000     0.0293     0.1078          1 0.0000e+00
   1802.729   1126.699   1113.722     6.0691     6.0710   3.504532   3.505358    35.1332    35.1404     1.9026  224.32166     0.0000     0.0000     1.9000     4.7478     4.9939     0.0000     0.0301     0.1077          1 0.0000e+00
   1803.229   1127.346   1114.362     6.0663     6.0655   3.504273   3.504787    35.1327    35.1393     1.9029  224.25559     0.0000     0.0000     1.9003     4.7483     4.9938     0.0000     0.0330     0.1080          1 0.0000e+00
   1803.729   1127.942   1114.956     6.0617     6.0619   3.503782   3.504418    35.1316    35.1386     1.9026  224.23426     0.0000     0.0000     1.9000     4.7480     4.9939     0.0000     0.0325     0.1080          1 0.0000e+00
   1804.229   1128.447   1115.450     6.0573     6.0571   3.503345   3.503935    35.1310    35.1377     1.9028  224.27056     0.0000     0.0000     1.9002     4.7487     4.9939     0.0000     0.0293     0.1079          1 0.0000e+00
   1804.729   1128.851   1115.853     6.0571     6.0559   3.503329   3.503787    35.1307    35.1370     1.9034  224.37919     0.0000     0.0000     1.9008     4.7476     4.9939     0.0000     0.0293     0.1080          1 0.0000e+00
   1805.229   1129.132   1116.128     6.0547     6.0537   3.503124   3.503549    35.1306    35.1364     1.9036  224.55554     0.0000     0.0000     1.9010     4.7479     4.9938     0.0000     0.0305     0.1082          1 0.0000e+00
   1805.729   1129.317   1116.310     6.0563     6.0549   3.503283   3.503655    35.1304    35.1360     1.9040  224.78834     0.0000     0.0000     1.9014     4.7479     4.9939     0.0000     0.0305     0.1083          1 0.0000e+00
   1806.229   1129.440   1116.414     6.0571     6.0562   3.503326   3.503741    35.1299    35.1354     1.9052  225.10559     0.0000     0.0000     1.9025     4.7479     4.9939     0.0000     0.0294     0.1077          1 0.0000e+00
   1806.729   1129.581   1116.557     6.0541     6.0555   3.503075   3.503698    35.1300    35.1355     1.9057  225.34113     0.0000     0.0000     1.9030     4.7475     4.9939     0.0000     0.0293     0.1077          1 0.0000e+00
   1807.229   1129.789   1116.758     6.0532     6.0545   3.502927   3.503662    35.1292    35.1360     1.9060  225.43986     0.0000     0.0000     1.9033     4.7475     4.9939     0.0000     0.0293     0.1061          1 0.0000e+00
   1807.729   1130.100   1117.064     6.0536     6.0529   3.503011   3.503515    35.1294    35.1358     1.9064  225.36704     0.0000     0.0000     1.9037     4.7478     4.9939     0.0000     0.0293     0.1055          1 0.0000e+00
   1808.229   1130.504   1117.466     6.0528     6.0528   3.502936   3.503518    35.1291    35.1356     1.9063  225.09800     0.0000     0.0000     1.9036     4.7477     4.9939     0.0000     0.0301     0.1056          1 0.0000e+00
   1808.729   1131.004   1117.950     6.0531     6.0532   3.502991   3.503574    35.1291    35.1355     1.9068  225.10950     0.0000     0.0000     1.9042     4.7476     4.9939     0.0000     0.0305     0.1055          1 0.0000e+00
   1809.229   1131.589   1118.541     6.0537     6.0535   3.503091   3.503643    35.1292    35.1355     1.9064  224.98775     0.0000     0.0000     1.9037     4.7475     4.9938     0.0000     0.0299     0.1062          1 0.0000e+00
   1809.729   1132.239   1119.172     6.0522     6.0523   3.502966   3.503554    35.1289    35.1354     1.9065  225.01308     0.0000     0.0000     1.9038     4.7474     4.9938     0.0000     0.0293     0.1070          1 0.0000e+00
   1810.229   1132.980   1119.904     6.0506     6.0501   3.502831   3.503341    35.1286    35.1349     1.9067  225.05985     0.0000     0.0000     1.9041     4.7472     4.9939     0.0000     0.0293     0.1065          1 0.0000e+00
   1810.729   1133.766   1120.692     6.0463     6.0464   3.502418   3.503006    35.1282    35.1346     1.9062  224.90741     0.0000     0.0000     1.9035     4.7474     4.9940     0.0000     0.0293     0.1054          1 0.0000e+00
   1811.229   1134.533   1121.441     6.0445     6.0445   3.502285   3.502842    35.1281    35.1343     1.9059  224.74332     0.0000     0.0000     1.9032     4.7473     4.9939     0.0000     0.0288     0.1057          1 0.0000e+00
   1811.729   1135.283   1122.188     6.0420     6.0420   3.502057   3.502653    35.1277    35.1343     1.9064  224.84574     0.0000     0.0000     1.9037     4.7470     4.9937     0.0000     0.0270     0.1059          1 0.0000e+00
   1812.229   1136.007   1122.898     6.0353     6.0349   3.501402   3.501971    35.1270    35.1338     1.9063  225.06931     0.0000     0.0000     1.9036     4.7471     4.9939     0.0000     0.0274     0.1063          1 0.0000e+00
   1812.729   1136.699   1123.581     6.0272     6.0275   3.500624   3.501250    35.1264    35.1331     1.9059  225.10746     0.0000     0.0000     1.9032     4.7465     4.9940     0.0000     0.0305     0.1097          1 0.0000e+00
   1813.229   1137.348   1124.231     6.0229     6.0230   3.500197   3.500807    35.1258    35.1325     1.9058  225.06109     0.0000     0.0000     1.9031     4.7467     4.9940     0.0000     0.0305     0.1093          1 0.0000e+00
   1813.729   1137.903   1124.769     6.0140     6.0139   3.499306   3.499927    35.1249    35.1319     1.9056  224.93221     0.0000     0.0000     1.9029     4.7469     4.9940     0.0000     0.0293     0.1080          1 0.0000e+00
   1814.229   1138.358   1125.225     6.0087     6.0090   3.498810   3.499416    35.1246    35.1310     1.9054  224.98946     0.0000     0.0000     1.9027     4.7469     4.9939     0.0000     0.0293     0.1079          1 0.0000e+00
   1814.729   1138.700   1125.560     6.0055     6.0051   3.498522   3.499042    35.1244    35.1307     1.9052  224.92762     0.0000     0.0000     1.9025     4.7464     4.9938     0.0000     0.0293     0.1099          1 0.0000e+00
   1815.229   1138.938   1125.793     6.0027     6.0003   3.498251   3.498575    35.1242    35.1302     1.9056  225.12889     0.0000     0.0000     1.9029     4.7465     4.9939     0.0000     0.0293     0.1106          1 0.0000e+00
   1815.729   1139.098   1125.944     5.9997     5.9982   3.498067   3.498380    35.1250    35.1301     1.9058  225.34985     0.0000     0.0000     1.9031     4.7464     4.9939     0.0000     0.0303     0.1066          1 0.0000e+00
   1816.229   1139.228   1126.072     6.0120     5.9973   3.498919   3.498283    35.1214    35.1299     1.9067  225.68466     0.0000     0.0000     1.9040     4.7466     4.9938     0.0000     0.0305     0.1055          1 0.0000e+00
   1816.729   1139.377   1126.211     5.9999     5.9960   3.497949   3.498132    35.1232    35.1293     1.9068  225.91546     0.0000     0.0000     1.9041     4.7463     4.9939     0.0000     0.0305     0.1072          1 0.0000e+00
   1817.229   1139.576   1126.407     5.9922     5.9930   3.497164   3.497819    35.1223    35.1288     1.9072  226.02689     0.0000     0.0000     1.9045     4.7459     4.9939     0.0000     0.0305     0.1083          1 0.0000e+00
   1817.729   1139.833   1126.664     5.9863     5.9865   3.496587   3.497212    35.1219    35.1286     1.9080  226.23590     0.0000     0.0000     1.9053     4.7457     4.9939     0.0000     0.0300     0.1063          1 0.0000e+00
   1818.229   1140.174   1126.994     5.9830     5.9830   3.496318   3.496889    35.1220    35.1284     1.9085  226.37929     0.0000     0.0000     1.9058     4.7457     4.9939     0.0000     0.0293     0.1041          1 0.0000e+00
   1818.729   1140.590   1127.408     5.9808     5.9807   3.496125   3.496688    35.1219    35.1283     1.9087  226.47217     0.0000     0.0000     1.9060     4.7461     4.9939     0.0000     0.0293     0.1058          1 0.0000e+00
   1819.229   1141.081   1127.890     5.9780     5.9778   3.495872   3.496425    35.1217    35.1281     1.9087  226.33284     0.0000     0.0000     1.9060     4.7458     4.9938     0.0000     0.0293     0.1077          1 0.0000e+00
   1819.729   1141.649   1128.455     5.9766     5.9764   3.495764   3.496319    35.1216    35.1280     1.9084  226.02364     0.0000     0.0000     1.9057     4.7453     4.9939     0.0000     0.0283     0.1076          1 0.0000e+00
   1820.229   1142.259   1129.053     5.9731     5.9731   3.495435   3.496019    35.1211    35.1277     1.9088  226.01025     0.0000     0.0000     1.9061     4.7459     4.9939     0.0000     0.0256     0.1072          1 0.0000e+00
   1820.729   1142.929   1129.712     5.9693     5.9689   3.495084   3.495657    35.1209    35.1276     1.9091  226.20474     0.0000     0.0000     1.9064     4.7457     4.9939     0.0000     0.0263     0.1069          1 0.0000e+00
   1821.229   1143.666   1130.440     5.9661     5.9659   3.494807   3.495373    35.1207    35.1272     1.9098  226.58435     0.0000     0.0000     1.9070     4.7454     4.9940     0.0000     0.0305     0.1043          1 0.0000e+00
   1821.729   1144.406   1131.179     5.9634     5.9631   3.494561   3.495128    35.1203    35.1269     1.9098  226.66734     0.0000     0.0000     1.9070     4.7447     4.9939     0.0000     0.0306     0.1048          1 0.0000e+00
   1822.229   1145.132   1131.898     5.9582     5.9581   3.494092   3.494659    35.1201    35.1265     1.9099  226.65535     0.0000     0.0000     1.9071     4.7450     4.9939     0.0000     0.0342     0.1076          1 0.0000e+00
   1822.729   1145.831   1132.582     5.9434     5.9436   3.492627   3.493297    35.1188    35.1261     1.9099  226.61322     0.0000     0.0000     1.9071     4.7450     4.9939     0.0000     0.0342     0.1077          1 0.0000e+00
   1823.229   1146.497   1133.243     5.9236     5.9233   3.490646   3.491293    35.1171    35.1247     1.9098  226.64269     0.0000     0.0000     1.9070     4.7446     4.9939     0.0000     0.0310     0.1071          1 0.0000e+00
   1823.729   1147.115   1133.852     5.9023     5.9023   3.488509   3.489144    35.1152    35.1222     1.9090  226.44263     0.0000     0.0000     1.9062     4.7443     4.9939     0.0000     0.0305     0.1071          1 0.0000e+00
   1824.229   1147.645   1134.374     5.8971     5.8969   3.487962   3.488559    35.1141    35.1209     1.9090  226.35637     0.0000     0.0000     1.9062     4.7446     4.9938     0.0000     0.0296     0.1074          1 0.0000e+00
   1824.729   1148.098   1134.822     5.8897     5.8894   3.487216   3.487791    35.1131    35.1199     1.9088  226.32464     0.0000     0.0000     1.9060     4.7445     4.9939     0.0000     0.0293     0.1080          1 0.0000e+00
   1825.229   1148.474   1135.191     5.8853     5.8855   3.486797   3.487385    35.1127    35.1191     1.9089  226.53479     0.0000     0.0000     1.9061     4.7448     4.9939     0.0000     0.0301     0.1072          1 0.0000e+00
   1825.729   1148.787   1135.492     5.8819     5.8820   3.486461   3.487032    35.1121    35.1185     1.9094  226.84340     0.0000     0.0000     1.9066     4.7443     4.9939     0.0000     0.0305     0.1071          1 0.0000e+00
   1826.229   1149.062   1135.772     5.8809     5.8805   3.486361   3.486889    35.1118    35.1182     1.9100  227.26537     0.0000     0.0000     1.9072     4.7436     4.9939     0.0000     0.0299     0.1060          1 0.0000e+00
   1826.729   1149.339   1136.029     5.8800     5.8797   3.486241   3.486798    35.1112    35.1177     1.9111  227.75916     0.0000     0.0000     1.9083     4.7443     4.9940     0.0000     0.0293     0.1055          1 0.0000e+00
   1827.229   1149.660   1136.353     5.8798     5.8789   3.486257   3.486743    35.1112    35.1175     1.9122  228.21700     0.0000     0.0000     1.9093     4.7442     4.9939     0.0000     0.0293     0.1053          1 0.0000e+00
