odissea/cruise_data/ce25007/data/ctd/ce25007_022.cnv
* Sea-Bird SBE 9 Data File:
* FileName = C:\CE_CTD_Data\2025_CTD_Data\CE25007\CE25007_022.hdr
* Software Version Seasave V 7.26.7.121
* Temperature SN = 4382
* Conductivity SN = 2796
* Number of Bytes Per Scan = 40
* Number of Voltage Words = 5
* Number of Scans Averaged by the Deck Unit = 1
* NMEA Latitude = 54 30.67 N
* NMEA Longitude = 020 15.92 W
* NMEA UTC (Time) = May 15 2025 16:37:31
* NMEA baud rate = 4800
** Cruise: CE18001
** PSO: Caroline Cusack
** CTD operator:
** Technician:
** Cast No:
** Station:
** Event No:
** Sea state:
** Wind speed:
** Sounding depth
# nquan = 21
# nvalues = 15683                       
# units = specified
# name 0 = timeS: Time, Elapsed [seconds]
# name 1 = prDM: Pressure, Digiquartz [db]
# name 2 = depSM: Depth [salt water, m]
# name 3 = t090C: Temperature [ITS-90, deg C]
# name 4 = t190C: Temperature, 2 [ITS-90, deg C]
# name 5 = c0S/m: Conductivity [S/m]
# name 6 = c1S/m: Conductivity, 2 [S/m]
# name 7 = sal00: Salinity, Practical [PSU]
# name 8 = sal11: Salinity, Practical, 2 [PSU]
# name 9 = sbeox0V: Oxygen raw, SBE 43 [V]
# name 10 = sbeox0Mm/L: Oxygen, SBE 43 [umol/l]
# name 11 = v0: Voltage 0
# name 12 = v1: Voltage 1
# name 13 = v2: Voltage 2
# name 14 = v3: Voltage 3
# name 15 = v4: Voltage 4
# name 16 = v5: Voltage 5
# name 17 = v6: Voltage 6
# name 18 = v7: Voltage 7
# name 19 = pumps: Pump Status
# name 20 = flag: flag
# span 0 =      0.229,   7841.229       
# span 1 =     -0.334,   2133.045       
# span 2 =     -0.374,   2103.207       
# span 3 =     3.4580,    16.0966       
# span 4 =     3.4589,    16.1904       
# span 5 =   0.005809,   4.047522       
# span 6 =   0.012970,   4.045767       
# span 7 =     0.0374,    35.5461       
# span 8 =     0.0758,    35.5491       
# span 9 =     1.8694,     2.8867       
# span 10 =  201.72060,  351.13776      
# span 11 =     0.0000,     0.0000      
# span 12 =     0.0000,     0.0000      
# span 13 =     1.8595,     2.8802      
# span 14 =     0.0033,     4.8892      
# span 15 =     0.0468,     5.0000      
# span 16 =     0.0000,     0.0000      
# span 17 =     0.0061,     0.3730      
# span 18 =     0.0085,     1.9315      
# span 19 =          0,          1      
# span 20 = 0.0000e+00, 0.0000e+00      
# interval = seconds: 0.5               
# start_time = May 15 2025 16:37:31 [NMEA time, header]
# bad_flag = -9.990e-29
*END*
[from data line 4966]
   2483.229   2048.266   2019.998     3.5104     3.5107   3.294232   3.294758    34.9307    34.9366     1.8893  267.52258     0.0000     0.0000     1.8803     4.6529     4.4373     0.0000     0.0305     0.1070          1 0.0000e+00
   2483.729   2048.638   2020.362     3.5104     3.5107   3.294238   3.294769    34.9306    34.9366     1.8890  267.44328     0.0000     0.0000     1.8800     4.6528     4.4187     0.0000     0.0327     0.1071          1 0.0000e+00
   2484.229   2049.028   2020.752     3.5097     3.5100   3.294197   3.294734    34.9307    34.9367     1.8893  267.51011     0.0000     0.0000     1.8803     4.6528     4.4055     0.0000     0.0330     0.1073          1 0.0000e+00
   2484.729   2049.431   2021.141     3.5087     3.5091   3.294140   3.294680    34.9309    34.9369     1.8891  267.55634     0.0000     0.0000     1.8801     4.6528     4.3880     0.0000     0.0330     0.1050          1 0.0000e+00
   2485.229   2049.850   2021.559     3.5086     3.5088   3.294154   3.294683    34.9309    34.9370     1.8887  267.43007     0.0000     0.0000     1.8797     4.6530     4.3669     0.0000     0.0330     0.1045          1 0.0000e+00
   2485.729   2050.266   2021.966     3.5083     3.5087   3.294154   3.294683    34.9310    34.9369     1.8890  267.34707     0.0000     0.0000     1.8800     4.6530     4.3492     0.0000     0.0330     0.1060          1 0.0000e+00
   2486.229   2050.688   2022.375     3.5085     3.5085   3.294173   3.294691    34.9309    34.9369     1.8886  267.27374     0.0000     0.0000     1.8796     4.6530     4.3267     0.0000     0.0330     0.1073          1 0.0000e+00
   2486.729   2051.117   2022.800     3.5081     3.5084   3.294158   3.294696    34.9309    34.9369     1.8883  267.25171     0.0000     0.0000     1.8793     4.6533     4.3041     0.0000     0.0325     0.1074          1 0.0000e+00
   2487.229   2051.561   2023.232     3.5082     3.5085   3.294182   3.294724    34.9309    34.9369     1.8881  267.14929     0.0000     0.0000     1.8791     4.6530     4.2853     0.0000     0.0317     0.1069          1 0.0000e+00
   2487.729   2052.026   2023.692     3.5080     3.5086   3.294187   3.294749    34.9309    34.9368     1.8887  267.40176     0.0000     0.0000     1.8797     4.6530     4.2709     0.0000     0.0317     0.1073          1 0.0000e+00
   2488.229   2052.512   2024.161     3.5078     3.5084   3.294194   3.294752    34.9310    34.9369     1.8881  267.44749     0.0000     0.0000     1.8791     4.6529     4.2476     0.0000     0.0317     0.1073          1 0.0000e+00
   2488.729   2053.030   2024.677     3.5075     3.5078   3.294203   3.294745    34.9311    34.9371     1.8881  267.44826     0.0000     0.0000     1.8791     4.6532     4.2190     0.0000     0.0322     0.1067          1 0.0000e+00
   2489.229   2053.570   2025.205     3.5069     3.5076   3.294172   3.294745    34.9310    34.9371     1.8881  267.32746     0.0000     0.0000     1.8791     4.6531     4.1984     0.0000     0.0342     0.1055          1 0.0000e+00
   2489.729   2054.125   2025.755     3.5066     3.5069   3.294170   3.294716    34.9312    34.9372     1.8878  267.35252     0.0000     0.0000     1.8788     4.6529     4.1816     0.0000     0.0340     0.1057          1 0.0000e+00
   2490.229   2054.685   2026.305     3.5061     3.5062   3.294131   3.294667    34.9309    34.9372     1.8880  267.44763     0.0000     0.0000     1.8790     4.6529     4.1427     0.0000     0.0320     0.1077          1 0.0000e+00
   2490.729   2055.225   2026.832     3.5037     3.5041   3.293971   3.294517    34.9314    34.9374     1.8880  267.56334     0.0000     0.0000     1.8790     4.6527     4.1191     0.0000     0.0329     0.1079          1 0.0000e+00
   2491.229   2055.739   2027.339     3.5033     3.5036   3.293958   3.294487    34.9314    34.9373     1.8875  267.37029     0.0000     0.0000     1.8785     4.6528     4.0955     0.0000     0.0342     0.1071          1 0.0000e+00
   2491.729   2056.220   2027.814     3.5030     3.5033   3.293949   3.294473    34.9313    34.9372     1.8873  267.20716     0.0000     0.0000     1.8783     4.6531     4.0682     0.0000     0.0343     0.1072          1 0.0000e+00
   2492.229   2056.668   2028.250     3.5029     3.5032   3.293964   3.294480    34.9314    34.9372     1.8871  267.06696     0.0000     0.0000     1.8781     4.6527     4.0499     0.0000     0.0342     0.1071          1 0.0000e+00
   2492.729   2057.100   2028.673     3.5028     3.5030   3.293954   3.294494    34.9312    34.9373     1.8869  267.13918     0.0000     0.0000     1.8779     4.6528     4.0268     0.0000     0.0344     0.1073          1 0.0000e+00
   2493.229   2057.507   2029.069     3.5023     3.5028   3.293937   3.294488    34.9313    34.9373     1.8870  267.26819     0.0000     0.0000     1.8780     4.6530     4.0245     0.0000     0.0334     0.1057          1 0.0000e+00
   2493.729   2057.916   2029.470     3.5014     3.5017   3.293863   3.294409    34.9312    34.9373     1.8869  267.33132     0.0000     0.0000     1.8779     4.6530     3.9923     0.0000     0.0330     0.1059          1 0.0000e+00
   2494.229   2058.348   2029.894     3.5006     3.5009   3.293820   3.294350    34.9314    34.9373     1.8869  267.45718     0.0000     0.0000     1.8779     4.6527     3.9751     0.0000     0.0330     0.1077          1 0.0000e+00
   2494.729   2058.819   2030.356     3.5004     3.5006   3.293803   3.294346    34.9312    34.9373     1.8866  267.36619     0.0000     0.0000     1.8776     4.6530     3.9461     0.0000     0.0334     0.1094          1 0.0000e+00
   2495.229   2059.324   2030.857     3.4994     3.4997   3.293725   3.294279    34.9311    34.9374     1.8862  267.18470     0.0000     0.0000     1.8772     4.6526     3.9228     0.0000     0.0336     0.1078          1 0.0000e+00
   2495.729   2059.854   2031.369     3.4987     3.4988   3.293690   3.294217    34.9312    34.9373     1.8859  266.91487     0.0000     0.0000     1.8769     4.6529     3.9050     0.0000     0.0338     0.1074          1 0.0000e+00
   2496.229   2060.391   2031.907     3.4980     3.4984   3.293656   3.294192    34.9312    34.9372     1.8858  266.88182     0.0000     0.0000     1.8768     4.6530     3.8803     0.0000     0.0341     0.1073          1 0.0000e+00
   2496.729   2060.897   2032.402     3.4979     3.4982   3.293660   3.294189    34.9311    34.9371     1.8857  266.97412     0.0000     0.0000     1.8767     4.6532     3.8561     0.0000     0.0341     0.1075          1 0.0000e+00
   2497.229   2061.343   2032.845     3.4977     3.4980   3.293645   3.294191    34.9310    34.9371     1.8856  267.21907     0.0000     0.0000     1.8766     4.6531     3.8310     0.0000     0.0342     0.1077          1 0.0000e+00
   2497.729   2061.723   2033.213     3.4978     3.4980   3.293687   3.294210    34.9311    34.9371     1.8855  267.22828     0.0000     0.0000     1.8765     4.6530     3.8121     0.0000     0.0342     0.1075          1 0.0000e+00
   2498.229   2062.041   2033.526     3.4973     3.4970   3.293644   3.294117    34.9310    34.9369     1.8851  267.07018     0.0000     0.0000     1.8761     4.6525     3.7984     0.0000     0.0348     0.1076          1 0.0000e+00
   2498.729   2062.293   2033.779     3.4955     3.4960   3.293513   3.294043    34.9312    34.9370     1.8849  266.94612     0.0000     0.0000     1.8759     4.6529     3.7868     0.0000     0.0391     0.1052          1 0.0000e+00
   2499.229   2062.484   2033.950     3.4956     3.4962   3.293514   3.294068    34.9310    34.9370     1.8846  266.81425     0.0000     0.0000     1.8756     4.6528     3.7749     0.0000     0.0391     0.1052          1 0.0000e+00
   2499.729   2062.673   2034.138     3.4954     3.4958   3.293482   3.294034    34.9308    34.9368     1.8848  266.99542     0.0000     0.0000     1.8758     4.6527     3.7661     0.0000     0.0356     0.1070          1 0.0000e+00
   2500.229   2062.920   2034.375     3.4937     3.4952   3.293335   3.293985    34.9307    34.9368     1.8849  267.28398     0.0000     0.0000     1.8759     4.6526     3.7557     0.0000     0.0355     0.1071          1 0.0000e+00
   2500.729   2063.241   2034.693     3.4934     3.4938   3.293318   3.293865    34.9307    34.9368     1.8850  267.46070     0.0000     0.0000     1.8760     4.6534     3.7400     0.0000     0.0344     0.1070          1 0.0000e+00
   2501.229   2063.626   2035.072     3.4934     3.4937   3.293342   3.293881    34.9308    34.9369     1.8852  267.67372     0.0000     0.0000     1.8762     4.6530     3.7222     0.0000     0.0342     0.1069          1 0.0000e+00
   2501.729   2064.080   2035.520     3.4934     3.4936   3.293354   3.293884    34.9307    34.9368     1.8850  267.55983     0.0000     0.0000     1.8760     4.6528     3.7026     0.0000     0.0342     0.1073          1 0.0000e+00
   2502.229   2064.594   2036.020     3.4928     3.4931   3.293333   3.293868    34.9309    34.9368     1.8854  267.64171     0.0000     0.0000     1.8764     4.6532     3.6813     0.0000     0.0342     0.1077          1 0.0000e+00
   2502.729   2065.151   2036.571     3.4921     3.4924   3.293298   3.293828    34.9309    34.9369     1.8853  267.64965     0.0000     0.0000     1.8763     4.6529     3.6586     0.0000     0.0342     0.1075          1 0.0000e+00
   2503.229   2065.733   2037.141     3.4912     3.4915   3.293234   3.293777    34.9308    34.9370     1.8853  267.64016     0.0000     0.0000     1.8762     4.6528     3.6347     0.0000     0.0343     0.1079          1 0.0000e+00
   2503.729   2066.321   2037.727     3.4907     3.4909   3.293214   3.293738    34.9308    34.9368     1.8846  267.34775     0.0000     0.0000     1.8756     4.6532     3.6040     0.0000     0.0346     0.1066          1 0.0000e+00
   2504.229   2066.881   2038.277     3.4897     3.4899   3.293136   3.293676    34.9307    34.9369     1.8847  267.07290     0.0000     0.0000     1.8757     4.6526     3.5758     0.0000     0.0348     0.1054          1 0.0000e+00
   2504.729   2067.403   2038.786     3.4889     3.4892   3.293091   3.293638    34.9308    34.9369     1.8847  267.20873     0.0000     0.0000     1.8757     4.6531     3.5507     0.0000     0.0349     0.1060          1 0.0000e+00
   2505.229   2067.891   2039.259     3.4889     3.4891   3.293116   3.293643    34.9309    34.9369     1.8847  267.35009     0.0000     0.0000     1.8757     4.6530     3.5288     0.0000     0.0348     0.1072          1 0.0000e+00
   2505.729   2068.349   2039.716     3.4887     3.4889   3.293114   3.293649    34.9308    34.9370     1.8845  267.47902     0.0000     0.0000     1.8755     4.6529     3.5049     0.0000     0.0353     0.1066          1 0.0000e+00
   2506.229   2068.785   2040.144     3.4884     3.4886   3.293107   3.293636    34.9308    34.9369     1.8845  267.43402     0.0000     0.0000     1.8755     4.6524     3.4899     0.0000     0.0354     0.1055          1 0.0000e+00
   2506.729   2069.195   2040.543     3.4882     3.4884   3.293112   3.293628    34.9309    34.9368     1.8845  267.43888     0.0000     0.0000     1.8755     4.6530     3.4633     0.0000     0.0354     0.1055          1 0.0000e+00
   2507.229   2069.571   2040.916     3.4878     3.4882   3.293075   3.293628    34.9307    34.9368     1.8846  267.49722     0.0000     0.0000     1.8755     4.6530     3.4465     0.0000     0.0354     0.1072          1 0.0000e+00
   2507.729   2069.904   2041.238     3.4873     3.4876   3.293034   3.293591    34.9306    34.9368     1.8846  267.57663     0.0000     0.0000     1.8755     4.6529     3.4325     0.0000     0.0354     0.1071          1 0.0000e+00
   2508.229   2070.194   2041.531     3.4870     3.4873   3.293033   3.293567    34.9307    34.9367     1.8846  267.58957     0.0000     0.0000     1.8755     4.6529     3.4198     0.0000     0.0354     0.1056          1 0.0000e+00
   2508.729   2070.418   2041.751     3.4868     3.4871   3.293043   3.293565    34.9310    34.9368     1.8846  267.59966     0.0000     0.0000     1.8755     4.6530     3.4080     0.0000     0.0354     0.1054          1 0.0000e+00
   2509.229   2070.565   2041.887     3.4880     3.4879   3.293183   3.293632    34.9312    34.9366     1.8844  267.50645     0.0000     0.0000     1.8753     4.6528     3.4020     0.0000     0.0354     0.1058          1 0.0000e+00
   2509.729   2070.666   2041.987     3.4911     3.4897   3.293394   3.293787    34.9303    34.9365     1.8846  267.51549     0.0000     0.0000     1.8755     4.6532     3.3985     0.0000     0.0354     0.1058          1 0.0000e+00
   2510.229   2070.774   2042.085     3.4889     3.4908   3.293239   3.293866    34.9308    34.9362     1.8846  267.59419     0.0000     0.0000     1.8755     4.6530     3.3877     0.0000     0.0354     0.1059          1 0.0000e+00
   2510.729   2070.940   2042.251     3.4878     3.4890   3.293126   3.293747    34.9306    34.9366     1.8846  267.66912     0.0000     0.0000     1.8755     4.6528     3.3845     0.0000     0.0354     0.1060          1 0.0000e+00
   2511.229   2071.177   2042.478     3.4866     3.4868   3.293031   3.293572    34.9306    34.9368     1.8846  267.69639     0.0000     0.0000     1.8755     4.6529     3.3722     0.0000     0.0361     0.1049          1 0.0000e+00
   2511.729   2071.494   2042.790     3.4860     3.4858   3.292999   3.293504    34.9307    34.9369     1.8848  267.71243     0.0000     0.0000     1.8757     4.6530     3.3581     0.0000     0.0366     0.1045          1 0.0000e+00
   2512.229   2071.897   2043.189     3.4853     3.4856   3.292971   3.293507    34.9309    34.9369     1.8846  267.74733     0.0000     0.0000     1.8755     4.6533     3.3470     0.0000     0.0360     0.1065          1 0.0000e+00
   2512.729   2072.376   2043.659     3.4853     3.4856   3.292977   3.293523    34.9308    34.9369     1.8846  267.70607     0.0000     0.0000     1.8755     4.6530     3.3258     0.0000     0.0354     0.1082          1 0.0000e+00
   2513.229   2072.913   2044.184     3.4851     3.4852   3.292981   3.293513    34.9308    34.9369     1.8846  267.66758     0.0000     0.0000     1.8755     4.6530     3.2981     0.0000     0.0354     0.1073          1 0.0000e+00
   2513.729   2073.498   2044.765     3.4847     3.4850   3.292976   3.293513    34.9309    34.9370     1.8846  267.64808     0.0000     0.0000     1.8755     4.6531     3.2746     0.0000     0.0354     0.1056          1 0.0000e+00
   2514.229   2074.105   2045.361     3.4846     3.4848   3.292986   3.293520    34.9309    34.9369     1.8846  267.75485     0.0000     0.0000     1.8755     4.6526     3.2442     0.0000     0.0354     0.1052          1 0.0000e+00
   2514.729   2074.695   2045.942     3.4842     3.4845   3.292985   3.293514    34.9309    34.9369     1.8846  267.77860     0.0000     0.0000     1.8755     4.6530     3.2170     0.0000     0.0354     0.1033          1 0.0000e+00
   2515.229   2075.240   2046.480     3.4832     3.4836   3.292896   3.293456    34.9307    34.9369     1.8845  267.77227     0.0000     0.0000     1.8754     4.6529     3.1935     0.0000     0.0354     0.1038          1 0.0000e+00
   2515.729   2075.751   2046.981     3.4825     3.4826   3.292873   3.293395    34.9310    34.9369     1.8845  267.73445     0.0000     0.0000     1.8754     4.6529     3.1653     0.0000     0.0354     0.1058          1 0.0000e+00
   2516.229   2076.224   2047.441     3.4822     3.4827   3.292861   3.293410    34.9309    34.9368     1.8840  267.59977     0.0000     0.0000     1.8749     4.6530     3.1424     0.0000     0.0356     0.1058          1 0.0000e+00
   2516.729   2076.659   2047.870     3.4821     3.4822   3.292877   3.293390    34.9309    34.9369     1.8839  267.36089     0.0000     0.0000     1.8747     4.6530     3.1240     0.0000     0.0355     0.1072          1 0.0000e+00
