odissea/cruise_data/ce25007/data/ctd/ce25007_021.cnv
* Sea-Bird SBE 9 Data File:
* FileName = C:\CE_CTD_Data\2025_CTD_Data\CE25007\CE25007_021.hdr
* Software Version Seasave V 7.26.7.121
* Temperature SN = 4382
* Conductivity SN = 2796
* Number of Bytes Per Scan = 40
* Number of Voltage Words = 5
* Number of Scans Averaged by the Deck Unit = 1
* NMEA Latitude = 54 31.42 N
* NMEA Longitude = 019 45.55 W
* NMEA UTC (Time) = May 15 2025 12:38:47
* NMEA baud rate = 4800
** Cruise: CE18001
** PSO: Caroline Cusack
** CTD operator:
** Technician:
** Cast No:
** Station:
** Event No:
** Sea state:
** Wind speed:
** Sounding depth
# nquan = 21
# nvalues = 12942                       
# units = specified
# name 0 = timeS: Time, Elapsed [seconds]
# name 1 = prDM: Pressure, Digiquartz [db]
# name 2 = depSM: Depth [salt water, m]
# name 3 = t090C: Temperature [ITS-90, deg C]
# name 4 = t190C: Temperature, 2 [ITS-90, deg C]
# name 5 = c0S/m: Conductivity [S/m]
# name 6 = c1S/m: Conductivity, 2 [S/m]
# name 7 = sal00: Salinity, Practical [PSU]
# name 8 = sal11: Salinity, Practical, 2 [PSU]
# name 9 = sbeox0V: Oxygen raw, SBE 43 [V]
# name 10 = sbeox0Mm/L: Oxygen, SBE 43 [umol/l]
# name 11 = v0: Voltage 0
# name 12 = v1: Voltage 1
# name 13 = v2: Voltage 2
# name 14 = v3: Voltage 3
# name 15 = v4: Voltage 4
# name 16 = v5: Voltage 5
# name 17 = v6: Voltage 6
# name 18 = v7: Voltage 7
# name 19 = pumps: Pump Status
# name 20 = flag: flag
# span 0 =      0.229,   6470.521       
# span 1 =     -0.246,   1302.029       
# span 2 =     -0.275,   1286.329       
# span 3 =     4.3340,    16.1057       
# span 4 =     4.3347,    16.2978       
# span 5 =   0.017730,   4.198209       
# span 6 =   0.093281,   4.262950       
# span 7 =     0.1032,    36.0099       
# span 8 =     0.5594,    36.1670       
# span 9 =     1.8916,     2.8973       
# span 10 =  201.09670,  344.49508      
# span 11 =     0.0000,     0.0000      
# span 12 =     0.0000,     0.0000      
# span 13 =     1.8917,     2.8917      
# span 14 =     0.0027,     4.8877      
# span 15 =     0.0396,     5.0000      
# span 16 =     0.0000,     0.0000      
# span 17 =     0.0061,     4.9304      
# span 18 =     0.0182,     4.9603      
# span 19 =          0,          1      
# span 20 = 0.0000e+00, 0.0000e+00      
# interval = seconds: 0.5               
# start_time = May 15 2025 12:38:47 [NMEA time, header]
# bad_flag = -9.990e-29
*END*
[from data line 9725]
   4862.729    544.101    538.520     8.0215     8.0263   3.657192   3.658147    35.1025    35.1078     1.9362  202.89008     0.0000     0.0000     1.9280     4.7208     4.9988     0.0000     0.0293     0.1071          1 0.0000e+00
   4863.229    543.985    538.394     8.0236     8.0256   3.657401   3.658036    35.1027    35.1074     1.9362  203.03626     0.0000     0.0000     1.9280     4.7214     4.9990     0.0000     0.0293     0.1067          1 0.0000e+00
   4863.729    543.833    538.250     8.0251     8.0261   3.657547   3.658135    35.1028    35.1080     1.9363  203.13502     0.0000     0.0000     1.9281     4.7213     4.9990     0.0000     0.0293     0.1069          1 0.0000e+00
   4864.229    543.691    538.100     8.0261     8.0284   3.657660   3.658338    35.1030    35.1079     1.9370  203.32558     0.0000     0.0000     1.9288     4.7217     4.9990     0.0000     0.0293     0.1076          1 0.0000e+00
   4864.729    543.588    537.998     8.0247     8.0273   3.657506   3.658209    35.1029    35.1077     1.9374  203.55866     0.0000     0.0000     1.9292     4.7213     4.9991     0.0000     0.0293     0.1069          1 0.0000e+00
   4865.229    543.529    537.944     8.0244     8.0264   3.657470   3.658131    35.1028    35.1078     1.9374  203.59733     0.0000     0.0000     1.9292     4.7215     4.9990     0.0000     0.0293     0.1052          1 0.0000e+00
   4865.729    543.492    537.909     8.0228     8.0261   3.657322   3.658100    35.1029    35.1078     1.9377  203.55522     0.0000     0.0000     1.9295     4.7214     4.9989     0.0000     0.0293     0.1057          1 0.0000e+00
   4866.229    543.446    537.868     8.0228     8.0245   3.657314   3.657922    35.1028    35.1076     1.9375  203.40195     0.0000     0.0000     1.9293     4.7215     4.9991     0.0000     0.0293     0.1067          1 0.0000e+00
   4866.729    543.373    537.790     8.0228     8.0246   3.657337   3.657941    35.1031    35.1077     1.9374  203.31428     0.0000     0.0000     1.9292     4.7211     4.9991     0.0000     0.0293     0.1065          1 0.0000e+00
   4867.229    543.283    537.704     8.0208     8.0241   3.657067   3.657831    35.1023    35.1071     1.9374  203.27047     0.0000     0.0000     1.9292     4.7213     4.9989     0.0000     0.0293     0.1051          1 0.0000e+00
   4867.729    543.206    537.622     8.0225     8.0254   3.657344   3.658030    35.1035    35.1079     1.9374  203.23157     0.0000     0.0000     1.9292     4.7212     4.9988     0.0000     0.0293     0.1053          1 0.0000e+00
   4868.229    543.160    537.578     8.0179     8.0261   3.656837   3.658088    35.1028    35.1079     1.9374  203.30337     0.0000     0.0000     1.9292     4.7214     4.9988     0.0000     0.0293     0.1077          1 0.0000e+00
   4868.729    543.147    537.559     8.0186     8.0244   3.656896   3.657912    35.1028    35.1078     1.9372  203.24154     0.0000     0.0000     1.9290     4.7213     4.9990     0.0000     0.0293     0.1075          1 0.0000e+00
   4869.229    543.179    537.599     8.0185     8.0222   3.656888   3.657701    35.1027    35.1077     1.9367  203.10604     0.0000     0.0000     1.9285     4.7214     4.9989     0.0000     0.0303     0.1087          1 0.0000e+00
   4869.729    543.255    537.674     8.0154     8.0204   3.656585   3.657487    35.1026    35.1073     1.9364  202.98146     0.0000     0.0000     1.9282     4.7211     4.9990     0.0000     0.0305     0.1092          1 0.0000e+00
   4870.229    543.375    537.786     8.0138     8.0162   3.656420   3.657063    35.1024    35.1070     1.9363  202.96564     0.0000     0.0000     1.9281     4.7215     4.9988     0.0000     0.0296     0.1060          1 0.0000e+00
   4870.729    543.535    537.950     8.0139     8.0141   3.656417   3.656872    35.1022    35.1069     1.9363  203.01059     0.0000     0.0000     1.9281     4.7216     4.9992     0.0000     0.0293     0.1050          1 0.0000e+00
   4871.229    543.723    538.139     8.0174     8.0154   3.656749   3.657030    35.1021    35.1072     1.9362  203.08203     0.0000     0.0000     1.9280     4.7219     4.9991     0.0000     0.0293     0.1068          1 0.0000e+00
   4871.729    543.896    538.313     8.0210     8.0220   3.657111   3.657721    35.1022    35.1077     1.9363  203.12092     0.0000     0.0000     1.9281     4.7216     4.9992     0.0000     0.0293     0.1074          1 0.0000e+00
   4872.229    544.013    538.429     8.0239     8.0231   3.657450   3.657804    35.1028    35.1074     1.9363  203.14867     0.0000     0.0000     1.9281     4.7216     4.9992     0.0000     0.0293     0.1076          1 0.0000e+00
   4872.729    544.069    538.483     8.0239     8.0220   3.657525   3.657717    35.1035    35.1076     1.9362  203.13851     0.0000     0.0000     1.9280     4.7218     4.9989     0.0000     0.0293     0.1067          1 0.0000e+00
   4873.229    544.077    538.488     8.0252     8.0208   3.657525   3.657603    35.1022    35.1076     1.9366  203.24025     0.0000     0.0000     1.9284     4.7216     4.9992     0.0000     0.0293     0.1071          1 0.0000e+00
   4873.729    544.053    538.468     8.0265     8.0227   3.657691   3.657808    35.1026    35.1079     1.9362  203.13833     0.0000     0.0000     1.9280     4.7216     4.9990     0.0000     0.0293     0.1079          1 0.0000e+00
   4874.229    544.023    538.430     8.0238     8.0271   3.657502   3.658229    35.1035    35.1078     1.9361  203.08985     0.0000     0.0000     1.9279     4.7220     4.9988     0.0000     0.0296     0.1074          1 0.0000e+00
   4874.729    543.989    538.406     8.0169     8.0243   3.656774   3.657943    35.1028    35.1077     1.9360  203.04851     0.0000     0.0000     1.9278     4.7216     4.9992     0.0000     0.0305     0.1068          1 0.0000e+00
   4875.229    543.938    538.353     8.0161     8.0209   3.656649   3.657568    35.1023    35.1072     1.9361  203.05452     0.0000     0.0000     1.9279     4.7216     4.9989     0.0000     0.0305     0.1066          1 0.0000e+00
   4875.729    543.852    538.266     8.0163     8.0219   3.656694   3.657705    35.1025    35.1077     1.9362  203.15356     0.0000     0.0000     1.9280     4.7219     4.9989     0.0000     0.0305     0.1051          1 0.0000e+00
   4876.229    543.723    538.144     8.0218     8.0221   3.657222   3.657707    35.1026    35.1075     1.9362  203.17611     0.0000     0.0000     1.9280     4.7217     4.9989     0.0000     0.0305     0.1055          1 0.0000e+00
   4876.729    543.544    537.966     8.0227     8.0211   3.657316   3.657596    35.1028    35.1075     1.9362  203.18132     0.0000     0.0000     1.9280     4.7222     4.9989     0.0000     0.0293     0.1075          1 0.0000e+00
   4877.229    543.311    537.732     8.0216     8.0217   3.657188   3.657672    35.1027    35.1078     1.9363  203.14853     0.0000     0.0000     1.9281     4.7216     4.9991     0.0000     0.0293     0.1076          1 0.0000e+00
   4877.729    543.056    537.473     8.0220     8.0245   3.657217   3.657956    35.1027    35.1081     1.9362  203.13067     0.0000     0.0000     1.9280     4.7219     4.9988     0.0000     0.0293     0.1055          1 0.0000e+00
   4878.229    542.838    537.259     8.0238     8.0245   3.657412   3.657930    35.1030    35.1078     1.9361  203.10274     0.0000     0.0000     1.9280     4.7215     4.9988     0.0000     0.0293     0.1052          1 0.0000e+00
   4878.729    542.692    537.109     8.0244     8.0239   3.657468   3.657853    35.1031    35.1078     1.9363  203.13157     0.0000     0.0000     1.9282     4.7218     4.9991     0.0000     0.0319     0.1064          1 0.0000e+00
   4879.229    542.639    537.056     8.0246     8.0235   3.657472   3.657787    35.1030    35.1075     1.9363  203.16914     0.0000     0.0000     1.9282     4.7217     4.9990     0.0000     0.0327     0.1068          1 0.0000e+00
   4879.729    542.676    537.096     8.0229     8.0230   3.657305   3.657776    35.1029    35.1078     1.9369  203.31472     0.0000     0.0000     1.9287     4.7220     4.9991     0.0000     0.0330     0.1081          1 0.0000e+00
   4880.229    542.796    537.217     8.0213     8.0235   3.657167   3.657822    35.1031    35.1078     1.9368  203.33410     0.0000     0.0000     1.9286     4.7221     4.9990     0.0000     0.0330     0.1090          1 0.0000e+00
   4880.729    542.972    537.390     8.0179     8.0227   3.656840   3.657757    35.1029    35.1079     1.9370  203.35732     0.0000     0.0000     1.9288     4.7223     4.9988     0.0000     0.0310     0.1070          1 0.0000e+00
   4881.229    543.193    537.613     8.0115     8.0216   3.656198   3.657630    35.1025    35.1075     1.9373  203.43020     0.0000     0.0000     1.9291     4.7221     4.9989     0.0000     0.0293     0.1054          1 0.0000e+00
   4881.729    543.423    537.846     8.0102     8.0130   3.656064   3.656764    35.1023    35.1070     1.9368  203.31987     0.0000     0.0000     1.9286     4.7223     4.9989     0.0000     0.0297     0.1057          1 0.0000e+00
   4882.229    543.620    538.033     8.0100     8.0109   3.656059   3.656575    35.1023    35.1070     1.9372  203.37001     0.0000     0.0000     1.9290     4.7223     4.9989     0.0000     0.0305     0.1071          1 0.0000e+00
   4882.729    543.797    538.217     8.0097     8.0105   3.656025   3.656556    35.1021    35.1071     1.9365  203.21503     0.0000     0.0000     1.9284     4.7224     4.9989     0.0000     0.0305     0.1062          1 0.0000e+00
   4883.229    543.940    538.353     8.0067     8.0104   3.655772   3.656553    35.1025    35.1071     1.9360  202.99362     0.0000     0.0000     1.9279     4.7222     4.9988     0.0000     0.0305     0.1053          1 0.0000e+00
   4883.729    544.042    538.460     8.0028     8.0061   3.655371   3.656121    35.1021    35.1068     1.9358  202.92482     0.0000     0.0000     1.9277     4.7220     4.9990     0.0000     0.0303     0.1062          1 0.0000e+00
   4884.229    544.080    538.494     8.0016     8.0082   3.655195   3.656331    35.1014    35.1068     1.9353  202.81409     0.0000     0.0000     1.9271     4.7224     4.9989     0.0000     0.0293     0.1123          1 0.0000e+00
   4884.729    544.052    538.464     8.0034     8.0070   3.655402   3.656164    35.1018    35.1062     1.9351  202.83218     0.0000     0.0000     1.9269     4.7223     4.9990     0.0000     0.0293     0.1123          1 0.0000e+00
   4885.229    543.983    538.397     8.0048     8.0042   3.655530   3.655920    35.1016    35.1065     1.9349  202.82790     0.0000     0.0000     1.9267     4.7229     4.9990     0.0000     0.0305     0.1068          1 0.0000e+00
   4885.729    543.881    538.295     8.0075     8.0072   3.655811   3.656243    35.1020    35.1070     1.9349  202.88037     0.0000     0.0000     1.9267     4.7226     4.9990     0.0000     0.0305     0.1070          1 0.0000e+00
   4886.229    543.782    538.190     8.0089     8.0095   3.655953   3.656476    35.1021    35.1071     1.9347  202.91038     0.0000     0.0000     1.9265     4.7227     4.9990     0.0000     0.0294     0.1053          1 0.0000e+00
   4886.729    543.719    538.129     8.0091     8.0098   3.655962   3.656473    35.1020    35.1067     1.9343  202.80411     0.0000     0.0000     1.9261     4.7225     4.9989     0.0000     0.0293     0.1051          1 0.0000e+00
   4887.229    543.703    538.113     8.0089     8.0104   3.655939   3.656551    35.1020    35.1070     1.9341  202.72447     0.0000     0.0000     1.9259     4.7223     4.9991     0.0000     0.0302     0.1072          1 0.0000e+00
   4887.729    543.719    538.138     8.0111     8.0099   3.656128   3.656492    35.1017    35.1069     1.9339  202.64678     0.0000     0.0000     1.9257     4.7225     4.9988     0.0000     0.0305     0.1076          1 0.0000e+00
   4888.229    543.731    538.153     8.0100     8.0090   3.656062   3.656416    35.1021    35.1070     1.9338  202.69605     0.0000     0.0000     1.9256     4.7222     4.9990     0.0000     0.0305     0.1070          1 0.0000e+00
   4888.729    543.694    538.105     8.0084     8.0105   3.655913   3.656547    35.1022    35.1068     1.9341  202.84069     0.0000     0.0000     1.9259     4.7227     4.9989     0.0000     0.0305     0.1071          1 0.0000e+00
   4889.229    543.611    538.032     8.0096     8.0103   3.656004   3.656538    35.1019    35.1069     1.9339  202.89116     0.0000     0.0000     1.9257     4.7225     4.9988     0.0000     0.0305     0.1061          1 0.0000e+00
   4889.729    543.487    537.907     8.0094     8.0102   3.656007   3.656543    35.1022    35.1071     1.9337  202.81934     0.0000     0.0000     1.9255     4.7229     4.9990     0.0000     0.0305     0.1053          1 0.0000e+00
   4890.229    543.352    537.772     8.0104     8.0113   3.656089   3.656632    35.1021    35.1071     1.9337  202.75991     0.0000     0.0000     1.9255     4.7230     4.9989     0.0000     0.0313     0.1058          1 0.0000e+00
   4890.729    543.234    537.646     8.0111     8.0111   3.656172   3.656598    35.1023    35.1069     1.9336  202.70683     0.0000     0.0000     1.9254     4.7225     4.9993     0.0000     0.0319     0.1068          1 0.0000e+00
   4891.229    543.151    537.569     8.0127     8.0121   3.656282   3.656710    35.1019    35.1072     1.9335  202.74149     0.0000     0.0000     1.9253     4.7229     4.9990     0.0000     0.0315     0.1071          1 0.0000e+00
   4891.729    543.107    537.525     8.0136     8.0127   3.656391   3.656775    35.1022    35.1073     1.9333  202.67187     0.0000     0.0000     1.9251     4.7229     4.9988     0.0000     0.0293     0.1090          1 0.0000e+00
   4892.229    543.103    537.521     8.0136     8.0130   3.656393   3.656781    35.1022    35.1070     1.9335  202.70248     0.0000     0.0000     1.9253     4.7229     4.9990     0.0000     0.0293     0.1086          1 0.0000e+00
   4892.729    543.142    537.555     8.0133     8.0131   3.656361   3.656805    35.1022    35.1071     1.9333  202.70014     0.0000     0.0000     1.9251     4.7229     4.9990     0.0000     0.0293     0.1068          1 0.0000e+00
   4893.229    543.219    537.638     8.0146     8.0139   3.656490   3.656879    35.1021    35.1071     1.9337  202.83932     0.0000     0.0000     1.9255     4.7228     4.9992     0.0000     0.0293     0.1069          1 0.0000e+00
   4893.729    543.337    537.753     8.0163     8.0140   3.656660   3.656909    35.1022    35.1072     1.9337  202.87924     0.0000     0.0000     1.9255     4.7231     4.9991     0.0000     0.0293     0.1070          1 0.0000e+00
   4894.229    543.505    537.918     8.0148     8.0151   3.656558   3.656992    35.1026    35.1069     1.9338  202.90213     0.0000     0.0000     1.9256     4.7232     4.9990     0.0000     0.0293     0.1068          1 0.0000e+00
   4894.729    543.710    538.127     8.0129     8.0134   3.656372   3.656859    35.1024    35.1072     1.9337  202.88522     0.0000     0.0000     1.9255     4.7231     4.9991     0.0000     0.0293     0.1078          1 0.0000e+00
   4895.229    543.918    538.331     8.0102     8.0100   3.656148   3.656541    35.1027    35.1071     1.9337  202.84546     0.0000     0.0000     1.9255     4.7234     4.9990     0.0000     0.0293     0.1075          1 0.0000e+00
   4895.729    544.075    538.495     8.0093     8.0100   3.656045   3.656596    35.1024    35.1077     1.9338  202.86010     0.0000     0.0000     1.9256     4.7236     4.9991     0.0000     0.0302     0.1106          1 0.0000e+00
   4896.229    544.168    538.582     8.0088     8.0110   3.655992   3.656685    35.1023    35.1075     1.9336  202.83246     0.0000     0.0000     1.9254     4.7237     4.9989     0.0000     0.0305     0.1115          1 0.0000e+00
