odissea/cruise_data/ce25007/data/ctd/ce25007_006.cnv
* Sea-Bird SBE 9 Data File:
* FileName = C:\CE_CTD_Data\2025_CTD_Data\CE25007\CE25007_006.hdr
* Software Version Seasave V 7.26.7.121
* Temperature SN = 4382
* Conductivity SN = 2796
* Number of Bytes Per Scan = 40
* Number of Voltage Words = 5
* Number of Scans Averaged by the Deck Unit = 1
* NMEA Latitude = 52 59.67 N
* NMEA Longitude = 014 54.59 W
* NMEA UTC (Time) = May 10 2025 07:28:40
* NMEA baud rate = 4800
** Cruise: CE18001
** PSO: Caroline Cusack
** CTD operator:
** Technician:
** Cast No:
** Station:
** Event No:
** Sea state:
** Wind speed:
** Sounding depth
# nquan = 21
# nvalues = 12182                       
# units = specified
# name 0 = timeS: Time, Elapsed [seconds]
# name 1 = prDM: Pressure, Digiquartz [db]
# name 2 = depSM: Depth [salt water, m]
# name 3 = t090C: Temperature [ITS-90, deg C]
# name 4 = t190C: Temperature, 2 [ITS-90, deg C]
# name 5 = c0S/m: Conductivity [S/m]
# name 6 = c1S/m: Conductivity, 2 [S/m]
# name 7 = sal00: Salinity, Practical [PSU]
# name 8 = sal11: Salinity, Practical, 2 [PSU]
# name 9 = sbeox0V: Oxygen raw, SBE 43 [V]
# name 10 = sbeox0Mm/L: Oxygen, SBE 43 [umol/l]
# name 11 = v0: Voltage 0
# name 12 = v1: Voltage 1
# name 13 = v2: Voltage 2
# name 14 = v3: Voltage 3
# name 15 = v4: Voltage 4
# name 16 = v5: Voltage 5
# name 17 = v6: Voltage 6
# name 18 = v7: Voltage 7
# name 19 = pumps: Pump Status
# name 20 = flag: flag
# span 0 =      0.229,   6090.646       
# span 1 =     -0.359,   1006.677       
# span 2 =     -0.362,    995.389       
# span 3 =     7.4303,    13.3834       
# span 4 =     7.4316,    13.3838       
# span 5 =  -0.002485,   4.198076       
# span 6 =   0.048927,   4.198655       
# span 7 =     0.0694,    36.1280       
# span 8 =     0.3084,    36.3512       
# span 9 =     1.8161,     3.1533       
# span 10 =  187.18860,  345.39134      
# span 11 =     0.0000,     0.0000      
# span 12 =     0.0000,     0.0000      
# span 13 =     1.8157,     3.1533      
# span 14 =     0.0035,     4.8623      
# span 15 =     0.0052,     5.0000      
# span 16 =     0.0000,     0.0000      
# span 17 =     0.0195,     4.9315      
# span 18 =     0.0562,     4.9512      
# span 19 =          0,          1      
# span 20 = 0.0000e+00, 0.0000e+00      
# interval = seconds: 0.5               
# start_time = May 10 2025 07:28:40 [NMEA time, header]
# bad_flag = -9.990e-29
*END*
[from data line 11863]
   5931.729      3.502      3.463    13.3815    13.3820   4.197568   4.198313    35.6057    35.6123     2.7755  266.92064     0.0000     0.0000     2.7705     4.7243     4.9928     0.0000     0.0634     0.1095          1 0.0000e+00
   5932.229      3.582      3.540    13.3818    13.3825   4.197621   4.198369    35.6059    35.6123     2.7755  266.94386     0.0000     0.0000     2.7705     4.7279     4.9930     0.0000     0.0635     0.1094          1 0.0000e+00
   5932.729      3.741      3.708    13.3821    13.3825   4.197658   4.198372    35.6059    35.6123     2.7749  266.93826     0.0000     0.0000     2.7699     4.7261     4.9930     0.0000     0.0635     0.1104          1 0.0000e+00
   5933.229      3.955      3.917    13.3822    13.3827   4.197678   4.198410    35.6058    35.6124     2.7744  266.84531     0.0000     0.0000     2.7693     4.7245     4.9929     0.0000     0.0635     0.1104          1 0.0000e+00
   5933.729      4.202      4.163    13.3816    13.3820   4.197627   4.198346    35.6059    35.6124     2.7740  266.74086     0.0000     0.0000     2.7689     4.7256     4.9930     0.0000     0.0627     0.1124          1 0.0000e+00
   5934.229      4.469      4.438    13.3816    13.3816   4.197642   4.198327    35.6059    35.6123     2.7731  266.59010     0.0000     0.0000     2.7680     4.7249     4.9928     0.0000     0.0623     0.1132          1 0.0000e+00
   5934.729      4.657      4.628    13.3814    13.3816   4.197645   4.198330    35.6060    35.6124     2.7730  266.61415     0.0000     0.0000     2.7679     4.7228     4.9928     0.0000     0.0636     0.1116          1 0.0000e+00
   5935.229      4.693      4.670    13.3814    13.3813   4.197621   4.198285    35.6058    35.6122     2.7721  266.50009     0.0000     0.0000     2.7670     4.7219     4.9927     0.0000     0.0647     0.1107          1 0.0000e+00
   5935.729      4.544      4.504    13.3812    13.3819   4.197610   4.198350    35.6060    35.6123     2.7722  266.53348     0.0000     0.0000     2.7671     4.7215     4.9928     0.0000     0.0637     0.1104          1 0.0000e+00
   5936.229      4.337      4.299    13.3817    13.3824   4.197626   4.198385    35.6057    35.6123     2.7730  266.74358     0.0000     0.0000     2.7679     4.7259     4.9929     0.0000     0.0623     0.1095          1 0.0000e+00
   5936.729      4.140      4.103    13.3818    13.3822   4.197637   4.198361    35.6058    35.6123     2.7731  266.90049     0.0000     0.0000     2.7680     4.7265     4.3849     0.0000     0.0614     0.1099          1 0.0000e+00
   5937.229      3.983      3.935    13.3816    13.3823   4.197622   4.198353    35.6060    35.6122     2.7737  267.06267     0.0000     0.0000     2.7686     4.7269     4.7220     0.0000     0.0623     0.1106          1 0.0000e+00
   5937.729      3.934      3.888    13.3815    13.3822   4.197622   4.198341    35.6061    35.6122     2.7748  267.25450     0.0000     0.0000     2.7697     4.7228     4.9924     0.0000     0.0623     0.1105          1 0.0000e+00
   5938.229      4.022      3.977    13.3815    13.3819   4.197611   4.198338    35.6060    35.6124     2.7760  267.50472     0.0000     0.0000     2.7710     4.7182     4.9929     0.0000     0.0623     0.1105          1 0.0000e+00
   5938.729      4.194      4.162    13.3813    13.3815   4.197614   4.198316    35.6061    35.6125     2.7767  267.71028     0.0000     0.0000     2.7717     4.7258     4.6817     0.0000     0.0622     0.1104          1 0.0000e+00
   5939.229      4.349      4.315    13.3812    13.3816   4.197609   4.198318    35.6061    35.6123     2.7769  267.65487     0.0000     0.0000     2.7719     4.7280     4.9080     0.0000     0.0646     0.1095          1 0.0000e+00
   5939.729      4.446      4.413    13.3811    13.3817   4.197602   4.198329    35.6060    35.6124     2.7777  267.64410     0.0000     0.0000     2.7727     4.7284     4.9927     0.0000     0.0647     0.1097          1 0.0000e+00
   5940.229      4.486      4.446    13.3820    13.3834   4.197686   4.198500    35.6060    35.6123     2.7778  267.59341     0.0000     0.0000     2.7728     4.7264     4.9928     0.0000     0.0636     0.1093          1 0.0000e+00
   5940.729      4.489      4.449    13.3834    13.3838   4.197818   4.198507    35.6058    35.6120     2.7773  267.45274     0.0000     0.0000     2.7723     4.7233     4.2135     0.0000     0.0617     0.1096          1 0.0000e+00
   5941.229      4.506      4.471    13.3832    13.3838   4.197792   4.198535    35.6058    35.6123     2.7771  267.28141     0.0000     0.0000     2.7721     4.7244     4.7758     0.0000     0.0621     0.1103          1 0.0000e+00
   5941.729      4.497      4.461    13.3830    13.3829   4.197777   4.198453    35.6058    35.6124     2.7768  267.13776     0.0000     0.0000     2.7718     4.7246     4.9928     0.0000     0.0623     0.1107          1 0.0000e+00
   5942.229      4.426      4.394    13.3825    13.3829   4.197717   4.198457    35.6057    35.6124     2.7773  267.25051     0.0000     0.0000     2.7723     4.7276     4.3379     0.0000     0.0627     0.1116          1 0.0000e+00
   5942.729      4.288      4.254    13.3823    13.3828   4.197699   4.198411    35.6058    35.6122     2.7773  267.35599     0.0000     0.0000     2.7723     4.7258     4.9917     0.0000     0.0648     0.1119          1 0.0000e+00
   5943.229      4.115      4.084    13.3813    13.3820   4.197614   4.198327    35.6061    35.6122     2.7777  267.45028     0.0000     0.0000     2.7727     4.7229     4.9928     0.0000     0.0647     0.1106          1 0.0000e+00
   5943.729      3.860      3.832    13.3813    13.3819   4.197599   4.198316    35.6061    35.6123     2.7781  267.54504     0.0000     0.0000     2.7731     4.7258     4.5684     0.0000     0.0640     0.1096          1 0.0000e+00
   5944.229      3.556      3.521    13.3812    13.3818   4.197491   4.198289    35.6052    35.6123     2.7784  267.57889     0.0000     0.0000     2.7734     4.7268     4.8756     0.0000     0.0636     0.1089          1 0.0000e+00
   5944.729      3.293      3.255    13.3815    13.3819   4.197567   4.198290    35.6059    35.6123     2.7788  267.63992     0.0000     0.0000     2.7738     4.7115     4.9927     0.0000     0.0623     0.1085          1 0.0000e+00
   5945.229      3.124      3.082    13.3814    13.3821   4.197567   4.198284    35.6059    35.6121     2.7784  267.50555     0.0000     0.0000     2.7734     4.7160     4.9928     0.0000     0.0631     0.1091          1 0.0000e+00
   5945.729      3.099      3.061    13.3815    13.3819   4.197579   4.198278    35.6060    35.6123     2.7790  267.55153     0.0000     0.0000     2.7740     4.7257     4.9928     0.0000     0.0647     0.1109          1 0.0000e+00
   5946.229      3.220      3.168    13.3815    13.3820   4.197591   4.198296    35.6061    35.6123     2.7787  267.51401     0.0000     0.0000     2.7737     4.7265     4.9928     0.0000     0.0642     0.1106          1 0.0000e+00
   5946.729      3.554      3.507    13.3818    13.3824   4.197625   4.198365    35.6059    35.6124     2.7776  267.28580     0.0000     0.0000     2.7726     4.7275     4.4645     0.0000     0.0618     0.1096          1 0.0000e+00
   5947.229      4.034      4.015    13.3819    13.3825   4.197670   4.198386    35.6061    35.6123     2.7769  267.04467     0.0000     0.0000     2.7719     4.7270     4.9916     0.0000     0.0624     0.1098          1 0.0000e+00
   5947.729      4.474      4.438    13.3818    13.3824   4.197672   4.198406    35.6060    35.6124     2.7775  267.09254     0.0000     0.0000     2.7725     4.7271     4.9927     0.0000     0.0648     0.1109          1 0.0000e+00
   5948.229      4.833      4.795    13.3812    13.3821   4.197601   4.198375    35.6057    35.6122     2.7783  267.43587     0.0000     0.0000     2.7733     4.7281     4.4524     0.0000     0.0635     0.1108          1 0.0000e+00
   5948.729      5.076      5.053    13.3812    13.3783   4.197577   4.197973    35.6054    35.6120     2.7788  267.74095     0.0000     0.0000     2.7738     4.7272     4.8428     0.0000     0.0645     0.1131          1 0.0000e+00
   5949.229      5.122      5.094    13.3794    13.3797   4.197414   4.198126    35.6056    35.6120     2.7782  267.68754     0.0000     0.0000     2.7732     4.7256     4.9927     0.0000     0.0648     0.1134          1 0.0000e+00
   5949.729      4.972      4.938    13.3800    13.3786   4.197490   4.197979    35.6058    35.6118     2.7779  267.45415     0.0000     0.0000     2.7729     4.7275     4.9927     0.0000     0.0647     0.1103          1 0.0000e+00
   5950.229      4.729      4.686    13.3818    13.3811   4.197650   4.198291    35.6057    35.6124     2.7776  267.24113     0.0000     0.0000     2.7726     4.7270     4.9928     0.0000     0.0647     0.1099          1 0.0000e+00
   5950.729      4.502      4.455    13.3815    13.3821   4.197626   4.198365    35.6059    35.6122     2.7786  267.41431     0.0000     0.0000     2.7736     4.7259     4.9927     0.0000     0.0630     0.1089          1 0.0000e+00
   5951.229      4.309      4.263    13.3805    13.3823   4.197519   4.198374    35.6059    35.6122     2.7793  267.71226     0.0000     0.0000     2.7743     4.7254     4.9927     0.0000     0.0623     0.1080          1 0.0000e+00
   5951.729      4.207      4.161    13.3811    13.3823   4.197580   4.198355    35.6059    35.6121     2.7810  268.10120     0.0000     0.0000     2.7760     4.7253     4.9928     0.0000     0.0616     0.1091          1 0.0000e+00
   5952.229      4.229      4.185    13.3811    13.3807   4.197575   4.198193    35.6059    35.6121     2.7816  268.28798     0.0000     0.0000     2.7766     4.7262     4.9927     0.0000     0.0611     0.1093          1 0.0000e+00
   5952.729      4.302      4.262    13.3806    13.3796   4.197543   4.198089    35.6060    35.6121     2.7818  268.24013     0.0000     0.0000     2.7768     4.7256     4.9929     0.0000     0.0627     0.1095          1 0.0000e+00
   5953.229      4.382      4.346    13.3805    13.3785   4.197522   4.197958    35.6058    35.6120     2.7807  267.90047     0.0000     0.0000     2.7757     4.7224     4.2620     0.0000     0.0639     0.1095          1 0.0000e+00
   5953.729      4.426      4.397    13.3788    13.3773   4.197299   4.197845    35.6053    35.6120     2.7806  267.63459     0.0000     0.0000     2.7756     4.7247     4.3374     0.0000     0.0635     0.1090          1 0.0000e+00
   5954.229      4.391      4.356    13.3772    13.3778   4.197145   4.197897    35.6055    35.6120     2.7810  267.67074     0.0000     0.0000     2.7760     4.7272     4.9918     0.0000     0.0647     0.1080          1 0.0000e+00
   5954.729      4.275      4.246    13.3780    13.3782   4.197215   4.197924    35.6054    35.6119     2.7814  267.82078     0.0000     0.0000     2.7764     4.7265     4.9756     0.0000     0.0645     0.1082          1 0.0000e+00
   5955.229      4.089      4.051    13.3779    13.3786   4.197215   4.197956    35.6056    35.6119     2.7806  267.78632     0.0000     0.0000     2.7756     4.7257     4.6425     0.0000     0.0633     0.1078          1 0.0000e+00
   5955.729      3.912      3.875    13.3778    13.3782   4.197214   4.197898    35.6057    35.6118     2.7796  267.51750     0.0000     0.0000     2.7746     4.7253     4.9926     0.0000     0.0633     0.1085          1 0.0000e+00
   5956.229      3.763      3.724    13.3779    13.3781   4.197212   4.197877    35.6057    35.6118     2.7783  267.13602     0.0000     0.0000     2.7733     4.7267     4.9927     0.0000     0.0611     0.1105          1 0.0000e+00
   5956.729      3.665      3.635    13.3781    13.3785   4.197210   4.197930    35.6055    35.6120     2.7774  266.89601     0.0000     0.0000     2.7724     4.7277     4.6618     0.0000     0.0607     0.1105          1 0.0000e+00
   5957.229      3.602      3.559    13.3800    13.3789   4.197422   4.197966    35.6057    35.6120     2.7769  266.81875     0.0000     0.0000     2.7719     4.7241     4.9018     0.0000     0.0737     0.1313          1 0.0000e+00
   5957.729      3.602      3.567    13.3789    13.3786   4.197316   4.197948    35.6058    35.6120     2.7769  266.97335     0.0000     0.0000     2.7719     4.7231     4.9928     0.0000     0.0745     0.1320          1 0.0000e+00
   5958.229      3.672      3.629    13.3789    13.3790   4.197302   4.197997    35.6056    35.6120     2.7774  267.22202     0.0000     0.0000     2.7724     4.7278     4.9929     0.0000     0.0665     0.1158          1 0.0000e+00
   5958.729      3.837      3.798    13.3787    13.3791   4.197312   4.198025    35.6058    35.6121     2.7776  267.43164     0.0000     0.0000     2.7726     4.7283     4.9927     0.0000     0.0647     0.1122          1 0.0000e+00
   5959.229      4.078      4.045    13.3796    13.3802   4.197416   4.198155    35.6058    35.6122     2.7779  267.51756     0.0000     0.0000     2.7729     4.7299     4.9927     0.0000     0.0639     0.1103          1 0.0000e+00
   5959.729      4.322      4.280    13.3812    13.3817   4.197541   4.198326    35.6054    35.6123     2.7784  267.60778     0.0000     0.0000     2.7734     4.7219     4.9929     0.0000     0.0635     0.1094          1 0.0000e+00
   5960.229      4.563      4.527    13.3816    13.3821   4.197614   4.198383    35.6056    35.6124     2.7773  267.41089     0.0000     0.0000     2.7723     4.7188     4.9928     0.0000     0.0628     0.1103          1 0.0000e+00
   5960.729      4.748      4.719    13.3816    13.3824   4.197659   4.198433    35.6059    35.6124     2.7764  267.12256     0.0000     0.0000     2.7715     4.7262     4.9927     0.0000     0.0623     0.1106          1 0.0000e+00
   5961.229      4.800      4.772    13.3811    13.3824   4.197614   4.198414    35.6059    35.6122     2.7759  266.89005     0.0000     0.0000     2.7710     4.7265     4.9928     0.0000     0.0623     0.1104          1 0.0000e+00
   5961.729      4.732      4.688    13.3818    13.3822   4.197678   4.198386    35.6059    35.6123     2.7755  266.83040     0.0000     0.0000     2.7706     4.7273     4.9927     0.0000     0.0623     0.1095          1 0.0000e+00
   5962.229      4.632      4.595    13.3810    13.3815   4.197591   4.198320    35.6059    35.6123     2.7753  266.92772     0.0000     0.0000     2.7704     4.7265     4.9929     0.0000     0.0635     0.1105          1 0.0000e+00
   5962.729      4.530      4.484    13.3808    13.3815   4.197566   4.198300    35.6059    35.6122     2.7756  267.03258     0.0000     0.0000     2.7707     4.7261     4.9927     0.0000     0.0660     0.1122          1 0.0000e+00
   5963.229      4.469      4.427    13.3802    13.3813   4.197487   4.198263    35.6057    35.6121     2.7768  267.34900     0.0000     0.0000     2.7719     4.7256     4.9927     0.0000     0.0660     0.1117          1 0.0000e+00
   5963.729      4.442      4.406    13.3793    13.3815   4.197389   4.198307    35.6057    35.6123     2.7781  267.72668     0.0000     0.0000     2.7731     4.7250     4.9927     0.0000     0.0660     0.1098          1 0.0000e+00
   5964.229      4.424      4.388    13.3789    13.3815   4.197379   4.198303    35.6059    35.6122     2.7790  267.98887     0.0000     0.0000     2.7740     4.7245     4.9928     0.0000     0.0659     0.1099          1 0.0000e+00
   5964.729      4.384      4.345    13.3802    13.3819   4.197443   4.198284    35.6054    35.6118     2.7794  267.99536     0.0000     0.0000     2.7744     4.7156     4.9928     0.0000     0.0623     0.1110          1 0.0000e+00
   5965.229      4.316      4.279    13.3805    13.3822   4.197512   4.198373    35.6058    35.6123     2.7789  267.76884     0.0000     0.0000     2.7739     4.7101     4.9928     0.0000     0.0623     0.1109          1 0.0000e+00
