odissea/cruise_data/ce25007/data/ctd/ce25007_019.cnv
* Sea-Bird SBE 9 Data File:
* FileName = C:\CE_CTD_Data\2025_CTD_Data\CE25007\CE25007_019.hdr
* Software Version Seasave V 7.26.7.121
* Temperature SN = 4382
* Conductivity SN = 2796
* Number of Bytes Per Scan = 40
* Number of Voltage Words = 5
* Number of Scans Averaged by the Deck Unit = 1
* NMEA Latitude = 54 33.13 N
* NMEA Longitude = 018 51.34 W
* NMEA UTC (Time) = May 15 2025 03:54:31
* NMEA baud rate = 4800
** Cruise: CE18001
** PSO: Caroline Cusack
** CTD operator:
** Technician:
** Cast No:
** Station:
** Event No:
** Sea state:
** Wind speed:
** Sounding depth
# nquan = 21
# nvalues = 12063                       
# units = specified
# name 0 = timeS: Time, Elapsed [seconds]
# name 1 = prDM: Pressure, Digiquartz [db]
# name 2 = depSM: Depth [salt water, m]
# name 3 = t090C: Temperature [ITS-90, deg C]
# name 4 = t190C: Temperature, 2 [ITS-90, deg C]
# name 5 = c0S/m: Conductivity [S/m]
# name 6 = c1S/m: Conductivity, 2 [S/m]
# name 7 = sal00: Salinity, Practical [PSU]
# name 8 = sal11: Salinity, Practical, 2 [PSU]
# name 9 = sbeox0V: Oxygen raw, SBE 43 [V]
# name 10 = sbeox0Mm/L: Oxygen, SBE 43 [umol/l]
# name 11 = v0: Voltage 0
# name 12 = v1: Voltage 1
# name 13 = v2: Voltage 2
# name 14 = v3: Voltage 3
# name 15 = v4: Voltage 4
# name 16 = v5: Voltage 5
# name 17 = v6: Voltage 6
# name 18 = v7: Voltage 7
# name 19 = pumps: Pump Status
# name 20 = flag: flag
# span 0 =      0.229,   6031.229       
# span 1 =     -0.251,   1226.509       
# span 2 =     -0.252,   1211.942       
# span 3 =     5.4447,    14.6554       
# span 4 =     5.4436,    14.9855       
# span 5 =   0.001249,   4.140880       
# span 6 =   0.002393,   4.140858       
# span 7 =     0.0146,    35.5377       
# span 8 =     0.0188,    35.5437       
# span 9 =     1.8170,     2.8484       
# span 10 =  189.23791,  339.07743      
# span 11 =     0.0000,     0.0000      
# span 12 =     0.0000,     0.0000      
# span 13 =     1.8144,     2.8474      
# span 14 =     0.0036,     4.7856      
# span 15 =     0.3205,     5.0000      
# span 16 =     0.0000,     0.0000      
# span 17 =     0.0183,     0.4891      
# span 18 =     0.0914,     3.6923      
# span 19 =          0,          1      
# span 20 = 0.0000e+00, 0.0000e+00      
# interval = seconds: 0.5               
# start_time = May 15 2025 03:54:31 [NMEA time, header]
# bad_flag = -9.990e-29
*END*
[from data line 7173]
   3586.729    848.245    838.912     8.1835     8.1780   3.700386   3.700349    35.2578    35.2631     1.8297  194.60684     0.0000     0.0000     1.8220     4.7390     4.9974     0.0000     0.0305     0.1072          1 0.0000e+00
   3587.229    847.727    838.397     8.2069     8.2004   3.702794   3.702587    35.2598    35.2643     1.8305  194.77106     0.0000     0.0000     1.8229     4.7392     4.9974     0.0000     0.0295     0.1058          1 0.0000e+00
   3587.729    847.264    837.944     8.2248     8.2279   3.704592   3.705431    35.2610    35.2666     1.8314  195.00816     0.0000     0.0000     1.8237     4.7390     4.9976     0.0000     0.0293     0.1055          1 0.0000e+00
   3588.229    846.877    837.558     8.2395     8.2417   3.706033   3.706834    35.2616    35.2678     1.8319  195.14466     0.0000     0.0000     1.8242     4.7391     4.9974     0.0000     0.0301     0.1046          1 0.0000e+00
   3588.729    846.571    837.256     8.2321     8.2330   3.705051   3.705673    35.2590    35.2647     1.8324  195.20944     0.0000     0.0000     1.8247     4.7391     4.9974     0.0000     0.0305     0.1046          1 0.0000e+00
   3589.229    846.335    837.030     8.1887     8.1815   3.700714   3.700562    35.2576    35.2634     1.8320  195.20363     0.0000     0.0000     1.8243     4.7391     4.9974     0.0000     0.0299     0.1059          1 0.0000e+00
   3589.729    846.126    836.830     8.1978     8.1956   3.701788   3.702071    35.2599    35.2651     1.8315  194.77701     0.0000     0.0000     1.8238     4.7391     4.9975     0.0000     0.0293     0.1070          1 0.0000e+00
   3590.229    845.852    836.556     8.1896     8.2004   3.701282   3.702596    35.2631    35.2660     1.8298  194.11992     0.0000     0.0000     1.8221     4.7391     4.9976     0.0000     0.0293     0.1075          1 0.0000e+00
   3590.729    845.502    836.220     8.2123     8.2030   3.703654   3.702989    35.2652    35.2678     1.8294  193.59393     0.0000     0.0000     1.8217     4.7392     4.9974     0.0000     0.0293     0.1079          1 0.0000e+00
   3591.229    845.077    835.793     8.2519     8.2176   3.707230   3.704237    35.2630    35.2663     1.8283  193.21707     0.0000     0.0000     1.8206     4.7390     4.9975     0.0000     0.0296     0.1076          1 0.0000e+00
   3591.729    844.588    835.311     8.2458     8.2338   3.706640   3.706256    35.2634    35.2715     1.8293  193.66500     0.0000     0.0000     1.8216     4.7392     4.9975     0.0000     0.0305     0.1069          1 0.0000e+00
   3592.229    844.055    834.785     8.2647     8.2645   3.708801   3.709435    35.2673    35.2742     1.8290  193.89130     0.0000     0.0000     1.8213     4.7394     4.9976     0.0000     0.0303     0.1071          1 0.0000e+00
   3592.729    843.501    834.227     8.2956     8.3016   3.712006   3.713037    35.2702    35.2748     1.8294  193.98202     0.0000     0.0000     1.8217     4.7391     4.9974     0.0000     0.0293     0.1051          1 0.0000e+00
   3593.229    842.953    833.689     8.3115     8.3066   3.713515   3.713536    35.2704    35.2755     1.8301  194.14033     0.0000     0.0000     1.8225     4.7394     4.9974     0.0000     0.0293     0.1058          1 0.0000e+00
   3593.729    842.450    833.197     8.3144     8.3135   3.713816   3.714312    35.2710    35.2771     1.8306  194.31144     0.0000     0.0000     1.8230     4.7393     4.9974     0.0000     0.0305     0.1078          1 0.0000e+00
   3594.229    841.997    832.738     8.3180     8.3170   3.714223   3.714633    35.2721    35.2774     1.8306  194.32691     0.0000     0.0000     1.8230     4.7389     4.9976     0.0000     0.0305     0.1078          1 0.0000e+00
   3594.729    841.596    832.350     8.3215     8.3191   3.714561   3.714886    35.2725    35.2783     1.8295  193.85244     0.0000     0.0000     1.8218     4.7394     4.9975     0.0000     0.0294     0.1055          1 0.0000e+00
   3595.229    841.253    832.009     8.3209     8.3172   3.714521   3.714563    35.2731    35.2772     1.8293  193.41854     0.0000     0.0000     1.8216     4.7391     4.9973     0.0000     0.0293     0.1056          1 0.0000e+00
   3595.729    840.953    831.717     8.3250     8.2967   3.714901   3.712315    35.2732    35.2747     1.8289  193.24129     0.0000     0.0000     1.8212     4.7391     4.9974     0.0000     0.0293     0.1067          1 0.0000e+00
   3596.229    840.681    831.458     8.3186     8.2784   3.714123   3.710626    35.2719    35.2758     1.8282  193.13217     0.0000     0.0000     1.8205     4.7394     4.9974     0.0000     0.0293     0.1070          1 0.0000e+00
   3596.729    840.393    831.164     8.3207     8.2760   3.714629   3.710467    35.2754    35.2768     1.8268  192.85564     0.0000     0.0000     1.8192     4.7390     4.9975     0.0000     0.0293     0.1059          1 0.0000e+00
   3597.229    840.057    830.839     8.3198     8.2994   3.714391   3.712980    35.2740    35.2797     1.8264  192.61681     0.0000     0.0000     1.8188     4.7397     4.9974     0.0000     0.0293     0.1054          1 0.0000e+00
   3597.729    839.686    830.472     8.3289     8.3144   3.715272   3.714208    35.2744    35.2777     1.8257  192.48703     0.0000     0.0000     1.8181     4.7393     4.9975     0.0000     0.0299     0.1057          1 0.0000e+00
   3598.229    839.297    830.085     8.3204     8.3209   3.714495   3.715092    35.2752    35.2807     1.8258  192.65232     0.0000     0.0000     1.8182     4.7392     4.9975     0.0000     0.0305     0.1058          1 0.0000e+00
   3598.729    838.886    829.680     8.3410     8.3272   3.716607   3.715669    35.2768    35.2807     1.8261  192.91514     0.0000     0.0000     1.8185     4.7393     4.9975     0.0000     0.0300     0.1055          1 0.0000e+00
   3599.229    838.466    829.261     8.3548     8.3391   3.717867   3.716851    35.2764    35.2813     1.8264  193.13872     0.0000     0.0000     1.8188     4.7390     4.9975     0.0000     0.0293     0.1056          1 0.0000e+00
   3599.729    838.044    828.851     8.3620     8.3545   3.718713   3.718469    35.2783    35.2831     1.8262  193.16635     0.0000     0.0000     1.8186     4.7394     4.9975     0.0000     0.0291     0.1056          1 0.0000e+00
   3600.229    837.611    828.421     8.3732     8.3690   3.719733   3.719872    35.2781    35.2835     1.8261  192.96552     0.0000     0.0000     1.8185     4.7393     4.9974     0.0000     0.0293     0.1069          1 0.0000e+00
   3600.729    837.160    827.974     8.3756     8.3705   3.719987   3.720029    35.2786    35.2840     1.8262  192.85673     0.0000     0.0000     1.8186     4.7391     4.9975     0.0000     0.0293     0.1068          1 0.0000e+00
   3601.229    836.701    827.525     8.3784     8.3738   3.720251   3.720362    35.2790    35.2846     1.8262  192.84654     0.0000     0.0000     1.8186     4.7395     4.9974     0.0000     0.0293     0.1053          1 0.0000e+00
   3601.729    836.234    827.063     8.3821     8.3797   3.720564   3.720924    35.2789    35.2849     1.8263  192.89916     0.0000     0.0000     1.8187     4.7392     4.9975     0.0000     0.0293     0.1054          1 0.0000e+00
   3602.229    835.759    826.589     8.3835     8.3799   3.720726   3.720914    35.2795    35.2850     1.8262  192.90032     0.0000     0.0000     1.8186     4.7394     4.9974     0.0000     0.0293     0.1032          1 0.0000e+00
   3602.729    835.308    826.143     8.3850     8.3832   3.720849   3.721204    35.2796    35.2851     1.8258  192.68410     0.0000     0.0000     1.8182     4.7393     4.9976     0.0000     0.0293     0.1029          1 0.0000e+00
   3603.229    834.879    825.722     8.3864     8.3845   3.720975   3.721326    35.2799    35.2853     1.8251  192.42625     0.0000     0.0000     1.8175     4.7393     4.9975     0.0000     0.0293     0.1053          1 0.0000e+00
   3603.729    834.473    825.319     8.3889     8.3861   3.721221   3.721492    35.2804    35.2858     1.8251  192.33423     0.0000     0.0000     1.8175     4.7393     4.9974     0.0000     0.0293     0.1054          1 0.0000e+00
   3604.229    834.090    824.938     8.3881     8.3912   3.721092   3.722009    35.2801    35.2864     1.8250  192.35931     0.0000     0.0000     1.8173     4.7394     4.9972     0.0000     0.0293     0.1058          1 0.0000e+00
   3604.729    833.731    824.595     8.3903     8.3906   3.721360   3.721900    35.2810    35.2862     1.8251  192.45880     0.0000     0.0000     1.8175     4.7396     4.9974     0.0000     0.0293     0.1053          1 0.0000e+00
   3605.229    833.384    824.246     8.3939     8.3878   3.721696   3.721615    35.2811    35.2864     1.8253  192.61241     0.0000     0.0000     1.8177     4.7397     4.9973     0.0000     0.0300     0.1057          1 0.0000e+00
   3605.729    833.035    823.904     8.3959     8.3924   3.721887   3.722100    35.2814    35.2870     1.8246  192.46901     0.0000     0.0000     1.8169     4.7394     4.9976     0.0000     0.0305     0.1053          1 0.0000e+00
   3606.229    832.686    823.562     8.3982     8.3938   3.722127   3.722207    35.2818    35.2870     1.8244  192.26450     0.0000     0.0000     1.8167     4.7391     4.9974     0.0000     0.0305     0.1050          1 0.0000e+00
   3606.729    832.326    823.203     8.3994     8.3951   3.722230   3.722331    35.2820    35.2873     1.8242  192.12434     0.0000     0.0000     1.8165     4.7396     4.9976     0.0000     0.0305     0.1046          1 0.0000e+00
   3607.229    831.962    822.845     8.4031     8.3951   3.722586   3.722307    35.2822    35.2873     1.8240  192.10607     0.0000     0.0000     1.8163     4.7393     4.9974     0.0000     0.0300     0.1056          1 0.0000e+00
   3607.729    831.589    822.479     8.4057     8.3963   3.722852   3.722433    35.2827    35.2876     1.8242  192.23055     0.0000     0.0000     1.8165     4.7391     4.9976     0.0000     0.0293     0.1073          1 0.0000e+00
   3608.229    831.205    822.095     8.4085     8.3970   3.723148   3.722439    35.2832    35.2873     1.8242  192.29543     0.0000     0.0000     1.8165     4.7391     4.9976     0.0000     0.0293     0.1065          1 0.0000e+00
   3608.729    830.802    821.703     8.4110     8.4021   3.723382   3.723017    35.2834    35.2884     1.8241  192.29043     0.0000     0.0000     1.8164     4.7400     4.9973     0.0000     0.0291     0.1058          1 0.0000e+00
   3609.229    830.374    821.281     8.4151     8.4090   3.723798   3.723731    35.2839    35.2893     1.8239  192.19308     0.0000     0.0000     1.8162     4.7398     4.9975     0.0000     0.0293     0.1058          1 0.0000e+00
   3609.729    829.927    820.836     8.4207     8.4119   3.724353   3.724004    35.2844    35.2895     1.8241  192.13474     0.0000     0.0000     1.8164     4.7397     4.9976     0.0000     0.0293     0.1057          1 0.0000e+00
   3610.229    829.461    820.377     8.4229     8.4202   3.724548   3.724848    35.2845    35.2902     1.8241  192.17301     0.0000     0.0000     1.8164     4.7398     4.9976     0.0000     0.0293     0.1055          1 0.0000e+00
   3610.729    828.973    819.894     8.4234     8.4215   3.724603   3.724957    35.2849    35.2904     1.8240  192.16996     0.0000     0.0000     1.8163     4.7395     4.9976     0.0000     0.0305     0.1047          1 0.0000e+00
   3611.229    828.488    819.416     8.4245     8.4243   3.724695   3.725235    35.2850    35.2909     1.8241  192.20134     0.0000     0.0000     1.8164     4.7399     4.9975     0.0000     0.0305     0.1043          1 0.0000e+00
   3611.729    828.036    818.961     8.4265     8.4261   3.724863   3.725416    35.2851    35.2912     1.8241  192.13568     0.0000     0.0000     1.8164     4.7397     4.9973     0.0000     0.0305     0.1055          1 0.0000e+00
   3612.229    827.628    818.563     8.4252     8.4270   3.724728   3.725461    35.2852    35.2910     1.8241  192.12125     0.0000     0.0000     1.8164     4.7398     4.9976     0.0000     0.0305     0.1055          1 0.0000e+00
   3612.729    827.259    818.197     8.4259     8.4278   3.724780   3.725511    35.2853    35.2910     1.8239  192.05154     0.0000     0.0000     1.8162     4.7395     4.9976     0.0000     0.0321     0.1057          1 0.0000e+00
   3613.229    826.943    817.889     8.4258     8.4246   3.724751   3.725173    35.2854    35.2910     1.8237  191.99899     0.0000     0.0000     1.8160     4.7397     4.9976     0.0000     0.0326     0.1055          1 0.0000e+00
   3613.729    826.685    817.626     8.4091     8.4175   3.723306   3.724393    35.2874    35.2901     1.8235  191.96981     0.0000     0.0000     1.8158     4.7396     4.9976     0.0000     0.0304     0.1047          1 0.0000e+00
   3614.229    826.471    817.424     8.4146     8.4120   3.723607   3.723851    35.2850    35.2902     1.8234  191.90000     0.0000     0.0000     1.8157     4.7395     4.9974     0.0000     0.0292     0.1044          1 0.0000e+00
   3614.729    826.259    817.222     8.4170     8.4135   3.723812   3.724007    35.2849    35.2905     1.8235  191.92935     0.0000     0.0000     1.8158     4.7399     4.9976     0.0000     0.0293     0.1051          1 0.0000e+00
   3615.229    825.973    816.943     8.4209     8.4121   3.724242   3.723863    35.2856    35.2905     1.8232  191.91156     0.0000     0.0000     1.8155     4.7396     4.9976     0.0000     0.0292     0.1055          1 0.0000e+00
   3615.729    825.612    816.583     8.4241     8.4184   3.724510   3.724545    35.2855    35.2915     1.8233  191.91525     0.0000     0.0000     1.8156     4.7394     4.9976     0.0000     0.0293     0.1065          1 0.0000e+00
   3616.229    825.179    816.153     8.4216     8.4231   3.724177   3.724959    35.2848    35.2913     1.8234  191.97381     0.0000     0.0000     1.8157     4.7398     4.9973     0.0000     0.0292     0.1074          1 0.0000e+00
   3616.729    824.675    815.655     8.4271     8.4257   3.724775   3.725183    35.2856    35.2913     1.8238  192.04092     0.0000     0.0000     1.8161     4.7398     4.9975     0.0000     0.0293     0.1063          1 0.0000e+00
   3617.229    824.109    815.095     8.4264     8.4268   3.724486   3.725099    35.2837    35.2896     1.8239  192.17076     0.0000     0.0000     1.8162     4.7397     4.9976     0.0000     0.0293     0.1032          1 0.0000e+00
   3617.729    823.502    814.498     8.4225     8.4218   3.723936   3.724411    35.2822    35.2878     1.8243  192.29105     0.0000     0.0000     1.8166     4.7398     4.9974     0.0000     0.0295     0.1033          1 0.0000e+00
   3618.229    822.907    813.900     8.4182     8.4184   3.723349   3.723936    35.2807    35.2866     1.8242  192.26833     0.0000     0.0000     1.8165     4.7398     4.9975     0.0000     0.0305     0.1055          1 0.0000e+00
   3618.729    822.363    813.363     8.4177     8.4175   3.723163   3.723762    35.2795    35.2859     1.8242  192.12768     0.0000     0.0000     1.8165     4.7403     4.9974     0.0000     0.0304     0.1055          1 0.0000e+00
   3619.229    821.873    812.878     8.4177     8.4179   3.723162   3.723740    35.2797    35.2856     1.8245  192.09726     0.0000     0.0000     1.8168     4.7404     4.9974     0.0000     0.0293     0.1067          1 0.0000e+00
   3619.729    821.438    812.451     8.4176     8.4180   3.723083   3.723675    35.2793    35.2850     1.8246  192.17524     0.0000     0.0000     1.8169     4.7396     4.9976     0.0000     0.0293     0.1069          1 0.0000e+00
   3620.229    821.058    812.075     8.4176     8.4185   3.723080   3.723747    35.2793    35.2855     1.8248  192.27965     0.0000     0.0000     1.8171     4.7401     4.9975     0.0000     0.0293     0.1070          1 0.0000e+00
