odissea/cruise_data/ce25007/data/ctd/ce25007_015.cnv
* Sea-Bird SBE 9 Data File:
* FileName = C:\CE_CTD_Data\2025_CTD_Data\CE25007\CE25007_015.hdr
* Software Version Seasave V 7.26.7.121
* Temperature SN = 4382
* Conductivity SN = 2796
* Number of Bytes Per Scan = 40
* Number of Voltage Words = 5
* Number of Scans Averaged by the Deck Unit = 1
* NMEA Latitude = 54 22.74 N
* NMEA Longitude = 017 34.74 W
* NMEA UTC (Time) = May 14 2025 16:16:26
* NMEA baud rate = 4800
** Cruise: CE18001
** PSO: Caroline Cusack
** CTD operator:
** Technician:
** Cast No:
** Station:
** Event No:
** Sea state:
** Wind speed:
** Sounding depth
# nquan = 21
# nvalues = 12860                       
# units = specified
# name 0 = timeS: Time, Elapsed [seconds]
# name 1 = prDM: Pressure, Digiquartz [db]
# name 2 = depSM: Depth [salt water, m]
# name 3 = t090C: Temperature [ITS-90, deg C]
# name 4 = t190C: Temperature, 2 [ITS-90, deg C]
# name 5 = c0S/m: Conductivity [S/m]
# name 6 = c1S/m: Conductivity, 2 [S/m]
# name 7 = sal00: Salinity, Practical [PSU]
# name 8 = sal11: Salinity, Practical, 2 [PSU]
# name 9 = sbeox0V: Oxygen raw, SBE 43 [V]
# name 10 = sbeox0Mm/L: Oxygen, SBE 43 [umol/l]
# name 11 = v0: Voltage 0
# name 12 = v1: Voltage 1
# name 13 = v2: Voltage 2
# name 14 = v3: Voltage 3
# name 15 = v4: Voltage 4
# name 16 = v5: Voltage 5
# name 17 = v6: Voltage 6
# name 18 = v7: Voltage 7
# name 19 = pumps: Pump Status
# name 20 = flag: flag
# span 0 =      0.229,   6429.563       
# span 1 =     -0.241,   1840.932       
# span 2 =     -0.242,   1816.443       
# span 3 =     3.2511,    20.6193       
# span 4 =     3.2556,    18.3500       
# span 5 =  -0.006038,   4.220911       
# span 6 =  -0.004634,   4.146299       
# span 7 =     0.0196,    36.5851       
# span 8 =     0.0232,    35.9224       
# span 9 =     1.8756,     2.8073       
# span 10 =  178.07000,  333.18493      
# span 11 =     0.0000,     0.0000      
# span 12 =     0.0000,     0.0000      
# span 13 =     1.8670,     2.8012      
# span 14 =     0.0037,     4.8482      
# span 15 =     0.4637,     4.9991      
# span 16 =     0.0000,     0.0000      
# span 17 =     0.0085,     4.9403      
# span 18 =     0.0379,     0.5226      
# span 19 =          0,          1      
# span 20 = 0.0000e+00, 0.0000e+00      
# interval = seconds: 0.5               
# start_time = May 14 2025 16:16:26 [NMEA time, header]
# bad_flag = -9.990e-29
*END*
[from data line 2483]
   1241.729    916.071    905.865     6.5202     6.5193   3.540710   3.541167    35.1734    35.1793     1.9430  222.00543     0.0000     0.0000     1.9413     4.7461     4.9948     0.0000     0.0293     0.1102          1 0.0000e+00
   1242.229    916.469    906.251     6.5206     6.5206   3.540765   3.541326    35.1733    35.1796     1.9431  222.07619     0.0000     0.0000     1.9414     4.7457     4.9949     0.0000     0.0299     0.1093          1 0.0000e+00
   1242.729    916.893    906.672     6.5193     6.5194   3.540637   3.541217    35.1731    35.1793     1.9430  222.00139     0.0000     0.0000     1.9413     4.7458     4.9950     0.0000     0.0322     0.1057          1 0.0000e+00
   1243.229    917.352    907.126     6.5181     6.5181   3.540560   3.541108    35.1732    35.1792     1.9434  222.02580     0.0000     0.0000     1.9417     4.7458     4.9949     0.0000     0.0326     0.1055          1 0.0000e+00
   1243.729    917.846    907.612     6.5185     6.5185   3.540614   3.541177    35.1731    35.1793     1.9432  221.99737     0.0000     0.0000     1.9415     4.7454     4.9947     0.0000     0.0305     0.1056          1 0.0000e+00
   1244.229    918.369    908.126     6.5183     6.5184   3.540625   3.541187    35.1731    35.1792     1.9433  221.97673     0.0000     0.0000     1.9416     4.7454     4.9950     0.0000     0.0305     0.1053          1 0.0000e+00
   1244.729    918.916    908.671     6.5185     6.5186   3.540670   3.541238    35.1731    35.1793     1.9432  221.95773     0.0000     0.0000     1.9415     4.7455     4.9950     0.0000     0.0293     0.1068          1 0.0000e+00
   1245.229    919.478    909.227     6.5188     6.5185   3.540717   3.541237    35.1730    35.1791     1.9432  221.86341     0.0000     0.0000     1.9415     4.7451     4.9951     0.0000     0.0293     0.1071          1 0.0000e+00
   1245.729    920.029    909.767     6.5182     6.5179   3.540676   3.541208    35.1729    35.1790     1.9433  221.99653     0.0000     0.0000     1.9416     4.7451     4.9949     0.0000     0.0292     0.1073          1 0.0000e+00
   1246.229    920.560    910.291     6.5200     6.5192   3.540903   3.541389    35.1732    35.1794     1.9434  222.00685     0.0000     0.0000     1.9417     4.7447     4.9948     0.0000     0.0293     0.1069          1 0.0000e+00
   1246.729    921.079    910.806     6.5188     6.5190   3.540781   3.541371    35.1728    35.1791     1.9432  222.02558     0.0000     0.0000     1.9415     4.7450     4.9945     0.0000     0.0312     0.1071          1 0.0000e+00
   1247.229    921.589    911.309     6.5182     6.5180   3.540752   3.541284    35.1729    35.1790     1.9432  221.95809     0.0000     0.0000     1.9415     4.7451     4.9946     0.0000     0.0322     0.1070          1 0.0000e+00
   1247.729    922.096    911.804     6.5184     6.5187   3.540798   3.541381    35.1729    35.1790     1.9431  221.94248     0.0000     0.0000     1.9414     4.7451     4.9947     0.0000     0.0302     0.1059          1 0.0000e+00
   1248.229    922.612    912.318     6.5180     6.5169   3.540774   3.541245    35.1728    35.1791     1.9433  222.01661     0.0000     0.0000     1.9416     4.7446     4.9949     0.0000     0.0293     0.1055          1 0.0000e+00
   1248.729    923.139    912.833     6.5175     6.5156   3.540760   3.541117    35.1728    35.1788     1.9431  222.04203     0.0000     0.0000     1.9414     4.7447     4.9949     0.0000     0.0298     0.1065          1 0.0000e+00
   1249.229    923.683    913.376     6.5155     6.5154   3.540585   3.541132    35.1727    35.1789     1.9431  222.03767     0.0000     0.0000     1.9414     4.7446     4.9950     0.0000     0.0305     0.1075          1 0.0000e+00
   1249.729    924.225    913.906     6.5153     6.5148   3.540587   3.541104    35.1726    35.1789     1.9431  222.04563     0.0000     0.0000     1.9414     4.7448     4.9947     0.0000     0.0301     0.1075          1 0.0000e+00
   1250.229    924.752    914.435     6.5190     6.5166   3.540983   3.541296    35.1729    35.1788     1.9430  221.99496     0.0000     0.0000     1.9413     4.7446     4.9946     0.0000     0.0293     0.1074          1 0.0000e+00
   1250.729    925.255    914.930     6.5190     6.5182   3.540990   3.541470    35.1727    35.1789     1.9431  222.03930     0.0000     0.0000     1.9413     4.7444     4.9948     0.0000     0.0288     0.1074          1 0.0000e+00
   1251.229    925.725    915.389     6.5175     6.5179   3.540869   3.541455    35.1727    35.1788     1.9430  222.03540     0.0000     0.0000     1.9412     4.7444     4.9948     0.0000     0.0269     0.1072          1 0.0000e+00
   1251.729    926.172    915.830     6.5179     6.5188   3.540936   3.541578    35.1728    35.1790     1.9432  222.11889     0.0000     0.0000     1.9414     4.7437     4.9950     0.0000     0.0272     0.1072          1 0.0000e+00
   1252.229    926.599    916.252     6.5165     6.5182   3.540818   3.541541    35.1728    35.1789     1.9430  222.11313     0.0000     0.0000     1.9412     4.7440     4.9949     0.0000     0.0293     0.1069          1 0.0000e+00
   1252.729    927.016    916.662     6.5193     6.5180   3.541100   3.541536    35.1727    35.1788     1.9430  222.10300     0.0000     0.0000     1.9412     4.7442     4.9948     0.0000     0.0293     0.1069          1 0.0000e+00
   1253.229    927.451    917.086     6.5193     6.5184   3.541128   3.541610    35.1728    35.1791     1.9432  222.12162     0.0000     0.0000     1.9414     4.7440     4.9949     0.0000     0.0304     0.1070          1 0.0000e+00
   1253.729    927.917    917.549     6.5218     6.5215   3.541394   3.541920    35.1729    35.1790     1.9428  222.03989     0.0000     0.0000     1.9410     4.7442     4.9950     0.0000     0.0305     0.1072          1 0.0000e+00
   1254.229    928.417    918.038     6.5196     6.5185   3.541185   3.541644    35.1726    35.1789     1.9428  222.03548     0.0000     0.0000     1.9410     4.7442     4.9946     0.0000     0.0295     0.1075          1 0.0000e+00
   1254.729    928.949    918.568     6.5165     6.5173   3.540920   3.541557    35.1727    35.1788     1.9428  222.08424     0.0000     0.0000     1.9410     4.7443     4.9949     0.0000     0.0293     0.1076          1 0.0000e+00
   1255.229    929.511    919.121     6.5132     6.5149   3.540606   3.541325    35.1724    35.1785     1.9430  222.18097     0.0000     0.0000     1.9412     4.7440     4.9946     0.0000     0.0301     0.1078          1 0.0000e+00
   1255.729    930.094    919.697     6.5063     6.5081   3.539934   3.540677    35.1720    35.1782     1.9422  222.09731     0.0000     0.0000     1.9405     4.7437     4.9947     0.0000     0.0305     0.1077          1 0.0000e+00
   1256.229    930.670    920.274     6.5052     6.5043   3.539850   3.540322    35.1718    35.1781     1.9420  221.91965     0.0000     0.0000     1.9402     4.7442     4.9944     0.0000     0.0298     0.1086          1 0.0000e+00
   1256.729    931.214    920.805     6.5058     6.5073   3.539966   3.540694    35.1722    35.1787     1.9417  221.80367     0.0000     0.0000     1.9399     4.7434     4.9947     0.0000     0.0293     0.1090          1 0.0000e+00
   1257.229    931.724    921.311     6.5157     6.5158   3.540964   3.541471    35.1726    35.1781     1.9417  221.79498     0.0000     0.0000     1.9399     4.7436     4.9947     0.0000     0.0293     0.1079          1 0.0000e+00
   1257.729    932.192    921.774     6.5115     6.5102   3.540544   3.540938    35.1720    35.1778     1.9416  221.88070     0.0000     0.0000     1.9398     4.7432     4.9949     0.0000     0.0293     0.1070          1 0.0000e+00
   1258.229    932.625    922.198     6.5014     6.5007   3.539499   3.540033    35.1710    35.1776     1.9413  221.98497     0.0000     0.0000     1.9396     4.7437     4.9947     0.0000     0.0293     0.1064          1 0.0000e+00
   1258.729    933.031    922.598     6.4982     6.4996   3.539224   3.539946    35.1710    35.1775     1.9410  221.97841     0.0000     0.0000     1.9392     4.7434     4.9947     0.0000     0.0293     0.1052          1 0.0000e+00
   1259.229    933.437    922.995     6.4839     6.4906   3.537755   3.538962    35.1695    35.1758     1.9407  221.93910     0.0000     0.0000     1.9389     4.7433     4.9949     0.0000     0.0296     0.1055          1 0.0000e+00
   1259.729    933.879    923.430     6.4603     6.4648   3.535412   3.536443    35.1681    35.1747     1.9407  222.04566     0.0000     0.0000     1.9389     4.7433     4.9948     0.0000     0.0305     0.1054          1 0.0000e+00
   1260.229    934.359    923.901     6.4427     6.4436   3.533711   3.534368    35.1673    35.1737     1.9406  222.21666     0.0000     0.0000     1.9388     4.7432     4.9949     0.0000     0.0304     0.1058          1 0.0000e+00
   1260.729    934.879    924.414     6.4378     6.4374   3.533262   3.533769    35.1671    35.1733     1.9396  222.06399     0.0000     0.0000     1.9378     4.7435     4.9945     0.0000     0.0293     0.1052          1 0.0000e+00
   1261.229    935.432    924.963     6.4334     6.4339   3.532836   3.533439    35.1666    35.1729     1.9396  221.94067     0.0000     0.0000     1.9378     4.7435     4.9946     0.0000     0.0293     0.1050          1 0.0000e+00
   1261.729    936.016    925.542     6.4320     6.4326   3.532694   3.533317    35.1662    35.1724     1.9404  222.19239     0.0000     0.0000     1.9385     4.7434     4.9949     0.0000     0.0293     0.1070          1 0.0000e+00
   1262.229    936.606    926.126     6.4289     6.4291   3.532405   3.532982    35.1658    35.1720     1.9406  222.61983     0.0000     0.0000     1.9387     4.7436     4.9947     0.0000     0.0293     0.1067          1 0.0000e+00
   1262.729    937.173    926.688     6.4256     6.4256   3.532107   3.532657    35.1655    35.1716     1.9408  222.92161     0.0000     0.0000     1.9389     4.7433     4.9948     0.0000     0.0293     0.1069          1 0.0000e+00
   1263.229    937.706    927.211     6.4219     6.4221   3.531748   3.532328    35.1651    35.1713     1.9415  223.06517     0.0000     0.0000     1.9397     4.7435     4.9948     0.0000     0.0293     0.1066          1 0.0000e+00
   1263.729    938.212    927.710     6.4191     6.4186   3.531498   3.532003    35.1648    35.1710     1.9418  223.14376     0.0000     0.0000     1.9400     4.7430     4.9949     0.0000     0.0301     0.1073          1 0.0000e+00
   1264.229    938.684    928.180     6.4164     6.4162   3.531252   3.531790    35.1645    35.1708     1.9425  223.37702     0.0000     0.0000     1.9407     4.7431     4.9948     0.0000     0.0305     0.1076          1 0.0000e+00
   1264.729    939.137    928.618     6.4127     6.4129   3.530891   3.531456    35.1641    35.1702     1.9428  223.48339     0.0000     0.0000     1.9410     4.7431     4.9948     0.0000     0.0298     0.1071          1 0.0000e+00
   1265.229    939.586    929.062     6.4054     6.4053   3.530175   3.530734    35.1636    35.1698     1.9431  223.56285     0.0000     0.0000     1.9413     4.7431     4.9947     0.0000     0.0293     0.1067          1 0.0000e+00
   1265.729    940.056    929.524     6.4022     6.4023   3.529889   3.530457    35.1634    35.1696     1.9434  223.55853     0.0000     0.0000     1.9416     4.7425     4.9949     0.0000     0.0293     0.1071          1 0.0000e+00
   1266.229    940.555    930.018     6.3991     6.3994   3.529608   3.530175    35.1631    35.1691     1.9444  223.77936     0.0000     0.0000     1.9425     4.7426     4.9949     0.0000     0.0292     0.1079          1 0.0000e+00
   1266.729    941.078    930.532     6.3853     6.3863   3.528258   3.528901    35.1623    35.1684     1.9444  223.87002     0.0000     0.0000     1.9425     4.7427     4.9947     0.0000     0.0293     0.1074          1 0.0000e+00
   1267.229    941.623    931.077     6.3819     6.3823   3.527978   3.528561    35.1623    35.1684     1.9446  223.91999     0.0000     0.0000     1.9427     4.7428     4.9945     0.0000     0.0293     0.1070          1 0.0000e+00
   1267.729    942.177    931.615     6.3792     6.3801   3.527738   3.528354    35.1621    35.1681     1.9446  223.72226     0.0000     0.0000     1.9427     4.7426     4.9951     0.0000     0.0293     0.1066          1 0.0000e+00
   1268.229    942.721    932.165     6.3772     6.3776   3.527562   3.528146    35.1619    35.1680     1.9446  223.66788     0.0000     0.0000     1.9427     4.7424     4.9950     0.0000     0.0293     0.1051          1 0.0000e+00
   1268.729    943.231    932.660     6.3747     6.3746   3.527346   3.527878    35.1617    35.1678     1.9445  223.62193     0.0000     0.0000     1.9426     4.7422     4.9949     0.0000     0.0294     0.1052          1 0.0000e+00
   1269.229    943.713    933.141     6.3709     6.3714   3.526977   3.527565    35.1613    35.1673     1.9445  223.63837     0.0000     0.0000     1.9426     4.7425     4.9942     0.0000     0.0305     0.1068          1 0.0000e+00
   1269.729    944.170    933.589     6.3644     6.3662   3.526334   3.527061    35.1606    35.1669     1.9446  223.67473     0.0000     0.0000     1.9427     4.7423     4.9949     0.0000     0.0305     0.1070          1 0.0000e+00
   1270.229    944.606    934.014     6.3561     6.3579   3.525562   3.526306    35.1605    35.1668     1.9447  223.82308     0.0000     0.0000     1.9428     4.7424     4.9949     0.0000     0.0293     0.1053          1 0.0000e+00
   1270.729    945.032    934.436     6.3552     6.3556   3.525507   3.526107    35.1605    35.1667     1.9445  223.81214     0.0000     0.0000     1.9426     4.7423     4.9949     0.0000     0.0291     0.1052          1 0.0000e+00
   1271.229    945.474    934.867     6.3541     6.3542   3.525445   3.526001    35.1605    35.1666     1.9445  223.78084     0.0000     0.0000     1.9426     4.7419     4.9949     0.0000     0.0293     0.1040          1 0.0000e+00
   1271.729    945.945    935.338     6.3539     6.3540   3.525445   3.526010    35.1604    35.1667     1.9446  223.78507     0.0000     0.0000     1.9427     4.7414     4.9949     0.0000     0.0293     0.1041          1 0.0000e+00
   1272.229    946.439    935.822     6.3536     6.3535   3.525447   3.525978    35.1604    35.1665     1.9445  223.80801     0.0000     0.0000     1.9426     4.7419     4.9949     0.0000     0.0301     0.1061          1 0.0000e+00
   1272.729    946.950    936.326     6.3494     6.3501   3.525033   3.525631    35.1598    35.1658     1.9443  223.80092     0.0000     0.0000     1.9424     4.7420     4.9946     0.0000     0.0305     0.1070          1 0.0000e+00
   1273.229    947.476    936.851     6.3430     6.3439   3.524430   3.525065    35.1595    35.1656     1.9445  223.85454     0.0000     0.0000     1.9426     4.7413     4.9946     0.0000     0.0298     0.1066          1 0.0000e+00
   1273.729    947.991    937.356     6.3383     6.3383   3.523958   3.524527    35.1589    35.1652     1.9438  223.74960     0.0000     0.0000     1.9419     4.7412     4.9947     0.0000     0.0293     0.1068          1 0.0000e+00
   1274.229    948.489    937.849     6.3336     6.3324   3.523523   3.523964    35.1586    35.1648     1.9436  223.63032     0.0000     0.0000     1.9417     4.7412     4.9947     0.0000     0.0293     0.1073          1 0.0000e+00
   1274.729    948.972    938.326     6.3262     6.3248   3.522787   3.523197    35.1578    35.1640     1.9433  223.53379     0.0000     0.0000     1.9414     4.7411     4.9946     0.0000     0.0293     0.1075          1 0.0000e+00
   1275.229    949.448    938.788     6.3171     6.3153   3.521859   3.522235    35.1568    35.1629     1.9432  223.60532     0.0000     0.0000     1.9413     4.7412     4.9949     0.0000     0.0296     0.1071          1 0.0000e+00
