odissea/cruise_data/ce25007/data/ctd/ce25007_022.cnv
* Sea-Bird SBE 9 Data File:
* FileName = C:\CE_CTD_Data\2025_CTD_Data\CE25007\CE25007_022.hdr
* Software Version Seasave V 7.26.7.121
* Temperature SN = 4382
* Conductivity SN = 2796
* Number of Bytes Per Scan = 40
* Number of Voltage Words = 5
* Number of Scans Averaged by the Deck Unit = 1
* NMEA Latitude = 54 30.67 N
* NMEA Longitude = 020 15.92 W
* NMEA UTC (Time) = May 15 2025 16:37:31
* NMEA baud rate = 4800
** Cruise: CE18001
** PSO: Caroline Cusack
** CTD operator:
** Technician:
** Cast No:
** Station:
** Event No:
** Sea state:
** Wind speed:
** Sounding depth
# nquan = 21
# nvalues = 15683                       
# units = specified
# name 0 = timeS: Time, Elapsed [seconds]
# name 1 = prDM: Pressure, Digiquartz [db]
# name 2 = depSM: Depth [salt water, m]
# name 3 = t090C: Temperature [ITS-90, deg C]
# name 4 = t190C: Temperature, 2 [ITS-90, deg C]
# name 5 = c0S/m: Conductivity [S/m]
# name 6 = c1S/m: Conductivity, 2 [S/m]
# name 7 = sal00: Salinity, Practical [PSU]
# name 8 = sal11: Salinity, Practical, 2 [PSU]
# name 9 = sbeox0V: Oxygen raw, SBE 43 [V]
# name 10 = sbeox0Mm/L: Oxygen, SBE 43 [umol/l]
# name 11 = v0: Voltage 0
# name 12 = v1: Voltage 1
# name 13 = v2: Voltage 2
# name 14 = v3: Voltage 3
# name 15 = v4: Voltage 4
# name 16 = v5: Voltage 5
# name 17 = v6: Voltage 6
# name 18 = v7: Voltage 7
# name 19 = pumps: Pump Status
# name 20 = flag: flag
# span 0 =      0.229,   7841.229       
# span 1 =     -0.334,   2133.045       
# span 2 =     -0.374,   2103.207       
# span 3 =     3.4580,    16.0966       
# span 4 =     3.4589,    16.1904       
# span 5 =   0.005809,   4.047522       
# span 6 =   0.012970,   4.045767       
# span 7 =     0.0374,    35.5461       
# span 8 =     0.0758,    35.5491       
# span 9 =     1.8694,     2.8867       
# span 10 =  201.72060,  351.13776      
# span 11 =     0.0000,     0.0000      
# span 12 =     0.0000,     0.0000      
# span 13 =     1.8595,     2.8802      
# span 14 =     0.0033,     4.8892      
# span 15 =     0.0468,     5.0000      
# span 16 =     0.0000,     0.0000      
# span 17 =     0.0061,     0.3730      
# span 18 =     0.0085,     1.9315      
# span 19 =          0,          1      
# span 20 = 0.0000e+00, 0.0000e+00      
# interval = seconds: 0.5               
# start_time = May 15 2025 16:37:31 [NMEA time, header]
# bad_flag = -9.990e-29
*END*
[from data line 7242]
   3621.229   1723.056   1700.589     3.6766     3.6767   3.294655   3.295156    34.9166    34.9224     1.9869  273.21153     0.0000     0.0000     1.9697     4.6501     4.9987     0.0000     0.0293     0.1066          1 0.0000e+00
   3621.729   1723.043   1700.570     3.6766     3.6767   3.294650   3.295159    34.9166    34.9224     1.9870  273.34740     0.0000     0.0000     1.9698     4.6503     4.9987     0.0000     0.0293     0.1074          1 0.0000e+00
   3622.229   1722.961   1700.487     3.6764     3.6769   3.294632   3.295182    34.9167    34.9226     1.9869  273.28117     0.0000     0.0000     1.9697     4.6505     4.9988     0.0000     0.0293     0.1075          1 0.0000e+00
   3622.729   1722.825   1700.356     3.6767     3.6772   3.294663   3.295204    34.9168    34.9226     1.9869  273.30862     0.0000     0.0000     1.9697     4.6502     4.9988     0.0000     0.0292     0.1074          1 0.0000e+00
   3623.229   1722.632   1700.166     3.6766     3.6773   3.294634   3.295202    34.9166    34.9225     1.9870  273.34348     0.0000     0.0000     1.9698     4.6502     4.9989     0.0000     0.0293     0.1064          1 0.0000e+00
   3623.729   1722.400   1699.935     3.6769     3.6774   3.294649   3.295198    34.9166    34.9225     1.9871  273.36199     0.0000     0.0000     1.9699     4.6501     4.9985     0.0000     0.0293     0.1051          1 0.0000e+00
   3624.229   1722.138   1699.676     3.6771     3.6775   3.294657   3.295202    34.9165    34.9226     1.9871  273.45067     0.0000     0.0000     1.9699     4.6503     4.9987     0.0000     0.0293     0.1050          1 0.0000e+00
   3624.729   1721.849   1699.392     3.6772     3.6776   3.294657   3.295198    34.9166    34.9225     1.9878  273.71418     0.0000     0.0000     1.9705     4.6501     4.9988     0.0000     0.0293     0.1052          1 0.0000e+00
   3625.229   1721.542   1699.092     3.6773     3.6779   3.294646   3.295203    34.9165    34.9224     1.9875  273.71025     0.0000     0.0000     1.9702     4.6501     4.9988     0.0000     0.0293     0.1052          1 0.0000e+00
   3625.729   1721.234   1698.786     3.6772     3.6778   3.294626   3.295194    34.9165    34.9226     1.9876  273.49148     0.0000     0.0000     1.9703     4.6501     4.9988     0.0000     0.0293     0.1050          1 0.0000e+00
   3626.229   1720.964   1698.514     3.6772     3.6778   3.294625   3.295159    34.9166    34.9224     1.9880  273.58421     0.0000     0.0000     1.9707     4.6503     4.9988     0.0000     0.0293     0.1050          1 0.0000e+00
   3626.729   1720.760   1698.314     3.6771     3.6776   3.294598   3.295156    34.9166    34.9226     1.9879  273.64003     0.0000     0.0000     1.9706     4.6500     4.9988     0.0000     0.0292     0.1050          1 0.0000e+00
   3627.229   1720.644   1698.198     3.6770     3.6776   3.294597   3.295137    34.9167    34.9224     1.9880  273.68789     0.0000     0.0000     1.9707     4.6502     4.9987     0.0000     0.0293     0.1051          1 0.0000e+00
   3627.729   1720.638   1698.193     3.6772     3.6778   3.294605   3.295164    34.9166    34.9226     1.9880  273.51433     0.0000     0.0000     1.9707     4.6504     4.9986     0.0000     0.0305     0.1066          1 0.0000e+00
   3628.229   1720.751   1698.299     3.6773     3.6779   3.294628   3.295187    34.9167    34.9227     1.9880  273.49034     0.0000     0.0000     1.9707     4.6503     4.9988     0.0000     0.0305     0.1071          1 0.0000e+00
   3628.729   1720.980   1698.528     3.6775     3.6777   3.294660   3.295187    34.9167    34.9227     1.9880  273.47570     0.0000     0.0000     1.9707     4.6505     4.9986     0.0000     0.0305     0.1047          1 0.0000e+00
   3629.229   1721.318   1698.865     3.6776     3.6779   3.294684   3.295212    34.9167    34.9227     1.9879  273.42606     0.0000     0.0000     1.9706     4.6500     4.9988     0.0000     0.0305     0.1040          1 0.0000e+00
   3629.729   1721.718   1699.260     3.6772     3.6779   3.294671   3.295236    34.9168    34.9227     1.9881  273.51790     0.0000     0.0000     1.9708     4.6506     4.9988     0.0000     0.0296     0.1049          1 0.0000e+00
   3630.229   1722.126   1699.670     3.6771     3.6775   3.294672   3.295212    34.9167    34.9227     1.9876  273.35940     0.0000     0.0000     1.9703     4.6500     4.9987     0.0000     0.0293     0.1051          1 0.0000e+00
   3630.729   1722.478   1700.014     3.6771     3.6775   3.294686   3.295209    34.9167    34.9225     1.9871  273.09758     0.0000     0.0000     1.9699     4.6502     4.9988     0.0000     0.0293     0.1046          1 0.0000e+00
   3631.229   1722.781   1700.316     3.6772     3.6775   3.294699   3.295233    34.9166    34.9226     1.9872  273.01565     0.0000     0.0000     1.9700     4.6502     4.9987     0.0000     0.0293     0.1041          1 0.0000e+00
   3631.729   1723.033   1700.562     3.6772     3.6773   3.294711   3.295221    34.9167    34.9226     1.9871  273.12045     0.0000     0.0000     1.9699     4.6503     4.9986     0.0000     0.0282     0.1040          1 0.0000e+00
   3632.229   1723.184   1700.716     3.6771     3.6774   3.294709   3.295239    34.9166    34.9226     1.9870  273.25714     0.0000     0.0000     1.9698     4.6502     4.9986     0.0000     0.0269     0.1041          1 0.0000e+00
   3632.729   1723.217   1700.746     3.6771     3.6777   3.294716   3.295261    34.9167    34.9225     1.9867  273.13764     0.0000     0.0000     1.9695     4.6502     4.9985     0.0000     0.0277     0.1044          1 0.0000e+00
   3633.229   1723.132   1700.661     3.6772     3.6777   3.294714   3.295262    34.9166    34.9226     1.9871  273.25304     0.0000     0.0000     1.9699     4.6501     4.9988     0.0000     0.0293     0.1052          1 0.0000e+00
   3633.729   1722.946   1700.474     3.6773     3.6778   3.294699   3.295244    34.9164    34.9224     1.9868  273.29794     0.0000     0.0000     1.9696     4.6500     4.9987     0.0000     0.0293     0.1053          1 0.0000e+00
   3634.229   1722.677   1700.212     3.6774     3.6779   3.294702   3.295273    34.9165    34.9227     1.9870  273.36690     0.0000     0.0000     1.9698     4.6504     4.9988     0.0000     0.0293     0.1051          1 0.0000e+00
   3634.729   1722.361   1699.891     3.6777     3.6782   3.294722   3.295278    34.9165    34.9226     1.9867  273.25051     0.0000     0.0000     1.9695     4.6504     4.9988     0.0000     0.0293     0.1053          1 0.0000e+00
   3635.229   1722.063   1699.598     3.6779     3.6783   3.294732   3.295267    34.9167    34.9225     1.9869  273.22263     0.0000     0.0000     1.9697     4.6500     4.9989     0.0000     0.0291     0.1067          1 0.0000e+00
   3635.729   1721.807   1699.349     3.6778     3.6784   3.294708   3.295268    34.9166    34.9226     1.9870  273.40712     0.0000     0.0000     1.9698     4.6502     4.9988     0.0000     0.0293     0.1069          1 0.0000e+00
   3636.229   1721.599   1699.137     3.6778     3.6784   3.294698   3.295241    34.9166    34.9224     1.9867  273.25842     0.0000     0.0000     1.9695     4.6503     4.9987     0.0000     0.0270     0.1067          1 0.0000e+00
   3636.729   1721.450   1698.991     3.6779     3.6783   3.294704   3.295236    34.9166    34.9224     1.9870  273.38267     0.0000     0.0000     1.9698     4.6501     4.9988     0.0000     0.0269     0.1067          1 0.0000e+00
   3637.229   1721.388   1698.934     3.6778     3.6783   3.294703   3.295234    34.9167    34.9225     1.9869  273.22139     0.0000     0.0000     1.9697     4.6503     4.9989     0.0000     0.0290     0.1063          1 0.0000e+00
   3637.729   1721.399   1698.941     3.6778     3.6782   3.294706   3.295243    34.9167    34.9227     1.9873  273.43627     0.0000     0.0000     1.9700     4.6505     4.9988     0.0000     0.0293     0.1066          1 0.0000e+00
   3638.229   1721.456   1699.012     3.6778     3.6783   3.294702   3.295231    34.9167    34.9224     1.9877  273.65001     0.0000     0.0000     1.9704     4.6500     4.9987     0.0000     0.0302     0.1071          1 0.0000e+00
   3638.729   1721.517   1699.064     3.6777     3.6783   3.294700   3.295238    34.9168    34.9225     1.9873  273.59454     0.0000     0.0000     1.9700     4.6502     4.9988     0.0000     0.0305     0.1070          1 0.0000e+00
   3639.229   1721.566   1699.116     3.6777     3.6782   3.294700   3.295235    34.9167    34.9225     1.9877  273.66532     0.0000     0.0000     1.9704     4.6501     4.9986     0.0000     0.0305     0.1082          1 0.0000e+00
   3639.729   1721.602   1699.145     3.6775     3.6780   3.294681   3.295204    34.9167    34.9223     1.9877  273.55438     0.0000     0.0000     1.9704     4.6503     4.9986     0.0000     0.0305     0.1091          1 0.0000e+00
   3640.229   1721.669   1699.206     3.6773     3.6780   3.294671   3.295214    34.9167    34.9225     1.9880  273.65205     0.0000     0.0000     1.9707     4.6502     4.9988     0.0000     0.0299     0.1079          1 0.0000e+00
   3640.729   1721.806   1699.341     3.6772     3.6780   3.294668   3.295231    34.9168    34.9225     1.9880  273.67926     0.0000     0.0000     1.9707     4.6503     4.9988     0.0000     0.0293     0.1067          1 0.0000e+00
   3641.229   1722.001   1699.542     3.6772     3.6776   3.294661   3.295201    34.9166    34.9226     1.9879  273.63293     0.0000     0.0000     1.9706     4.6500     4.9987     0.0000     0.0297     0.1068          1 0.0000e+00
   3641.729   1722.239   1699.772     3.6771     3.6775   3.294672   3.295216    34.9167    34.9228     1.9878  273.48341     0.0000     0.0000     1.9705     4.6502     4.9988     0.0000     0.0305     0.1070          1 0.0000e+00
   3642.229   1722.502   1700.032     3.6770     3.6774   3.294665   3.295214    34.9166    34.9227     1.9876  273.34103     0.0000     0.0000     1.9703     4.6506     4.9988     0.0000     0.0305     0.1063          1 0.0000e+00
   3642.729   1722.766   1700.299     3.6769     3.6776   3.294671   3.295227    34.9166    34.9225     1.9876  273.27382     0.0000     0.0000     1.9703     4.6503     4.9988     0.0000     0.0305     0.1051          1 0.0000e+00
   3643.229   1722.980   1700.513     3.6767     3.6771   3.294654   3.295213    34.9166    34.9227     1.9871  273.14785     0.0000     0.0000     1.9698     4.6501     4.9988     0.0000     0.0305     0.1057          1 0.0000e+00
   3643.729   1723.113   1700.638     3.6767     3.6773   3.294672   3.295217    34.9168    34.9225     1.9869  272.93785     0.0000     0.0000     1.9696     4.6501     4.9988     0.0000     0.0305     0.1069          1 0.0000e+00
   3644.229   1723.165   1700.698     3.6769     3.6775   3.294694   3.295239    34.9168    34.9225     1.9871  273.09292     0.0000     0.0000     1.9698     4.6499     4.9988     0.0000     0.0305     0.1069          1 0.0000e+00
   3644.729   1723.118   1700.648     3.6771     3.6776   3.294707   3.295242    34.9166    34.9225     1.9868  273.10443     0.0000     0.0000     1.9695     4.6501     4.9987     0.0000     0.0305     0.1068          1 0.0000e+00
   3645.229   1722.970   1700.504     3.6770     3.6776   3.294672   3.295228    34.9165    34.9224     1.9869  273.29590     0.0000     0.0000     1.9696     4.6505     4.9986     0.0000     0.0305     0.1066          1 0.0000e+00
   3645.729   1722.729   1700.256     3.6772     3.6777   3.294685   3.295245    34.9165    34.9226     1.9874  273.48804     0.0000     0.0000     1.9701     4.6504     4.9988     0.0000     0.0295     0.1073          1 0.0000e+00
   3646.229   1722.437   1699.974     3.6776     3.6780   3.294701   3.295260    34.9164    34.9226     1.9872  273.57374     0.0000     0.0000     1.9699     4.6501     4.9988     0.0000     0.0293     0.1076          1 0.0000e+00
   3646.729   1722.123   1699.655     3.6778     3.6781   3.294724   3.295265    34.9166    34.9226     1.9877  273.73197     0.0000     0.0000     1.9704     4.6500     4.9987     0.0000     0.0293     0.1058          1 0.0000e+00
   3647.229   1721.841   1699.379     3.6779     3.6783   3.294711   3.295263    34.9165    34.9226     1.9874  273.59415     0.0000     0.0000     1.9701     4.6499     4.9988     0.0000     0.0293     0.1050          1 0.0000e+00
   3647.729   1721.616   1699.161     3.6778     3.6783   3.294700   3.295245    34.9166    34.9225     1.9878  273.57128     0.0000     0.0000     1.9705     4.6503     4.9987     0.0000     0.0300     0.1059          1 0.0000e+00
   3648.229   1721.433   1698.977     3.6778     3.6783   3.294703   3.295239    34.9167    34.9226     1.9879  273.66760     0.0000     0.0000     1.9706     4.6499     4.9989     0.0000     0.0305     0.1067          1 0.0000e+00
   3648.729   1721.321   1698.865     3.6778     3.6782   3.294684   3.295232    34.9166    34.9226     1.9877  273.51253     0.0000     0.0000     1.9704     4.6501     4.9988     0.0000     0.0299     0.1069          1 0.0000e+00
   3649.229   1721.295   1698.842     3.6777     3.6782   3.294688   3.295223    34.9167    34.9225     1.9878  273.58005     0.0000     0.0000     1.9705     4.6501     4.9988     0.0000     0.0293     0.1075          1 0.0000e+00
   3649.729   1721.312   1698.852     3.6777     3.6782   3.294686   3.295218    34.9167    34.9224     1.9879  273.45438     0.0000     0.0000     1.9706     4.6501     4.9988     0.0000     0.0297     0.1066          1 0.0000e+00
   3650.229   1721.364   1698.922     3.6775     3.6781   3.294682   3.295225    34.9168    34.9226     1.9880  273.56948     0.0000     0.0000     1.9707     4.6505     4.9986     0.0000     0.0305     0.1052          1 0.0000e+00
   3650.729   1721.418   1698.969     3.6775     3.6782   3.294671   3.295228    34.9167    34.9226     1.9880  273.57988     0.0000     0.0000     1.9707     4.6503     4.9987     0.0000     0.0302     0.1055          1 0.0000e+00
   3651.229   1721.460   1699.009     3.6774     3.6782   3.294659   3.295223    34.9167    34.9225     1.9880  273.57833     0.0000     0.0000     1.9707     4.6499     4.9988     0.0000     0.0293     0.1066          1 0.0000e+00
   3651.729   1721.509   1699.053     3.6771     3.6780   3.294656   3.295221    34.9168    34.9226     1.9880  273.50955     0.0000     0.0000     1.9707     4.6501     4.9987     0.0000     0.0293     0.1064          1 0.0000e+00
   3652.229   1721.593   1699.134     3.6772     3.6780   3.294665   3.295213    34.9168    34.9226     1.9880  273.49592     0.0000     0.0000     1.9707     4.6506     4.9987     0.0000     0.0293     0.1051          1 0.0000e+00
   3652.729   1721.741   1699.279     3.6772     3.6777   3.294672   3.295198    34.9169    34.9226     1.9881  273.54026     0.0000     0.0000     1.9708     4.6502     4.9987     0.0000     0.0293     0.1050          1 0.0000e+00
   3653.229   1721.947   1699.488     3.6771     3.6775   3.294671   3.295200    34.9168    34.9227     1.9877  273.40208     0.0000     0.0000     1.9704     4.6501     4.9988     0.0000     0.0305     0.1053          1 0.0000e+00
   3653.729   1722.191   1699.723     3.6770     3.6774   3.294665   3.295207    34.9167    34.9227     1.9875  273.24366     0.0000     0.0000     1.9702     4.6503     4.9988     0.0000     0.0305     0.1052          1 0.0000e+00
   3654.229   1722.476   1700.004     3.6771     3.6775   3.294680   3.295217    34.9167    34.9227     1.9876  273.24374     0.0000     0.0000     1.9703     4.6504     4.9987     0.0000     0.0295     0.1050          1 0.0000e+00
   3654.729   1722.789   1700.315     3.6766     3.6770   3.294652   3.295196    34.9168    34.9227     1.9870  273.02335     0.0000     0.0000     1.9697     4.6500     4.9988     0.0000     0.0293     0.1051          1 0.0000e+00
