odissea/cruise_data/ce25007/data/ctd/ce25007_022.cnv
* Sea-Bird SBE 9 Data File:
* FileName = C:\CE_CTD_Data\2025_CTD_Data\CE25007\CE25007_022.hdr
* Software Version Seasave V 7.26.7.121
* Temperature SN = 4382
* Conductivity SN = 2796
* Number of Bytes Per Scan = 40
* Number of Voltage Words = 5
* Number of Scans Averaged by the Deck Unit = 1
* NMEA Latitude = 54 30.67 N
* NMEA Longitude = 020 15.92 W
* NMEA UTC (Time) = May 15 2025 16:37:31
* NMEA baud rate = 4800
** Cruise: CE18001
** PSO: Caroline Cusack
** CTD operator:
** Technician:
** Cast No:
** Station:
** Event No:
** Sea state:
** Wind speed:
** Sounding depth
# nquan = 21
# nvalues = 15683                       
# units = specified
# name 0 = timeS: Time, Elapsed [seconds]
# name 1 = prDM: Pressure, Digiquartz [db]
# name 2 = depSM: Depth [salt water, m]
# name 3 = t090C: Temperature [ITS-90, deg C]
# name 4 = t190C: Temperature, 2 [ITS-90, deg C]
# name 5 = c0S/m: Conductivity [S/m]
# name 6 = c1S/m: Conductivity, 2 [S/m]
# name 7 = sal00: Salinity, Practical [PSU]
# name 8 = sal11: Salinity, Practical, 2 [PSU]
# name 9 = sbeox0V: Oxygen raw, SBE 43 [V]
# name 10 = sbeox0Mm/L: Oxygen, SBE 43 [umol/l]
# name 11 = v0: Voltage 0
# name 12 = v1: Voltage 1
# name 13 = v2: Voltage 2
# name 14 = v3: Voltage 3
# name 15 = v4: Voltage 4
# name 16 = v5: Voltage 5
# name 17 = v6: Voltage 6
# name 18 = v7: Voltage 7
# name 19 = pumps: Pump Status
# name 20 = flag: flag
# span 0 =      0.229,   7841.229       
# span 1 =     -0.334,   2133.045       
# span 2 =     -0.374,   2103.207       
# span 3 =     3.4580,    16.0966       
# span 4 =     3.4589,    16.1904       
# span 5 =   0.005809,   4.047522       
# span 6 =   0.012970,   4.045767       
# span 7 =     0.0374,    35.5461       
# span 8 =     0.0758,    35.5491       
# span 9 =     1.8694,     2.8867       
# span 10 =  201.72060,  351.13776      
# span 11 =     0.0000,     0.0000      
# span 12 =     0.0000,     0.0000      
# span 13 =     1.8595,     2.8802      
# span 14 =     0.0033,     4.8892      
# span 15 =     0.0468,     5.0000      
# span 16 =     0.0000,     0.0000      
# span 17 =     0.0061,     0.3730      
# span 18 =     0.0085,     1.9315      
# span 19 =          0,          1      
# span 20 = 0.0000e+00, 0.0000e+00      
# interval = seconds: 0.5               
# start_time = May 15 2025 16:37:31 [NMEA time, header]
# bad_flag = -9.990e-29
*END*
[from data line 13932]
   6966.229    303.827    300.884     8.9818     8.9581   3.739196   3.737132    35.1311    35.1335     2.1069  216.50281     0.0000     0.0000     2.0977     4.7375     4.9996     0.0000     0.0305     0.1052          1 0.0000e+00
   6966.729    304.022    301.077     8.9676     8.9565   3.737610   3.736891    35.1288    35.1325     2.1068  216.17205     0.0000     0.0000     2.0976     4.7377     4.9996     0.0000     0.0305     0.1052          1 0.0000e+00
   6967.229    304.127    301.189     8.9625     8.9471   3.736974   3.735969    35.1272    35.1322     2.1063  215.79655     0.0000     0.0000     2.0971     4.7379     4.9995     0.0000     0.0305     0.1068          1 0.0000e+00
   6967.729    304.178    301.221     8.9570     8.9454   3.736479   3.735786    35.1275    35.1319     2.1047  215.24317     0.0000     0.0000     2.0955     4.7379     4.9995     0.0000     0.0305     0.1069          1 0.0000e+00
   6968.229    304.250    301.290     8.9572     8.9457   3.736554   3.735801    35.1280    35.1317     2.1026  214.54758     0.0000     0.0000     2.0934     4.7378     4.9996     0.0000     0.0293     0.1068          1 0.0000e+00
   6968.729    304.380    301.430     8.9528     8.9520   3.735935   3.736471    35.1259    35.1322     2.1004  213.87566     0.0000     0.0000     2.0912     4.7380     4.9995     0.0000     0.0293     0.1069          1 0.0000e+00
   6969.229    304.550    301.599     8.9500     8.9522   3.735720   3.736495    35.1264    35.1321     2.0985  213.43079     0.0000     0.0000     2.0893     4.7377     4.9996     0.0000     0.0293     0.1055          1 0.0000e+00
   6969.729    304.708    301.754     8.9514     8.9460   3.735851   3.735835    35.1262    35.1314     2.0966  213.16423     0.0000     0.0000     2.0874     4.7379     4.9996     0.0000     0.0293     0.1051          1 0.0000e+00
   6970.229    304.788    301.841     8.9454     8.9352   3.735186   3.734656    35.1253    35.1300     2.0949  213.04934     0.0000     0.0000     2.0858     4.7379     4.9998     0.0000     0.0293     0.1062          1 0.0000e+00
   6970.729    304.781    301.836     8.9471     8.9349   3.735294   3.734600    35.1246    35.1296     2.0936  212.98574     0.0000     0.0000     2.0844     4.7379     4.9995     0.0000     0.0293     0.1067          1 0.0000e+00
   6971.229    304.671    301.721     8.9366     8.9352   3.734213   3.734626    35.1240    35.1295     2.0923  212.96993     0.0000     0.0000     2.0831     4.7379     4.9996     0.0000     0.0293     0.1072          1 0.0000e+00
   6971.729    304.465    301.517     8.9347     8.9365   3.734039   3.734792    35.1241    35.1300     2.0922  213.19440     0.0000     0.0000     2.0830     4.7378     4.9994     0.0000     0.0293     0.1075          1 0.0000e+00
   6972.229    304.188    301.243     8.9385     8.9451   3.734511   3.735726    35.1252    35.1311     2.0908  213.14723     0.0000     0.0000     2.0816     4.7380     4.9995     0.0000     0.0299     0.1063          1 0.0000e+00
   6972.729    303.852    300.912     8.9622     8.9563   3.737141   3.737111    35.1288    35.1345     2.0899  212.94381     0.0000     0.0000     2.0808     4.7382     4.9993     0.0000     0.0305     0.1052          1 0.0000e+00
   6973.229    303.495    300.542     8.9827     8.9985   3.739304   3.741636    35.1309    35.1392     2.0896  212.79179     0.0000     0.0000     2.0805     4.7381     4.9995     0.0000     0.0300     0.1058          1 0.0000e+00
   6973.729    303.169    300.223     8.9940     8.9967   3.740458   3.741233    35.1317    35.1370     2.0897  212.88039     0.0000     0.0000     2.0806     4.7380     4.9993     0.0000     0.0293     0.1065          1 0.0000e+00
   6974.229    302.896    299.955     8.9988     8.9975   3.740991   3.741346    35.1326    35.1376     2.0909  213.36829     0.0000     0.0000     2.0817     4.7383     4.9995     0.0000     0.0296     0.1071          1 0.0000e+00
   6974.729    302.699    299.754     8.9971     8.9963   3.740650   3.741207    35.1310    35.1375     2.0924  213.95105     0.0000     0.0000     2.0832     4.7381     4.9993     0.0000     0.0305     0.1075          1 0.0000e+00
   6975.229    302.601    299.652     8.9783     8.9918   3.738720   3.740813    35.1299    35.1380     2.0949  214.84632     0.0000     0.0000     2.0858     4.7384     4.9992     0.0000     0.0303     0.1074          1 0.0000e+00
   6975.729    302.643    299.701     8.9984     8.9924   3.740903   3.740793    35.1324    35.1372     2.0974  215.49993     0.0000     0.0000     2.0882     4.7382     4.9994     0.0000     0.0293     0.1068          1 0.0000e+00
   6976.229    302.799    299.851     8.9988     8.9919   3.740943   3.740835    35.1324    35.1382     2.0992  215.92625     0.0000     0.0000     2.0901     4.7383     4.9993     0.0000     0.0293     0.1065          1 0.0000e+00
   6976.729    303.030    300.093     8.9830     8.9951   3.739269   3.741115    35.1308    35.1378     2.1010  216.18980     0.0000     0.0000     2.0919     4.7382     4.9993     0.0000     0.0305     0.1066          1 0.0000e+00
   6977.229    303.262    300.321     8.9919     9.0013   3.740207   3.741825    35.1315    35.1389     2.1025  216.14349     0.0000     0.0000     2.0933     4.7383     4.9996     0.0000     0.0305     0.1066          1 0.0000e+00
   6977.729    303.473    300.533     8.9934     8.9978   3.740437   3.741421    35.1323    35.1381     2.1035  216.10441     0.0000     0.0000     2.0943     4.7380     4.9994     0.0000     0.0305     0.1069          1 0.0000e+00
   6978.229    303.647    300.706     8.9894     8.9905   3.739956   3.740665    35.1312    35.1376     2.1044  216.07409     0.0000     0.0000     2.0952     4.7381     4.9996     0.0000     0.0305     0.1067          1 0.0000e+00
   6978.729    303.791    300.846     8.9657     8.9774   3.737637   3.739438    35.1310    35.1380     2.1055  216.21221     0.0000     0.0000     2.0964     4.7385     4.9994     0.0000     0.0296     0.1068          1 0.0000e+00
   6979.229    303.921    300.974     8.9665     8.9496   3.737544   3.736408    35.1292    35.1344     2.1057  216.11066     0.0000     0.0000     2.0966     4.7383     4.9996     0.0000     0.0293     0.1066          1 0.0000e+00
   6979.729    304.079    301.122     8.9601     8.9459   3.736849   3.735820    35.1282    35.1318     2.1056  215.95088     0.0000     0.0000     2.0965     4.7385     4.9994     0.0000     0.0293     0.1070          1 0.0000e+00
   6980.229    304.266    301.313     8.9406     8.9374   3.734704   3.734868    35.1254    35.1303     2.1051  215.74652     0.0000     0.0000     2.0960     4.7387     4.9993     0.0000     0.0293     0.1065          1 0.0000e+00
   6980.729    304.457    301.507     8.9346     8.9339   3.734046   3.734503    35.1244    35.1299     2.1039  215.28251     0.0000     0.0000     2.0947     4.7390     4.9994     0.0000     0.0299     0.1072          1 0.0000e+00
   6981.229    304.624    301.675     8.9323     8.9326   3.733810   3.734354    35.1241    35.1295     2.1016  214.61032     0.0000     0.0000     2.0925     4.7389     4.9998     0.0000     0.0305     0.1077          1 0.0000e+00
   6981.729    304.711    301.767     8.9329     8.9324   3.733965   3.734336    35.1250    35.1293     2.0991  213.78235     0.0000     0.0000     2.0900     4.7394     4.9993     0.0000     0.0305     0.1073          1 0.0000e+00
   6982.229    304.651    301.710     8.9431     8.9323   3.734891   3.734323    35.1243    35.1294     2.0968  213.14755     0.0000     0.0000     2.0877     4.7391     4.9994     0.0000     0.0305     0.1069          1 0.0000e+00
   6982.729    304.429    301.483     8.9361     8.9357   3.734245   3.734674    35.1248    35.1296     2.0940  212.62361     0.0000     0.0000     2.0848     4.7392     4.9996     0.0000     0.0311     0.1071          1 0.0000e+00
   6983.229    304.057    301.121     8.9445     8.9402   3.735129   3.735243    35.1256    35.1311     2.0923  212.40066     0.0000     0.0000     2.0832     4.7391     4.9995     0.0000     0.0329     0.1076          1 0.0000e+00
   6983.729    303.563    300.625     8.9710     8.9756   3.738114   3.739232    35.1302    35.1372     2.0908  212.18442     0.0000     0.0000     2.0817     4.7391     4.9996     0.0000     0.0324     0.1073          1 0.0000e+00
   6984.229    302.990    300.058     8.9963     8.9973   3.740722   3.741370    35.1322    35.1378     2.0898  212.17639     0.0000     0.0000     2.0807     4.7390     4.9997     0.0000     0.0293     0.1067          1 0.0000e+00
   6984.729    302.367    299.437     9.0048     8.9967   3.741625   3.741244    35.1333    35.1375     2.0904  212.64411     0.0000     0.0000     2.0813     4.7395     4.9995     0.0000     0.0293     0.1066          1 0.0000e+00
   6985.229    301.745    298.811     9.0266     9.0124   3.743930   3.743131    35.1358    35.1417     2.0917  213.21090     0.0000     0.0000     2.0826     4.7392     4.9995     0.0000     0.0305     0.1074          1 0.0000e+00
   6985.729    301.164    298.242     9.0440     9.0332   3.745830   3.745303    35.1384    35.1437     2.0940  214.07358     0.0000     0.0000     2.0849     4.7393     4.9993     0.0000     0.0305     0.1075          1 0.0000e+00
   6986.229    300.635    297.715     9.0609     9.0581   3.747606   3.747897    35.1402    35.1459     2.0971  214.97253     0.0000     0.0000     2.0880     4.7397     4.9994     0.0000     0.0305     0.1055          1 0.0000e+00
   6986.729    300.151    297.238     9.0505     9.0648   3.746477   3.748552    35.1393    35.1465     2.1005  215.97824     0.0000     0.0000     2.0914     4.7400     4.9993     0.0000     0.0306     0.1053          1 0.0000e+00
   6987.229    299.728    296.819     9.0576     9.0704   3.747247   3.749105    35.1405    35.1470     2.1040  216.71477     0.0000     0.0000     2.0948     4.7397     4.9993     0.0000     0.0296     0.1052          1 0.0000e+00
   6987.729    299.356    296.451     9.0843     9.0668   3.749974   3.748735    35.1423    35.1470     2.1077  217.24086     0.0000     0.0000     2.0986     4.7396     4.9994     0.0000     0.0293     0.1050          1 0.0000e+00
   6988.229    299.007    296.116     9.0773     9.0609   3.749314   3.748249    35.1428    35.1483     2.1120  217.99211     0.0000     0.0000     2.1029     4.7395     4.9996     0.0000     0.0301     0.1077          1 0.0000e+00
   6988.729    298.640    295.746     9.0942     9.0417   3.751081   3.745855    35.1445    35.1430     2.1159  218.56004     0.0000     0.0000     2.1067     4.7398     4.9994     0.0000     0.0305     0.1089          1 0.0000e+00
   6989.229    298.244    295.356     9.0870     9.0626   3.750224   3.748420    35.1432    35.1489     2.1189  219.04106     0.0000     0.0000     2.1098     4.7395     4.9993     0.0000     0.0299     0.1081          1 0.0000e+00
   6989.729    297.832    294.946     9.1054     9.0904   3.752318   3.751264    35.1468    35.1507     2.1207  218.76509     0.0000     0.0000     2.1115     4.7396     4.9992     0.0000     0.0293     0.1075          1 0.0000e+00
   6990.229    297.441    294.555     9.1017     9.0997   3.751383   3.752112    35.1411    35.1505     2.1226  218.55598     0.0000     0.0000     2.1135     4.7393     4.9996     0.0000     0.0293     0.1076          1 0.0000e+00
   6990.729    297.102    294.219     9.0872     9.1066   3.750533   3.752922    35.1472    35.1523     2.1240  218.40063     0.0000     0.0000     2.1149     4.7394     4.9993     0.0000     0.0293     0.1075          1 0.0000e+00
   6991.229    296.822    293.942     9.1121     9.1160   3.753192   3.753912    35.1500    35.1534     2.1254  218.32750     0.0000     0.0000     2.1163     4.7397     4.9994     0.0000     0.0296     0.1078          1 0.0000e+00
   6991.729    296.604    293.729     9.1173     9.1124   3.753235   3.753504    35.1454    35.1531     2.1271  218.42134     0.0000     0.0000     2.1179     4.7402     4.9995     0.0000     0.0305     0.1077          1 0.0000e+00
   6992.229    296.450    293.576     9.1127     9.1088   3.752803   3.753049    35.1459    35.1522     2.1294  218.82796     0.0000     0.0000     2.1203     4.7402     4.9994     0.0000     0.0303     0.1075          1 0.0000e+00
   6992.729    296.348    293.474     9.0939     9.1042   3.751029   3.752529    35.1465    35.1516     2.1312  219.27649     0.0000     0.0000     2.1220     4.7403     4.9991     0.0000     0.0293     0.1067          1 0.0000e+00
   6993.229    296.251    293.388     9.0996     9.1081   3.751690   3.752839    35.1478    35.1511     2.1328  219.50963     0.0000     0.0000     2.1236     4.7402     4.9995     0.0000     0.0293     0.1068          1 0.0000e+00
   6993.729    296.110    293.248     9.1010     9.1242   3.751547   3.754629    35.1451    35.1536     2.1344  219.60125     0.0000     0.0000     2.1252     4.7405     4.9994     0.0000     0.0293     0.1051          1 0.0000e+00
   6994.229    295.890    293.035     9.0877     9.1354   3.750161   3.755885    35.1442    35.1557     2.1358  219.78566     0.0000     0.0000     2.1267     4.7402     4.9993     0.0000     0.0293     0.1054          1 0.0000e+00
   6994.729    295.584    292.732     9.1044     9.1356   3.752173   3.755778    35.1485    35.1546     2.1376  219.89648     0.0000     0.0000     2.1284     4.7404     4.9993     0.0000     0.0293     0.1068          1 0.0000e+00
   6995.229    295.191    292.341     9.1145     9.1117   3.752998   3.753167    35.1472    35.1519     2.1387  219.96565     0.0000     0.0000     2.1295     4.7402     4.9995     0.0000     0.0293     0.1069          1 0.0000e+00
   6995.729    294.703    291.857     9.1303     9.1306   3.754900   3.755586    35.1514    35.1583     2.1398  219.90867     0.0000     0.0000     2.1306     4.7404     4.9993     0.0000     0.0293     0.1066          1 0.0000e+00
   6996.229    294.120    291.284     9.1660     9.1643   3.758350   3.758763    35.1516    35.1577     2.1407  219.70204     0.0000     0.0000     2.1316     4.7406     4.9994     0.0000     0.0293     0.1068          1 0.0000e+00
   6996.729    293.477    290.638     9.1713     9.1708   3.758820   3.759368    35.1516    35.1579     2.1416  219.66685     0.0000     0.0000     2.1325     4.7405     4.9996     0.0000     0.0293     0.1067          1 0.0000e+00
   6997.229    292.794    289.957     9.1740     9.1721   3.759058   3.759465    35.1519    35.1582     2.1428  219.78724     0.0000     0.0000     2.1336     4.7403     4.9995     0.0000     0.0293     0.1068          1 0.0000e+00
   6997.729    292.122    289.296     9.1751     9.1746   3.759156   3.759673    35.1523    35.1583     2.1440  219.98485     0.0000     0.0000     2.1348     4.7408     4.9994     0.0000     0.0281     0.1080          1 0.0000e+00
   6998.229    291.486    288.665     9.1765     9.1755   3.759280   3.759740    35.1527    35.1585     2.1457  220.29603     0.0000     0.0000     2.1366     4.7405     4.9990     0.0000     0.0269     0.1088          1 0.0000e+00
   6998.729    290.903    288.085     9.1776     9.1770   3.759386   3.759855    35.1530    35.1586     2.1467  220.46045     0.0000     0.0000     2.1376     4.7408     4.9992     0.0000     0.0284     0.1070          1 0.0000e+00
   6999.229    290.354    287.540     9.1796     9.1779   3.759579   3.759949    35.1534    35.1591     2.1481  220.61403     0.0000     0.0000     2.1389     4.7410     4.9992     0.0000     0.0305     0.1041          1 0.0000e+00
   6999.729    289.858    287.052     9.1907     9.1864   3.760636   3.760706    35.1536    35.1587     2.1496  220.75388     0.0000     0.0000     2.1404     4.7404     4.9995     0.0000     0.0306     0.1047          1 0.0000e+00
