odissea/cruise_data/ce25007/data/ctd/ce25007_019.cnv
* Sea-Bird SBE 9 Data File:
* FileName = C:\CE_CTD_Data\2025_CTD_Data\CE25007\CE25007_019.hdr
* Software Version Seasave V 7.26.7.121
* Temperature SN = 4382
* Conductivity SN = 2796
* Number of Bytes Per Scan = 40
* Number of Voltage Words = 5
* Number of Scans Averaged by the Deck Unit = 1
* NMEA Latitude = 54 33.13 N
* NMEA Longitude = 018 51.34 W
* NMEA UTC (Time) = May 15 2025 03:54:31
* NMEA baud rate = 4800
** Cruise: CE18001
** PSO: Caroline Cusack
** CTD operator:
** Technician:
** Cast No:
** Station:
** Event No:
** Sea state:
** Wind speed:
** Sounding depth
# nquan = 21
# nvalues = 12063                       
# units = specified
# name 0 = timeS: Time, Elapsed [seconds]
# name 1 = prDM: Pressure, Digiquartz [db]
# name 2 = depSM: Depth [salt water, m]
# name 3 = t090C: Temperature [ITS-90, deg C]
# name 4 = t190C: Temperature, 2 [ITS-90, deg C]
# name 5 = c0S/m: Conductivity [S/m]
# name 6 = c1S/m: Conductivity, 2 [S/m]
# name 7 = sal00: Salinity, Practical [PSU]
# name 8 = sal11: Salinity, Practical, 2 [PSU]
# name 9 = sbeox0V: Oxygen raw, SBE 43 [V]
# name 10 = sbeox0Mm/L: Oxygen, SBE 43 [umol/l]
# name 11 = v0: Voltage 0
# name 12 = v1: Voltage 1
# name 13 = v2: Voltage 2
# name 14 = v3: Voltage 3
# name 15 = v4: Voltage 4
# name 16 = v5: Voltage 5
# name 17 = v6: Voltage 6
# name 18 = v7: Voltage 7
# name 19 = pumps: Pump Status
# name 20 = flag: flag
# span 0 =      0.229,   6031.229       
# span 1 =     -0.251,   1226.509       
# span 2 =     -0.252,   1211.942       
# span 3 =     5.4447,    14.6554       
# span 4 =     5.4436,    14.9855       
# span 5 =   0.001249,   4.140880       
# span 6 =   0.002393,   4.140858       
# span 7 =     0.0146,    35.5377       
# span 8 =     0.0188,    35.5437       
# span 9 =     1.8170,     2.8484       
# span 10 =  189.23791,  339.07743      
# span 11 =     0.0000,     0.0000      
# span 12 =     0.0000,     0.0000      
# span 13 =     1.8144,     2.8474      
# span 14 =     0.0036,     4.7856      
# span 15 =     0.3205,     5.0000      
# span 16 =     0.0000,     0.0000      
# span 17 =     0.0183,     0.4891      
# span 18 =     0.0914,     3.6923      
# span 19 =          0,          1      
# span 20 = 0.0000e+00, 0.0000e+00      
# interval = seconds: 0.5               
# start_time = May 15 2025 03:54:31 [NMEA time, header]
# bad_flag = -9.990e-29
*END*
[from data line 414]
    207.229     -0.239     -0.239    14.0261    14.2365   0.002627   0.003442     0.0192     0.0237     2.7774  328.72580     0.0000     0.0000     2.7774     4.5040     4.9994     0.0000     0.0269     0.1010          0 0.0000e+00
    207.729     -0.237     -0.239    14.0268    14.2371   0.002611   0.003444     0.0192     0.0237     2.7774  328.80680     0.0000     0.0000     2.7774     4.5059     4.9996     0.0000     0.0266     0.1005          0 0.0000e+00
    208.229     -0.234     -0.228    14.0280    14.2383   0.002567   0.003440     0.0189     0.0237     2.7776  328.84193     0.0000     0.0000     2.7776     4.5063     4.9995     0.0000     0.0256     0.0997          0 0.0000e+00
    208.729     -0.228     -0.227    14.0296    14.2397   0.002504   0.003431     0.0186     0.0236     2.7777  328.79746     0.0000     0.0000     2.7777     4.5066     4.9995     0.0000     0.0260     0.0995          0 0.0000e+00
    209.229     -0.225     -0.224    14.0315    14.2412   0.002440   0.003420     0.0182     0.0235     2.7776  328.72039     0.0000     0.0000     2.7776     4.5101     4.9996     0.0000     0.0293     0.0986          0 0.0000e+00
    209.729     -0.221     -0.216    14.0336    14.2428   0.002394   0.003406     0.0180     0.0234     2.7778  328.74273     0.0000     0.0000     2.7778     4.5085     4.9995     0.0000     0.0293     0.0989          0 0.0000e+00
    210.229     -0.221     -0.220    14.0353    14.2443   0.002371   0.003387     0.0178     0.0233     2.7778  328.74365     0.0000     0.0000     2.7778     4.5056     4.9994     0.0000     0.0293     0.0985          0 0.0000e+00
    210.729     -0.224     -0.221    14.0367    14.2457   0.002359   0.003375     0.0178     0.0233     2.7778  328.71823     0.0000     0.0000     2.7778     4.5040     4.9995     0.0000     0.0293     0.0985          0 0.0000e+00
    211.229     -0.225     -0.223    14.0377    14.2467   0.002366   0.003359     0.0178     0.0232     2.7778  328.68701     0.0000     0.0000     2.7778     4.5029     4.9999     0.0000     0.0273     0.1018          0 0.0000e+00
    211.729     -0.228     -0.226    14.0384    14.2478   0.002368   0.003341     0.0178     0.0231     2.7778  328.67795     0.0000     0.0000     2.7778     4.5078     4.9997     0.0000     0.0269     0.1024          0 0.0000e+00
    212.229     -0.232     -0.230    14.0389    14.2487   0.002371   0.003319     0.0179     0.0230     2.7778  328.67404     0.0000     0.0000     2.7778     4.5084     4.9993     0.0000     0.0286     0.0994          0 0.0000e+00
    212.729     -0.232     -0.230    14.0394    14.2496   0.002391   0.003311     0.0180     0.0230     2.7779  328.69057     0.0000     0.0000     2.7779     4.5103     4.9991     0.0000     0.0293     0.0988          0 0.0000e+00
    213.229     -0.232     -0.229    14.0398    14.2505   0.002405   0.003311     0.0181     0.0230     2.7779  328.70191     0.0000     0.0000     2.7779     4.5099     4.9994     0.0000     0.0278     0.0998          0 0.0000e+00
    213.729     -0.234     -0.231    14.0402    14.2513   0.002425   0.003319     0.0182     0.0230     2.7779  328.69066     0.0000     0.0000     2.7779     4.5098     4.9997     0.0000     0.0269     0.1008          0 0.0000e+00
    214.229     -0.234     -0.235    14.0405    14.2522   0.002457   0.003332     0.0184     0.0231     2.7781  328.72797     0.0000     0.0000     2.7781     4.5076     4.9998     0.0000     0.0269     0.0995          0 0.0000e+00
    214.729     -0.235     -0.232    14.0408    14.2530   0.002488   0.003331     0.0186     0.0231     2.7784  328.80878     0.0000     0.0000     2.7784     4.5070     4.9996     0.0000     0.0269     0.0985          0 0.0000e+00
    215.229     -0.235     -0.232    14.0413    14.2540   0.002501   0.003337     0.0187     0.0231     2.7789  328.95184     0.0000     0.0000     2.7789     4.5069     4.9993     0.0000     0.0270     0.0993          0 0.0000e+00
    215.729     -0.234     -0.230    14.0419    14.2552   0.002495   0.003332     0.0186     0.0231     2.7786  328.90044     0.0000     0.0000     2.7786     4.5070     4.9995     0.0000     0.0270     0.1009          0 0.0000e+00
    216.229     -0.230     -0.231    14.0430    14.2567   0.002461   0.003325     0.0184     0.0230     2.7789  328.88451     0.0000     0.0000     2.7789     4.5075     4.9994     0.0000     0.0276     0.1002          0 0.0000e+00
    216.729     -0.227     -0.228    14.0448    14.2583   0.002397   0.003312     0.0181     0.0230     2.7790  328.85920     0.0000     0.0000     2.7790     4.5054     4.9995     0.0000     0.0293     0.0997          0 0.0000e+00
    217.229     -0.221     -0.214    14.0474    14.2602   0.002318   0.003301     0.0176     0.0229     2.7790  328.83397     0.0000     0.0000     2.7790     4.5054     4.9993     0.0000     0.0288     0.0999          0 0.0000e+00
    217.729     -0.215     -0.217    14.0504    14.2622   0.002249   0.003292     0.0172     0.0228     2.7791  328.83508     0.0000     0.0000     2.7791     4.5058     4.9997     0.0000     0.0256     0.1009          0 0.0000e+00
    218.229     -0.215     -0.209    14.0531    14.2640   0.002221   0.003280     0.0171     0.0228     2.7790  328.76769     0.0000     0.0000     2.7790     4.5057     4.9994     0.0000     0.0256     0.1007          0 0.0000e+00
    218.729     -0.221     -0.220    14.0545    14.2654   0.002243   0.003273     0.0172     0.0227     2.7790  328.74229     0.0000     0.0000     2.7790     4.5054     4.9994     0.0000     0.0269     0.0997          0 0.0000e+00
    219.229     -0.227     -0.223    14.0544    14.2664   0.002300   0.003273     0.0175     0.0227     2.7790  328.73341     0.0000     0.0000     2.7790     4.5097     4.9993     0.0000     0.0269     0.0999          0 0.0000e+00
    219.729     -0.237     -0.238    14.0532    14.2671   0.002422   0.003284     0.0182     0.0228     2.7790  328.73732     0.0000     0.0000     2.7790     4.5110     4.9994     0.0000     0.0257     0.0998          0 0.0000e+00
    220.229     -0.245     -0.240    14.0521    14.2674   0.002554   0.003317     0.0189     0.0230     2.7793  328.83127     0.0000     0.0000     2.7793     4.5113     4.9996     0.0000     0.0256     0.0994          0 0.0000e+00
    220.729     -0.249     -0.252    14.0519    14.2680   0.002638   0.003347     0.0194     0.0232     2.7791  328.80009     0.0000     0.0000     2.7791     4.5081     4.9995     0.0000     0.0267     0.0986          0 0.0000e+00
    221.229     -0.246     -0.242    14.0523    14.2690   0.002657   0.003371     0.0195     0.0233     2.7794  328.84171     0.0000     0.0000     2.7794     4.5042     4.9992     0.0000     0.0270     0.0984          0 0.0000e+00
    221.729     -0.239     -0.237    14.0536    14.2707   0.002622   0.003377     0.0193     0.0233     2.7795  328.85955     0.0000     0.0000     2.7795     4.5014     4.9998     0.0000     0.0261     0.0979          0 0.0000e+00
    222.229     -0.231     -0.231    14.0560    14.2730   0.002517   0.003365     0.0187     0.0232     2.7796  328.90361     0.0000     0.0000     2.7796     4.5006     4.9998     0.0000     0.0256     0.0977          0 0.0000e+00
    222.729     -0.221     -0.214    14.0594    14.2756   0.002399   0.003346     0.0181     0.0231     2.7799  328.91389     0.0000     0.0000     2.7799     4.4963     4.9998     0.0000     0.0262     0.0985          0 0.0000e+00
    223.229     -0.214     -0.214    14.0632    14.2780   0.002316   0.003334     0.0176     0.0230     2.7802  328.94254     0.0000     0.0000     2.7802     4.4967     4.9993     0.0000     0.0269     0.0998          0 0.0000e+00
    223.729     -0.211     -0.209    14.0663    14.2801   0.002277   0.003322     0.0173     0.0230     2.7800  328.88552     0.0000     0.0000     2.7800     4.4973     4.9996     0.0000     0.0269     0.0996          0 0.0000e+00
    224.229     -0.216     -0.210    14.0680    14.2818   0.002290   0.003307     0.0174     0.0229     2.7801  328.88145     0.0000     0.0000     2.7801     4.5014     4.9997     0.0000     0.0269     0.0999          0 0.0000e+00
    224.729     -0.221     -0.221    14.0681    14.2830   0.002339   0.003312     0.0177     0.0229     2.7802  328.82923     0.0000     0.0000     2.7802     4.5036     4.9998     0.0000     0.0266     0.0996          0 0.0000e+00
    225.229     -0.230     -0.229    14.0673    14.2837   0.002434   0.003333     0.0182     0.0231     2.7802  328.83780     0.0000     0.0000     2.7802     4.5059     4.9997     0.0000     0.0256     0.0988          0 0.0000e+00
    225.729     -0.235     -0.233    14.0666    14.2842   0.002547   0.003366     0.0189     0.0232     2.7802  328.84938     0.0000     0.0000     2.7802     4.5082     4.9992     0.0000     0.0261     0.0988          0 0.0000e+00
    226.229     -0.236     -0.233    14.0667    14.2847   0.002594   0.003402     0.0191     0.0235     2.7804  328.88379     0.0000     0.0000     2.7804     4.5123     4.9995     0.0000     0.0293     0.0985          0 0.0000e+00
    226.729     -0.235     -0.236    14.0677    14.2859   0.002585   0.003417     0.0191     0.0236     2.7805  328.89533     0.0000     0.0000     2.7805     4.5127     4.9998     0.0000     0.0292     0.0987          0 0.0000e+00
    227.229     -0.228     -0.224    14.0696    14.2877   0.002506   0.003407     0.0186     0.0235     2.7807  328.94442     0.0000     0.0000     2.7807     4.5134     4.9993     0.0000     0.0240     0.1007          0 0.0000e+00
    227.729     -0.222     -0.215    14.0723    14.2898   0.002412   0.003382     0.0181     0.0233     2.7811  329.04228     0.0000     0.0000     2.7811     4.5128     4.9993     0.0000     0.0244     0.1009          0 0.0000e+00
    228.229     -0.221     -0.219    14.0752    14.2919   0.002345   0.003353     0.0178     0.0231     2.7811  329.02617     0.0000     0.0000     2.7811     4.5121     4.9994     0.0000     0.0267     0.1006          0 0.0000e+00
    228.729     -0.220     -0.219    14.0777    14.2937   0.002306   0.003331     0.0175     0.0230     2.7811  328.97073     0.0000     0.0000     2.7811     4.5096     4.9998     0.0000     0.0269     0.1011          0 0.0000e+00
    229.229     -0.223     -0.222    14.0791    14.2951   0.002323   0.003337     0.0176     0.0230     2.7812  328.89864     0.0000     0.0000     2.7812     4.5101     4.9992     0.0000     0.0288     0.0997          0 0.0000e+00
    229.729     -0.226     -0.224    14.0795    14.2963   0.002368   0.003336     0.0179     0.0231     2.7809  328.82769     0.0000     0.0000     2.7809     4.5104     4.9996     0.0000     0.0293     0.0997          0 0.0000e+00
    230.229     -0.228     -0.224    14.0796    14.2973   0.002407   0.003339     0.0181     0.0231     2.7813  328.90279     0.0000     0.0000     2.7813     4.5153     4.9993     0.0000     0.0269     0.0990          0 0.0000e+00
    230.729     -0.230     -0.225    14.0798    14.2982   0.002450   0.003347     0.0183     0.0231     2.7812  328.91613     0.0000     0.0000     2.7812     4.5158     4.9996     0.0000     0.0256     0.0985          0 0.0000e+00
    231.229     -0.229     -0.232    14.0804    14.2993   0.002465   0.003350     0.0184     0.0231     2.7813  328.92859     0.0000     0.0000     2.7813     4.5162     4.9992     0.0000     0.0256     0.0992          0 0.0000e+00
    231.729     -0.231     -0.229    14.0814    14.3005   0.002449   0.003343     0.0183     0.0231     2.7814  328.94014     0.0000     0.0000     2.7814     4.5120     4.9996     0.0000     0.0256     0.0998          0 0.0000e+00
    232.229     -0.229     -0.228    14.0828    14.3020   0.002419   0.003326     0.0182     0.0230     2.7814  328.91799     0.0000     0.0000     2.7814     4.5087     4.9995     0.0000     0.0256     0.0992          0 0.0000e+00
    232.729     -0.229     -0.225    14.0845    14.3035   0.002381   0.003309     0.0180     0.0229     2.7814  328.90027     0.0000     0.0000     2.7814     4.5024     4.9994     0.0000     0.0256     0.0986          0 0.0000e+00
    233.229     -0.227     -0.229    14.0862    14.3051   0.002350   0.003291     0.0178     0.0228     2.7814  328.87110     0.0000     0.0000     2.7814     4.5022     4.9994     0.0000     0.0264     0.0980          0 0.0000e+00
    233.729     -0.227     -0.223    14.0877    14.3066   0.002331   0.003283     0.0177     0.0228     2.7819  328.97415     0.0000     0.0000     2.7819     4.5070     4.9996     0.0000     0.0293     0.0977          0 0.0000e+00
    234.229     -0.228     -0.225    14.0887    14.3079   0.002338   0.003282     0.0177     0.0228     2.7817  328.95504     0.0000     0.0000     2.7817     4.5111     4.9995     0.0000     0.0293     0.0980          0 0.0000e+00
    234.729     -0.227     -0.224    14.0897    14.3092   0.002354   0.003283     0.0178     0.0228     2.7816  328.91665     0.0000     0.0000     2.7816     4.5158     4.9995     0.0000     0.0293     0.0993          0 0.0000e+00
    235.229     -0.224     -0.224    14.0906    14.3104   0.002357   0.003285     0.0178     0.0228     2.7817  328.88232     0.0000     0.0000     2.7817     4.5160     4.9994     0.0000     0.0292     0.0998          0 0.0000e+00
    235.729     -0.221     -0.223    14.0917    14.3119   0.002343   0.003286     0.0178     0.0228     2.7820  328.91180     0.0000     0.0000     2.7820     4.5159     4.9991     0.0000     0.0293     0.0996          0 0.0000e+00
    236.229     -0.217     -0.215    14.0932    14.3134   0.002324   0.003287     0.0177     0.0228     2.7820  328.97225     0.0000     0.0000     2.7820     4.5138     4.9996     0.0000     0.0293     0.0994          0 0.0000e+00
    236.729     -0.218     -0.215    14.0946    14.3150   0.002314   0.003286     0.0176     0.0228     2.7823  329.00240     0.0000     0.0000     2.7823     4.5122     4.9995     0.0000     0.0272     0.1010          0 0.0000e+00
    237.229     -0.221     -0.216    14.0957    14.3166   0.002323   0.003278     0.0176     0.0227     2.7826  329.06060     0.0000     0.0000     2.7826     4.5106     4.9997     0.0000     0.0269     0.1009          0 0.0000e+00
    237.729     -0.226     -0.225    14.0964    14.3180   0.002334   0.003274     0.0177     0.0227     2.7827  329.05319     0.0000     0.0000     2.7827     4.5083     4.9994     0.0000     0.0269     0.0984          0 0.0000e+00
    238.229     -0.227     -0.223    14.0971    14.3195   0.002345   0.003255     0.0178     0.0226     2.7827  329.05831     0.0000     0.0000     2.7827     4.5077     4.9993     0.0000     0.0269     0.0977          0 0.0000e+00
    238.729     -0.231     -0.233    14.0979    14.3208   0.002342   0.003241     0.0178     0.0225     2.7827  328.99461     0.0000     0.0000     2.7827     4.5083     4.9997     0.0000     0.0269     0.0982          0 0.0000e+00
    239.229     -0.230     -0.225    14.0989    14.3223   0.002333   0.003227     0.0177     0.0224     2.7827  328.96121     0.0000     0.0000     2.7827     4.5075     4.9996     0.0000     0.0269     0.0987          0 0.0000e+00
    239.729     -0.230     -0.229    14.1000    14.3238   0.002322   0.003219     0.0177     0.0224     2.7827  328.94527     0.0000     0.0000     2.7827     4.5069     4.9993     0.0000     0.0269     0.1007          0 0.0000e+00
    240.229     -0.228     -0.227    14.1011    14.3254   0.002317   0.003217     0.0176     0.0224     2.7826  328.91843     0.0000     0.0000     2.7826     4.5069     4.9994     0.0000     0.0269     0.1021          0 0.0000e+00
    240.729     -0.225     -0.220    14.1023    14.3268   0.002319   0.003214     0.0176     0.0224     2.7827  328.91754     0.0000     0.0000     2.7827     4.5066     4.9996     0.0000     0.0264     0.1013          0 0.0000e+00
