odissea/cruise_data/ce25007/data/ctd/ce25007_021.cnv
* Sea-Bird SBE 9 Data File:
* FileName = C:\CE_CTD_Data\2025_CTD_Data\CE25007\CE25007_021.hdr
* Software Version Seasave V 7.26.7.121
* Temperature SN = 4382
* Conductivity SN = 2796
* Number of Bytes Per Scan = 40
* Number of Voltage Words = 5
* Number of Scans Averaged by the Deck Unit = 1
* NMEA Latitude = 54 31.42 N
* NMEA Longitude = 019 45.55 W
* NMEA UTC (Time) = May 15 2025 12:38:47
* NMEA baud rate = 4800
** Cruise: CE18001
** PSO: Caroline Cusack
** CTD operator:
** Technician:
** Cast No:
** Station:
** Event No:
** Sea state:
** Wind speed:
** Sounding depth
# nquan = 21
# nvalues = 12942                       
# units = specified
# name 0 = timeS: Time, Elapsed [seconds]
# name 1 = prDM: Pressure, Digiquartz [db]
# name 2 = depSM: Depth [salt water, m]
# name 3 = t090C: Temperature [ITS-90, deg C]
# name 4 = t190C: Temperature, 2 [ITS-90, deg C]
# name 5 = c0S/m: Conductivity [S/m]
# name 6 = c1S/m: Conductivity, 2 [S/m]
# name 7 = sal00: Salinity, Practical [PSU]
# name 8 = sal11: Salinity, Practical, 2 [PSU]
# name 9 = sbeox0V: Oxygen raw, SBE 43 [V]
# name 10 = sbeox0Mm/L: Oxygen, SBE 43 [umol/l]
# name 11 = v0: Voltage 0
# name 12 = v1: Voltage 1
# name 13 = v2: Voltage 2
# name 14 = v3: Voltage 3
# name 15 = v4: Voltage 4
# name 16 = v5: Voltage 5
# name 17 = v6: Voltage 6
# name 18 = v7: Voltage 7
# name 19 = pumps: Pump Status
# name 20 = flag: flag
# span 0 =      0.229,   6470.521       
# span 1 =     -0.246,   1302.029       
# span 2 =     -0.275,   1286.329       
# span 3 =     4.3340,    16.1057       
# span 4 =     4.3347,    16.2978       
# span 5 =   0.017730,   4.198209       
# span 6 =   0.093281,   4.262950       
# span 7 =     0.1032,    36.0099       
# span 8 =     0.5594,    36.1670       
# span 9 =     1.8916,     2.8973       
# span 10 =  201.09670,  344.49508      
# span 11 =     0.0000,     0.0000      
# span 12 =     0.0000,     0.0000      
# span 13 =     1.8917,     2.8917      
# span 14 =     0.0027,     4.8877      
# span 15 =     0.0396,     5.0000      
# span 16 =     0.0000,     0.0000      
# span 17 =     0.0061,     4.9304      
# span 18 =     0.0182,     4.9603      
# span 19 =          0,          1      
# span 20 = 0.0000e+00, 0.0000e+00      
# interval = seconds: 0.5               
# start_time = May 15 2025 12:38:47 [NMEA time, header]
# bad_flag = -9.990e-29
*END*
[from data line 8897]
   4448.729    671.605    664.503     6.8506     6.8383   3.553310   3.552614    35.0920    35.0972     1.9155  209.11097     0.0000     0.0000     1.9066     4.7027     4.9989     0.0000     0.0293     0.1050          1 0.0000e+00
   4449.229    671.220    664.125     6.8655     6.8519   3.554737   3.553948    35.0925    35.0979     1.9155  209.12121     0.0000     0.0000     1.9066     4.7028     4.9991     0.0000     0.0293     0.1050          1 0.0000e+00
   4449.729    670.807    663.718     6.8801     6.8713   3.556304   3.556058    35.0947    35.1011     1.9160  209.24706     0.0000     0.0000     1.9071     4.7028     4.9991     0.0000     0.0305     0.1050          1 0.0000e+00
   4450.229    670.373    663.281     6.8813     6.8833   3.556411   3.557453    35.0950    35.1043     1.9161  209.34055     0.0000     0.0000     1.9072     4.7027     4.9989     0.0000     0.0305     0.1051          1 0.0000e+00
   4450.729    669.920    662.839     6.9083     6.9338   3.559131   3.562407    35.0971    35.1063     1.9161  209.16044     0.0000     0.0000     1.9072     4.7028     4.9989     0.0000     0.0295     0.1063          1 0.0000e+00
   4451.229    669.448    662.375     6.9164     6.9520   3.560112   3.564289    35.0998    35.1084     1.9166  209.16852     0.0000     0.0000     1.9077     4.7027     4.9992     0.0000     0.0293     0.1066          1 0.0000e+00
   4451.729    668.965    661.888     6.9268     6.9590   3.561164   3.564901    35.1009    35.1083     1.9173  209.29474     0.0000     0.0000     1.9084     4.7029     4.9991     0.0000     0.0301     0.1067          1 0.0000e+00
   4452.229    668.493    661.428     6.9405     6.9583   3.562384   3.564740    35.1003    35.1078     1.9173  209.31334     0.0000     0.0000     1.9084     4.7028     4.9989     0.0000     0.0305     0.1068          1 0.0000e+00
   4452.729    668.034    660.974     6.9517     6.9542   3.563528   3.564228    35.1016    35.1068     1.9175  209.22610     0.0000     0.0000     1.9086     4.7027     4.9990     0.0000     0.0297     0.1066          1 0.0000e+00
   4453.229    667.606    660.547     6.9533     6.9448   3.563652   3.563054    35.1018    35.1042     1.9171  208.94590     0.0000     0.0000     1.9082     4.7031     4.9990     0.0000     0.0293     0.1065          1 0.0000e+00
   4453.729    667.208    660.153     6.9474     6.9438   3.562998   3.563031    35.1011    35.1053     1.9164  208.61760     0.0000     0.0000     1.9075     4.7028     4.9989     0.0000     0.0293     0.1084          1 0.0000e+00
   4454.229    666.855    659.805     6.9434     6.9396   3.562540   3.562367    35.1005    35.1028     1.9153  208.18580     0.0000     0.0000     1.9065     4.7029     4.9990     0.0000     0.0293     0.1101          1 0.0000e+00
   4454.729    666.542    659.498     6.9390     6.9373   3.562011   3.562124    35.0997    35.1028     1.9146  207.90330     0.0000     0.0000     1.9058     4.7029     4.9989     0.0000     0.0293     0.1096          1 0.0000e+00
   4455.229    666.275    659.230     6.9373     6.9276   3.561695   3.561108    35.0982    35.1019     1.9143  207.88468     0.0000     0.0000     1.9055     4.7032     4.9990     0.0000     0.0293     0.1091          1 0.0000e+00
   4455.729    666.044    659.009     6.9337     6.9259   3.561385   3.561218    35.0989    35.1052     1.9138  207.95660     0.0000     0.0000     1.9050     4.7030     4.9989     0.0000     0.0293     0.1087          1 0.0000e+00
   4456.229    665.832    658.799     6.9276     6.9351   3.560871   3.562043    35.0998    35.1048     1.9131  207.93235     0.0000     0.0000     1.9043     4.7029     4.9989     0.0000     0.0293     0.1076          1 0.0000e+00
   4456.729    665.609    658.583     6.9380     6.9397   3.561682   3.562423    35.0980    35.1044     1.9129  207.84446     0.0000     0.0000     1.9041     4.7029     4.9988     0.0000     0.0293     0.1076          1 0.0000e+00
   4457.229    665.336    658.312     6.9419     6.9334   3.562038   3.561853    35.0981    35.1049     1.9124  207.71394     0.0000     0.0000     1.9035     4.7028     4.9989     0.0000     0.0293     0.1065          1 0.0000e+00
   4457.729    665.026    658.005     6.9449     6.9359   3.562260   3.562015    35.0976    35.1043     1.9122  207.77454     0.0000     0.0000     1.9033     4.7032     4.9990     0.0000     0.0293     0.1065          1 0.0000e+00
   4458.229    664.677    657.665     6.9440     6.9423   3.562196   3.562514    35.0981    35.1033     1.9125  207.98944     0.0000     0.0000     1.9036     4.7029     4.9992     0.0000     0.0304     0.1042          1 0.0000e+00
   4458.729    664.283    657.271     6.9382     6.9354   3.561640   3.561874    35.0983    35.1038     1.9127  208.19252     0.0000     0.0000     1.9038     4.7030     4.9988     0.0000     0.0305     0.1040          1 0.0000e+00
   4459.229    663.845    656.835     6.9370     6.9346   3.561511   3.561819    35.0985    35.1044     1.9131  208.42975     0.0000     0.0000     1.9043     4.7028     4.9991     0.0000     0.0295     0.1064          1 0.0000e+00
   4459.729    663.372    656.372     6.9420     6.9468   3.561851   3.562689    35.0972    35.1014     1.9128  208.34677     0.0000     0.0000     1.9039     4.7028     4.9991     0.0000     0.0293     0.1065          1 0.0000e+00
   4460.229    662.867    655.874     6.9458     6.9493   3.562103   3.562880    35.0964    35.1013     1.9130  208.23477     0.0000     0.0000     1.9042     4.7034     4.9989     0.0000     0.0293     0.1082          1 0.0000e+00
   4460.729    662.355    655.362     6.9473     6.9515   3.562191   3.563040    35.0961    35.1010     1.9136  208.29630     0.0000     0.0000     1.9048     4.7032     4.9989     0.0000     0.0293     0.1087          1 0.0000e+00
   4461.229    661.864    654.873     6.9492     6.9519   3.562339   3.563053    35.0960    35.1010     1.9133  208.30066     0.0000     0.0000     1.9045     4.7026     4.9993     0.0000     0.0278     0.1067          1 0.0000e+00
   4461.729    661.400    654.418     6.9500     6.9523   3.562362   3.563048    35.0957    35.1008     1.9135  208.34051     0.0000     0.0000     1.9047     4.7031     4.9989     0.0000     0.0269     0.1052          1 0.0000e+00
   4462.229    660.966    653.992     6.9505     6.9542   3.562387   3.563203    35.0958    35.1009     1.9136  208.22398     0.0000     0.0000     1.9048     4.7031     4.9990     0.0000     0.0286     0.1053          1 0.0000e+00
   4462.729    660.573    653.600     6.9528     6.9542   3.562556   3.563188    35.0955    35.1010     1.9131  208.07638     0.0000     0.0000     1.9043     4.7040     4.9990     0.0000     0.0305     0.1052          1 0.0000e+00
   4463.229    660.223    653.251     6.9568     6.9512   3.562937   3.562980    35.0957    35.1020     1.9133  208.00902     0.0000     0.0000     1.9045     4.7039     4.9988     0.0000     0.0292     0.1058          1 0.0000e+00
   4463.729    659.910    652.945     6.9630     6.9479   3.563545   3.562660    35.0962    35.1022     1.9129  207.86870     0.0000     0.0000     1.9040     4.7035     4.9990     0.0000     0.0269     0.1069          1 0.0000e+00
   4464.229    659.627    652.669     6.9653     6.9495   3.563788   3.562768    35.0966    35.1018     1.9131  207.86902     0.0000     0.0000     1.9043     4.7032     4.9988     0.0000     0.0274     0.1067          1 0.0000e+00
   4464.729    659.339    652.393     6.9637     6.9596   3.563691   3.563736    35.0975    35.1021     1.9126  207.82520     0.0000     0.0000     1.9037     4.7035     4.9989     0.0000     0.0293     0.1066          1 0.0000e+00
   4465.229    659.002    652.052     6.9725     6.9678   3.564484   3.564395    35.0972    35.1011     1.9127  207.73071     0.0000     0.0000     1.9038     4.7037     4.9988     0.0000     0.0293     0.1065          1 0.0000e+00
   4465.729    658.620    651.678     6.9880     6.9735   3.565961   3.565133    35.0975    35.1035     1.9124  207.61896     0.0000     0.0000     1.9035     4.7036     4.9989     0.0000     0.0293     0.1043          1 0.0000e+00
   4466.229    658.211    651.272     7.0008     6.9822   3.567364   3.565842    35.0998    35.1025     1.9131  207.74791     0.0000     0.0000     1.9043     4.7039     4.9989     0.0000     0.0292     0.1043          1 0.0000e+00
   4466.729    657.771    650.839     6.9844     6.9917   3.565749   3.566910    35.0996    35.1046     1.9127  207.87671     0.0000     0.0000     1.9038     4.7038     4.9989     0.0000     0.0304     0.1075          1 0.0000e+00
   4467.229    657.315    650.382     6.9763     7.0236   3.564822   3.570486    35.0981    35.1107     1.9131  207.96923     0.0000     0.0000     1.9043     4.7035     4.9989     0.0000     0.0305     0.1078          1 0.0000e+00
   4467.729    656.872    649.944     6.9906     7.0503   3.566212   3.573045    35.0987    35.1114     1.9133  207.91185     0.0000     0.0000     1.9045     4.7037     4.9991     0.0000     0.0294     0.1057          1 0.0000e+00
   4468.229    656.459    649.538     7.0155     7.0654   3.568677   3.574583    35.1001    35.1129     1.9142  208.06010     0.0000     0.0000     1.9054     4.7036     4.9990     0.0000     0.0293     0.1054          1 0.0000e+00
   4468.729    656.076    649.159     7.0500     7.0635   3.572355   3.574384    35.1047    35.1131     1.9141  207.94213     0.0000     0.0000     1.9053     4.7037     4.9990     0.0000     0.0302     0.1066          1 0.0000e+00
   4469.229    655.705    648.793     7.0557     7.0687   3.572930   3.574877    35.1054    35.1135     1.9140  207.83112     0.0000     0.0000     1.9052     4.7038     4.9990     0.0000     0.0305     0.1068          1 0.0000e+00
   4469.729    655.345    648.433     7.0672     7.0619   3.574134   3.574266    35.1070    35.1143     1.9141  207.56040     0.0000     0.0000     1.9053     4.7039     4.9990     0.0000     0.0297     0.1065          1 0.0000e+00
   4470.229    654.981    648.086     7.0613     7.0681   3.573584   3.574959    35.1076    35.1157     1.9138  207.43025     0.0000     0.0000     1.9050     4.7037     4.9990     0.0000     0.0293     0.1066          1 0.0000e+00
   4470.729    654.614    647.715     7.0849     7.0812   3.575849   3.576247    35.1081    35.1165     1.9135  207.14956     0.0000     0.0000     1.9047     4.7035     4.9990     0.0000     0.0293     0.1072          1 0.0000e+00
   4471.229    654.271    647.373     7.0923     7.0795   3.576721   3.575858    35.1103    35.1144     1.9126  206.86395     0.0000     0.0000     1.9037     4.7037     4.9990     0.0000     0.0292     0.1077          1 0.0000e+00
   4471.729    653.965    647.070     7.0664     7.0705   3.574736   3.575073    35.1160    35.1155     1.9130  206.97998     0.0000     0.0000     1.9042     4.7043     4.9988     0.0000     0.0293     0.1061          1 0.0000e+00
   4472.229    653.701    646.812     7.0593     7.0821   3.572811   3.575600    35.1026    35.1094     1.9127  207.07607     0.0000     0.0000     1.9038     4.7039     4.9989     0.0000     0.0293     0.1041          1 0.0000e+00
   4472.729    653.481    646.597     7.0724     7.0789   3.573962   3.575639    35.1016    35.1134     1.9123  207.00580     0.0000     0.0000     1.9034     4.7039     4.9989     0.0000     0.0296     0.1052          1 0.0000e+00
   4473.229    653.282    646.400     7.0752     7.0621   3.574444   3.574233    35.1043    35.1158     1.9116  206.86156     0.0000     0.0000     1.9028     4.7041     4.9988     0.0000     0.0305     0.1075          1 0.0000e+00
   4473.729    653.054    646.183     7.0588     7.0759   3.572977   3.575414    35.1055    35.1146     1.9111  206.67773     0.0000     0.0000     1.9023     4.7037     4.9990     0.0000     0.0303     0.1077          1 0.0000e+00
   4474.229    652.764    645.892     7.0704     7.0733   3.573887   3.575004    35.1037    35.1131     1.9104  206.42706     0.0000     0.0000     1.9016     4.7040     4.9989     0.0000     0.0293     0.1069          1 0.0000e+00
   4474.729    652.406    645.543     7.0603     7.0559   3.572571   3.573216    35.1000    35.1119     1.9103  206.45802     0.0000     0.0000     1.9015     4.7044     4.9988     0.0000     0.0293     0.1067          1 0.0000e+00
   4475.229    651.978    645.121     7.0646     7.0590   3.573095   3.573654    35.1016    35.1137     1.9104  206.64833     0.0000     0.0000     1.9016     4.7041     4.9988     0.0000     0.0324     0.1067          1 0.0000e+00
   4475.729    651.477    644.620     7.0510     7.0578   3.571502   3.572758    35.0987    35.1054     1.9104  206.81863     0.0000     0.0000     1.9016     4.7040     4.9990     0.0000     0.0326     0.1068          1 0.0000e+00
   4476.229    650.911    644.064     7.0312     7.0263   3.568620   3.568280    35.0880    35.0895     1.9107  207.14081     0.0000     0.0000     1.9019     4.7042     4.9989     0.0000     0.0308     0.1055          1 0.0000e+00
   4476.729    650.305    643.459     7.0299     7.0301   3.568282   3.568579    35.0860    35.0891     1.9103  207.09963     0.0000     0.0000     1.9015     4.7043     4.9989     0.0000     0.0305     0.1050          1 0.0000e+00
   4477.229    649.697    642.854     7.0316     7.0369   3.568194   3.569164    35.0836    35.0888     1.9107  207.11775     0.0000     0.0000     1.9019     4.7043     4.9991     0.0000     0.0296     0.1059          1 0.0000e+00
   4477.729    649.125    642.289     7.0359     7.0440   3.568624   3.569850    35.0840    35.0891     1.9110  207.12163     0.0000     0.0000     1.9022     4.7039     4.9990     0.0000     0.0293     0.1068          1 0.0000e+00
   4478.229    648.601    641.771     7.0400     7.0457   3.569012   3.570000    35.0843    35.0893     1.9116  207.30601     0.0000     0.0000     1.9028     4.7040     4.9990     0.0000     0.0293     0.1050          1 0.0000e+00
   4478.729    648.132    641.310     7.0456     7.0519   3.569475   3.570565    35.0838    35.0892     1.9123  207.57091     0.0000     0.0000     1.9034     4.7041     4.9989     0.0000     0.0292     0.1038          1 0.0000e+00
   4479.229    647.729    640.906     7.0451     7.0505   3.569623   3.570402    35.0861    35.0892     1.9137  207.92803     0.0000     0.0000     1.9049     4.7038     4.9989     0.0000     0.0299     0.1057          1 0.0000e+00
   4479.729    647.407    640.592     7.0442     7.0450   3.569762   3.570134    35.0888    35.0922     1.9142  208.16065     0.0000     0.0000     1.9054     4.7043     4.9989     0.0000     0.0305     0.1075          1 0.0000e+00
   4480.229    647.153    640.338     7.0478     7.0451   3.569698   3.570017    35.0845    35.0910     1.9143  208.08425     0.0000     0.0000     1.9055     4.7042     4.9994     0.0000     0.0300     0.1076          1 0.0000e+00
   4480.729    646.958    640.150     7.0484     7.0465   3.569727   3.570064    35.0843    35.0901     1.9147  207.90181     0.0000     0.0000     1.9059     4.7045     4.9990     0.0000     0.0293     0.1075          1 0.0000e+00
   4481.229    646.778    639.976     7.0466     7.0458   3.569603   3.569962    35.0849    35.0897     1.9145  207.60850     0.0000     0.0000     1.9057     4.7037     4.9992     0.0000     0.0296     0.1076          1 0.0000e+00
   4481.729    646.579    639.786     7.0432     7.0444   3.569365   3.569893    35.0860    35.0906     1.9146  207.56075     0.0000     0.0000     1.9058     4.7044     4.9990     0.0000     0.0305     0.1076          1 0.0000e+00
   4482.229    646.344    639.547     7.0435     7.0442   3.569406   3.569843    35.0862    35.0904     1.9147  207.54448     0.0000     0.0000     1.9059     4.7041     4.9992     0.0000     0.0308     0.1072          1 0.0000e+00
