odissea/cruise_data/ce25007/data/ctd/ce25007_001.cnv
* Sea-Bird SBE 9 Data File:
* FileName = C:\CE_CTD_Data\2025_CTD_Data\CE25007\CE25007_001.hdr
* Software Version Seasave V 7.26.7.121
* Temperature SN = 4382
* Conductivity SN = 2796
* Number of Bytes Per Scan = 40
* Number of Voltage Words = 5
* Number of Scans Averaged by the Deck Unit = 1
* NMEA Latitude = 53 00.15 N
* NMEA Longitude = 014 14.00 W
* NMEA UTC (Time) = May 09 2025 18:33:44
* NMEA baud rate = 4800
** Cruise: CE18001
** PSO: Caroline Cusack
** CTD operator:
** Technician:
** Cast No:
** Station:
** Event No:
** Sea state:
** Wind speed:
** Sounding depth
# nquan = 21
# nvalues = 3149                        
# units = specified
# name 0 = timeS: Time, Elapsed [seconds]
# name 1 = prDM: Pressure, Digiquartz [db]
# name 2 = depSM: Depth [salt water, m]
# name 3 = t090C: Temperature [ITS-90, deg C]
# name 4 = t190C: Temperature, 2 [ITS-90, deg C]
# name 5 = c0S/m: Conductivity [S/m]
# name 6 = c1S/m: Conductivity, 2 [S/m]
# name 7 = sal00: Salinity, Practical [PSU]
# name 8 = sal11: Salinity, Practical, 2 [PSU]
# name 9 = sbeox0V: Oxygen raw, SBE 43 [V]
# name 10 = sbeox0Mm/L: Oxygen, SBE 43 [umol/l]
# name 11 = v0: Voltage 0
# name 12 = v1: Voltage 1
# name 13 = v2: Voltage 2
# name 14 = v3: Voltage 3
# name 15 = v4: Voltage 4
# name 16 = v5: Voltage 5
# name 17 = v6: Voltage 6
# name 18 = v7: Voltage 7
# name 19 = pumps: Pump Status
# name 20 = flag: flag
# span 0 =      0.229,   1574.042       
# span 1 =     -0.341,    210.448       
# span 2 =     -0.390,    208.490       
# span 3 =    10.8190,    15.8480       
# span 4 =    10.8188,    15.9034       
# span 5 =   0.011668,   4.222864       
# span 6 =   0.000461,   4.215862       
# span 7 =     0.0659,    35.6350       
# span 8 =     0.0110,    35.5313       
# span 9 =     2.1863,     3.0822       
# span 10 =  189.85677,  361.12773      
# span 11 =     0.0000,     0.0000      
# span 12 =     0.0000,     0.0000      
# span 13 =     2.1863,     3.0813      
# span 14 =     0.4664,     4.7567      
# span 15 =     0.0411,     4.9977      
# span 16 =     0.0000,     0.0000      
# span 17 =     0.0073,     4.9302      
# span 18 =     0.0074,     4.9521      
# span 19 =          0,          1      
# span 20 = 0.0000e+00, 0.0000e+00      
# interval = seconds: 0.5               
# start_time = May 09 2025 18:33:44 [NMEA time, header]
# bad_flag = -9.990e-29
*END*
[from data line 2345]
   1172.729      6.364      6.311    13.6278    13.6288   4.212407   4.213163    35.5152    35.5213     3.0348  296.51969     0.0000     0.0000     3.0341     4.1477     4.9939     0.0000     0.2412     0.1388          1 0.0000e+00
   1173.229      6.243      6.185    13.6278    13.6280   4.212399   4.213079    35.5152    35.5213     3.0347  296.50245     0.0000     0.0000     3.0340     4.1480     4.9942     0.0000     0.2396     0.1397          1 0.0000e+00
   1173.729      6.130      6.072    13.6275    13.6276   4.212376   4.213026    35.5152    35.5213     3.0341  296.31292     0.0000     0.0000     3.0334     4.1471     4.9940     0.0000     0.2387     0.1398          1 0.0000e+00
   1174.229      6.041      5.985    13.6274    13.6280   4.212352   4.213074    35.5152    35.5213     3.0337  296.12442     0.0000     0.0000     3.0330     4.1466     4.9941     0.0000     0.2358     0.1397          1 0.0000e+00
   1174.729      5.989      5.932    13.6275    13.6280   4.212368   4.213075    35.5152    35.5214     3.0337  296.07951     0.0000     0.0000     3.0330     4.1477     4.9940     0.0000     0.2359     0.1396          1 0.0000e+00
   1175.229      5.997      5.932    13.6275    13.6277   4.212381   4.213038    35.5153    35.5213     3.0343  296.24739     0.0000     0.0000     3.0336     4.1475     4.9940     0.0000     0.2346     0.1388          1 0.0000e+00
   1175.729      6.074      6.020    13.6269    13.6275   4.212326   4.213026    35.5153    35.5213     3.0341  296.36909     0.0000     0.0000     3.0334     4.1473     4.9941     0.0000     0.2345     0.1386          1 0.0000e+00
   1176.229      6.207      6.153    13.6270    13.6277   4.212330   4.213061    35.5152    35.5214     3.0340  296.34056     0.0000     0.0000     3.0333     4.1481     4.4193     0.0000     0.2283     0.1411          1 0.0000e+00
   1176.729      6.371      6.309    13.6277    13.6284   4.212407   4.213131    35.5152    35.5214     3.0347  296.41310     0.0000     0.0000     3.0340     4.1478     4.9694     0.0000     0.2321     0.1408          1 0.0000e+00
   1177.229      6.527      6.476    13.6279    13.6285   4.212450   4.213150    35.5153    35.5214     3.0349  296.48038     0.0000     0.0000     3.0342     4.1465     4.7335     0.0000     0.2348     0.1397          1 0.0000e+00
   1177.729      6.651      6.596    13.6280    13.6287   4.212467   4.213183    35.5153    35.5214     3.0348  296.52654     0.0000     0.0000     3.0341     4.1472     4.7002     0.0000     0.2359     0.1396          1 0.0000e+00
   1178.229      6.741      6.683    13.6280    13.6287   4.212471   4.213172    35.5153    35.5212     3.0353  296.54377     0.0000     0.0000     3.0346     4.1487     4.9905     0.0000     0.2350     0.1386          1 0.0000e+00
   1178.729      6.792      6.735    13.6283    13.6286   4.212495   4.213168    35.5152    35.5212     3.0349  296.45666     0.0000     0.0000     3.0342     4.1479     4.9940     0.0000     0.2344     0.1388          1 0.0000e+00
   1179.229      6.801      6.750    13.6282    13.6287   4.212491   4.213186    35.5153    35.5213     3.0344  296.34587     0.0000     0.0000     3.0337     4.1475     4.9939     0.0000     0.2323     0.1391          1 0.0000e+00
   1179.729      6.763      6.707    13.6282    13.6285   4.212500   4.213154    35.5154    35.5213     3.0341  296.19227     0.0000     0.0000     3.0334     4.1489     4.9940     0.0000     0.2309     0.1398          1 0.0000e+00
   1180.229      6.678      6.619    13.6279    13.6286   4.212447   4.213187    35.5152    35.5215     3.0347  296.26825     0.0000     0.0000     3.0340     4.1483     4.9941     0.0000     0.2337     0.1389          1 0.0000e+00
   1180.729      6.569      6.512    13.6284    13.6287   4.212509   4.213176    35.5153    35.5213     3.0359  296.60072     0.0000     0.0000     3.0352     4.1474     4.9943     0.0000     0.2370     0.1382          1 0.0000e+00
   1181.229      6.445      6.388    13.6288    13.6287   4.212537   4.213175    35.5153    35.5214     3.0361  296.82445     0.0000     0.0000     3.0354     4.1479     4.9939     0.0000     0.2379     0.1393          1 0.0000e+00
   1181.729      6.315      6.259    13.6290    13.6289   4.212561   4.213195    35.5153    35.5214     3.0362  296.79608     0.0000     0.0000     3.0355     4.1480     4.9941     0.0000     0.2394     0.1411          1 0.0000e+00
   1182.229      6.205      6.149    13.6290    13.6293   4.212555   4.213210    35.5154    35.5213     3.0360  296.63285     0.0000     0.0000     3.0353     4.1474     4.9941     0.0000     0.2388     0.1405          1 0.0000e+00
   1182.729      6.128      6.067    13.6292    13.6288   4.212565   4.213177    35.5153    35.5214     3.0359  296.47473     0.0000     0.0000     3.0352     4.1472     4.9940     0.0000     0.2342     0.1383          1 0.0000e+00
   1183.229      6.093      6.034    13.6292    13.6291   4.212579   4.213215    35.5155    35.5215     3.0357  296.42752     0.0000     0.0000     3.0350     4.1474     4.9939     0.0000     0.2340     0.1385          1 0.0000e+00
   1183.729      6.095      6.043    13.6291    13.6298   4.212551   4.213259    35.5153    35.5213     3.0352  296.33031     0.0000     0.0000     3.0345     4.1484     4.9940     0.0000     0.2313     0.1394          1 0.0000e+00
   1184.229      6.127      6.067    13.6289    13.6296   4.212542   4.213264    35.5153    35.5215     3.0349  296.24603     0.0000     0.0000     3.0342     4.1497     4.9939     0.0000     0.2313     0.1396          1 0.0000e+00
   1184.729      6.192      6.137    13.6291    13.6296   4.212568   4.213254    35.5154    35.5214     3.0344  296.16768     0.0000     0.0000     3.0337     4.1480     4.9940     0.0000     0.2279     0.1396          1 0.0000e+00
   1185.229      6.271      6.216    13.6290    13.6295   4.212559   4.213250    35.5153    35.5214     3.0337  296.04137     0.0000     0.0000     3.0330     4.1484     4.9940     0.0000     0.2275     0.1399          1 0.0000e+00
   1185.729      6.331      6.279    13.6290    13.6295   4.212553   4.213250    35.5153    35.5214     3.0324  295.82509     0.0000     0.0000     3.0316     4.1482     4.9940     0.0000     0.2353     0.1390          1 0.0000e+00
   1186.229      6.361      6.308    13.6291    13.6295   4.212565   4.213263    35.5153    35.5215     3.0325  295.77779     0.0000     0.0000     3.0317     4.1486     4.9939     0.0000     0.2372     0.1388          1 0.0000e+00
   1186.729      6.375      6.317    13.6292    13.6296   4.212589   4.213266    35.5154    35.5214     3.0335  296.07222     0.0000     0.0000     3.0328     4.1492     4.9939     0.0000     0.2301     0.1393          1 0.0000e+00
   1187.229      6.393      6.338    13.6295    13.6298   4.212614   4.213273    35.5153    35.5213     3.0337  296.32259     0.0000     0.0000     3.0330     4.1472     4.9941     0.0000     0.2262     0.1396          1 0.0000e+00
   1187.729      6.427      6.366    13.6294    13.6297   4.212588   4.213280    35.5152    35.5214     3.0328  296.28119     0.0000     0.0000     3.0320     4.1468     4.9940     0.0000     0.2262     0.1404          1 0.0000e+00
   1188.229      6.479      6.418    13.6291    13.6295   4.212571   4.213265    35.5153    35.5214     3.0324  296.03649     0.0000     0.0000     3.0316     4.1460     4.9939     0.0000     0.2262     0.1411          1 0.0000e+00
   1188.729      6.556      6.499    13.6292    13.6294   4.212577   4.213257    35.5153    35.5215     3.0319  295.82215     0.0000     0.0000     3.0311     4.1469     4.9939     0.0000     0.2293     0.1400          1 0.0000e+00
   1189.229      6.652      6.589    13.6292    13.6291   4.212600   4.213224    35.5154    35.5214     3.0311  295.71101     0.0000     0.0000     3.0303     4.1489     4.9941     0.0000     0.2343     0.1384          1 0.0000e+00
   1189.729      6.753      6.698    13.6289    13.6288   4.212574   4.213193    35.5154    35.5214     3.0312  295.74844     0.0000     0.0000     3.0304     4.1484     4.9939     0.0000     0.2329     0.1380          1 0.0000e+00
   1190.229      6.827      6.772    13.6287    13.6285   4.212550   4.213150    35.5153    35.5212     3.0324  296.06326     0.0000     0.0000     3.0316     4.1484     4.9938     0.0000     0.2299     0.1371          1 0.0000e+00
   1190.729      6.845      6.790    13.6286    13.6263   4.212546   4.212955    35.5153    35.5215     3.0337  296.49068     0.0000     0.0000     3.0330     4.1478     4.9940     0.0000     0.2311     0.1376          1 0.0000e+00
   1191.229      6.799      6.742    13.6284    13.6279   4.212528   4.213119    35.5154    35.5215     3.0349  296.87358     0.0000     0.0000     3.0342     4.1481     4.9940     0.0000     0.2365     0.1386          1 0.0000e+00
   1191.729      6.701      6.647    13.6279    13.6282   4.212478   4.213139    35.5154    35.5214     3.0356  296.95245     0.0000     0.0000     3.0349     4.1486     4.9940     0.0000     0.2360     0.1386          1 0.0000e+00
   1192.229      6.551      6.500    13.6287    13.6287   4.212545   4.213192    35.5153    35.5214     3.0362  296.95726     0.0000     0.0000     3.0355     4.1478     4.9940     0.0000     0.2370     0.1397          1 0.0000e+00
   1192.729      6.337      6.281    13.6294    13.6291   4.212571   4.213200    35.5151    35.5213     3.0366  296.88125     0.0000     0.0000     3.0359     4.1477     4.9939     0.0000     0.2370     0.1393          1 0.0000e+00
   1193.229      6.100      6.041    13.6293    13.6293   4.212545   4.213201    35.5150    35.5212     3.0363  296.74198     0.0000     0.0000     3.0356     4.1489     4.9940     0.0000     0.2371     0.1388          1 0.0000e+00
   1193.729      5.901      5.845    13.6291    13.6293   4.212541   4.213200    35.5153    35.5213     3.0352  296.39199     0.0000     0.0000     3.0345     4.1485     4.9939     0.0000     0.2371     0.1382          1 0.0000e+00
   1194.229      5.781      5.719    13.6291    13.6299   4.212565   4.213272    35.5156    35.5215     3.0349  296.16881     0.0000     0.0000     3.0342     4.1470     4.9941     0.0000     0.2297     0.1395          1 0.0000e+00
   1194.729      5.767      5.709    13.6290    13.6300   4.212519   4.213285    35.5152    35.5214     3.0345  296.06382     0.0000     0.0000     3.0338     4.1481     4.9940     0.0000     0.2275     0.1397          1 0.0000e+00
   1195.229      5.858      5.794    13.6289    13.6293   4.212520   4.213216    35.5153    35.5214     3.0337  295.99440     0.0000     0.0000     3.0330     4.1485     4.9939     0.0000     0.2300     0.1404          1 0.0000e+00
   1195.729      6.043      5.985    13.6291    13.6285   4.212546   4.213136    35.5153    35.5214     3.0334  295.99338     0.0000     0.0000     3.0327     4.1480     4.9939     0.0000     0.2312     0.1410          1 0.0000e+00
   1196.229      6.268      6.219    13.6293    13.6292   4.212585   4.213223    35.5154    35.5214     3.0336  296.04976     0.0000     0.0000     3.0329     4.1488     4.9940     0.0000     0.2327     0.1397          1 0.0000e+00
   1196.729      6.480      6.420    13.6289    13.6295   4.212562   4.213269    35.5154    35.5214     3.0326  295.99885     0.0000     0.0000     3.0318     4.1490     4.9939     0.0000     0.2343     0.1388          1 0.0000e+00
   1197.229      6.679      6.628    13.6301    13.6293   4.212687   4.213263    35.5153    35.5216     3.0321  295.89078     0.0000     0.0000     3.0313     4.1477     4.9938     0.0000     0.2330     0.1394          1 0.0000e+00
   1197.729      6.806      6.758    13.6306    13.6289   4.212734   4.213232    35.5153    35.5215     3.0320  295.84447     0.0000     0.0000     3.0312     4.1473     4.9939     0.0000     0.2316     0.1413          1 0.0000e+00
   1198.229      6.801      6.754    13.6294    13.6289   4.212619   4.213222    35.5154    35.5215     3.0320  295.88880     0.0000     0.0000     3.0312     4.1488     4.9940     0.0000     0.2321     0.1418          1 0.0000e+00
   1198.729      6.673      6.619    13.6297    13.6292   4.212650   4.213251    35.5154    35.5215     3.0330  296.18875     0.0000     0.0000     3.0322     4.1493     4.9939     0.0000     0.2345     0.1431          1 0.0000e+00
   1199.229      6.490      6.426    13.6297    13.6296   4.212628   4.213270    35.5153    35.5214     3.0340  296.49980     0.0000     0.0000     3.0333     4.1490     4.9939     0.0000     0.2349     0.1425          1 0.0000e+00
   1199.729      6.328      6.268    13.6299    13.6305   4.212652   4.213349    35.5153    35.5214     3.0351  296.78484     0.0000     0.0000     3.0344     4.1479     4.9939     0.0000     0.2360     0.1388          1 0.0000e+00
   1200.229      6.221      6.161    13.6300    13.6303   4.212667   4.213320    35.5154    35.5214     3.0361  296.96365     0.0000     0.0000     3.0354     4.1478     4.9939     0.0000     0.2360     0.1389          1 0.0000e+00
   1200.729      6.190      6.124    13.6297    13.6298   4.212641   4.213276    35.5155    35.5214     3.0361  296.88444     0.0000     0.0000     3.0354     4.1495     4.9939     0.0000     0.2290     0.1384          1 0.0000e+00
   1201.229      6.247      6.185    13.6297    13.6296   4.212635   4.213259    35.5155    35.5214     3.0355  296.64038     0.0000     0.0000     3.0348     4.1493     4.9939     0.0000     0.2289     0.1386          1 0.0000e+00
   1201.729      6.373      6.319    13.6298    13.6297   4.212639   4.213279    35.5153    35.5214     3.0343  296.20859     0.0000     0.0000     3.0336     4.1482     4.9939     0.0000     0.2257     0.1395          1 0.0000e+00
   1202.229      6.507      6.451    13.6292    13.6300   4.212571   4.213308    35.5152    35.5214     3.0337  295.93762     0.0000     0.0000     3.0330     4.1478     4.9939     0.0000     0.2249     0.1397          1 0.0000e+00
   1202.729      6.597      6.543    13.6293    13.6300   4.212600   4.213308    35.5153    35.5214     3.0337  295.93996     0.0000     0.0000     3.0330     4.1485     4.9939     0.0000     0.2286     0.1395          1 0.0000e+00
   1203.229      6.608      6.563    13.6294    13.6299   4.212608   4.213317    35.5153    35.5215     3.0339  296.12932     0.0000     0.0000     3.0332     4.1491     4.9939     0.0000     0.2298     0.1397          1 0.0000e+00
   1203.729      6.509      6.456    13.6297    13.6300   4.212642   4.213312    35.5153    35.5214     3.0345  296.38068     0.0000     0.0000     3.0338     4.1493     4.3324     0.0000     0.2268     0.1387          1 0.0000e+00
   1204.229      6.366      6.303    13.6297    13.6299   4.212649   4.213307    35.5154    35.5215     3.0349  296.53438     0.0000     0.0000     3.0342     4.1483     4.9828     0.0000     0.2325     0.1385          1 0.0000e+00
   1204.729      6.279      6.216    13.6297    13.6298   4.212638   4.213291    35.5155    35.5215     3.0347  296.50041     0.0000     0.0000     3.0340     4.1481     4.9939     0.0000     0.2332     0.1378          1 0.0000e+00
   1205.229      6.266      6.207    13.6295    13.6296   4.212624   4.213277    35.5155    35.5216     3.0349  296.47116     0.0000     0.0000     3.0342     4.1479     4.6808     0.0000     0.2322     0.1372          1 0.0000e+00
   1205.729      6.293      6.235    13.6295    13.6297   4.212616   4.213286    35.5155    35.5215     3.0342  296.28663     0.0000     0.0000     3.0335     4.1493     4.9900     0.0000     0.2327     0.1377          1 0.0000e+00
   1206.229      6.368      6.307    13.6292    13.6299   4.212569   4.213296    35.5153    35.5215     3.0341  296.20135     0.0000     0.0000     3.0334     4.1497     4.9939     0.0000     0.2298     0.1387          1 0.0000e+00
