odissea/cruise_data/ce25007/data/ctd/ce25007_007.cnv
* Sea-Bird SBE 9 Data File:
* FileName = C:\CE_CTD_Data\2025_CTD_Data\CE25007\CE25007_007.hdr
* Software Version Seasave V 7.26.7.121
* Temperature SN = 4382
* Conductivity SN = 2796
* Number of Bytes Per Scan = 40
* Number of Voltage Words = 5
* Number of Scans Averaged by the Deck Unit = 1
* NMEA Latitude = 52 59.87 N
* NMEA Longitude = 015 14.39 W
* NMEA UTC (Time) = May 10 2025 17:40:34
* NMEA baud rate = 4800
** Cruise: CE18001
** PSO: Caroline Cusack
** CTD operator:
** Technician:
** Cast No:
** Station:
** Event No:
** Sea state:
** Wind speed:
** Sounding depth
# nquan = 21
# nvalues = 16550                       
# units = specified
# name 0 = timeS: Time, Elapsed [seconds]
# name 1 = prDM: Pressure, Digiquartz [db]
# name 2 = depSM: Depth [salt water, m]
# name 3 = t090C: Temperature [ITS-90, deg C]
# name 4 = t190C: Temperature, 2 [ITS-90, deg C]
# name 5 = c0S/m: Conductivity [S/m]
# name 6 = c1S/m: Conductivity, 2 [S/m]
# name 7 = sal00: Salinity, Practical [PSU]
# name 8 = sal11: Salinity, Practical, 2 [PSU]
# name 9 = sbeox0V: Oxygen raw, SBE 43 [V]
# name 10 = sbeox0Mm/L: Oxygen, SBE 43 [umol/l]
# name 11 = v0: Voltage 0
# name 12 = v1: Voltage 1
# name 13 = v2: Voltage 2
# name 14 = v3: Voltage 3
# name 15 = v4: Voltage 4
# name 16 = v5: Voltage 5
# name 17 = v6: Voltage 6
# name 18 = v7: Voltage 7
# name 19 = pumps: Pump Status
# name 20 = flag: flag
# span 0 =      0.229,   8274.646       
# span 1 =     -0.462,   2301.386       
# span 2 =     -0.546,   2268.603       
# span 3 =     3.1329,    13.3992       
# span 4 =     3.1330,    13.5550       
# span 5 =   0.011879,   4.198424       
# span 6 =   0.089107,   4.204681       
# span 7 =     0.0745,    35.6387       
# span 8 =     0.5907,    35.7251       
# span 9 =     1.7867,     2.9919       
# span 10 =  170.67915,  338.46655      
# span 11 =     0.0000,     0.0000      
# span 12 =     0.0000,     0.0000      
# span 13 =     1.7737,     2.9919      
# span 14 =     0.0036,     4.8695      
# span 15 =     0.3697,     5.0000      
# span 16 =     0.0000,     0.0000      
# span 17 =     0.0098,     0.1270      
# span 18 =     0.0939,     4.7888      
# span 19 =          0,          1      
# span 20 = 0.0000e+00, 0.0000e+00      
# interval = seconds: 0.5               
# start_time = May 10 2025 17:40:34 [NMEA time, header]
# bad_flag = -9.990e-29
*END*
[from data line 11380]
   5690.229   1213.322   1199.109     6.1120     6.1129   3.512036   3.512728    35.1292    35.1360     1.8955  225.25170     0.0000     0.0000     1.8779     4.6906     4.9985     0.0000     0.0305     0.1099          1 0.0000e+00
   5690.729   1213.007   1198.792     6.1122     6.1131   3.512050   3.512727    35.1293    35.1358     1.8957  225.21114     0.0000     0.0000     1.8781     4.6907     4.9986     0.0000     0.0305     0.1101          1 0.0000e+00
   5691.229   1212.644   1198.428     6.1132     6.1131   3.512143   3.512716    35.1295    35.1358     1.8955  225.18376     0.0000     0.0000     1.8779     4.6902     4.9987     0.0000     0.0296     0.1079          1 0.0000e+00
   5691.729   1212.273   1198.063     6.1139     6.1162   3.512207   3.513027    35.1296    35.1362     1.8961  225.29396     0.0000     0.0000     1.8785     4.6908     4.9983     0.0000     0.0293     0.1068          1 0.0000e+00
   5692.229   1211.949   1197.736     6.1159     6.1226   3.512399   3.513664    35.1298    35.1368     1.8959  225.32642     0.0000     0.0000     1.8783     4.6907     4.9987     0.0000     0.0323     0.1060          1 0.0000e+00
   5692.729   1211.710   1197.506     6.1192     6.1277   3.512726   3.514157    35.1300    35.1371     1.8966  225.44000     0.0000     0.0000     1.8790     4.6907     4.9984     0.0000     0.0342     0.1055          1 0.0000e+00
   5693.229   1211.553   1197.343     6.1163     6.1217   3.512420   3.513562    35.1298    35.1369     1.8968  225.58810     0.0000     0.0000     1.8792     4.6907     4.9984     0.0000     0.0335     0.1061          1 0.0000e+00
   5693.729   1211.529   1197.314     6.1166     6.1214   3.512469   3.513507    35.1301    35.1367     1.8968  225.56549     0.0000     0.0000     1.8792     4.6907     4.9986     0.0000     0.0325     0.1070          1 0.0000e+00
   5694.229   1211.638   1197.432     6.1152     6.1173   3.512313   3.513114    35.1297    35.1365     1.8973  225.68085     0.0000     0.0000     1.8797     4.6908     4.9984     0.0000     0.0319     0.1071          1 0.0000e+00
   5694.729   1211.870   1197.660     6.1127     6.1137   3.512081   3.512758    35.1296    35.1362     1.8969  225.50421     0.0000     0.0000     1.8793     4.6904     4.9986     0.0000     0.0305     0.1079          1 0.0000e+00
   5695.229   1212.222   1198.005     6.1116     6.1125   3.511992   3.512657    35.1296    35.1361     1.8967  225.30594     0.0000     0.0000     1.8791     4.6905     4.9985     0.0000     0.0302     0.1077          1 0.0000e+00
   5695.729   1212.661   1198.439     6.1109     6.1113   3.511938   3.512541    35.1296    35.1359     1.8967  225.19474     0.0000     0.0000     1.8791     4.6908     4.9988     0.0000     0.0293     0.1078          1 0.0000e+00
   5696.229   1213.164   1198.943     6.1109     6.1110   3.511953   3.512536    35.1295    35.1359     1.8965  225.10800     0.0000     0.0000     1.8789     4.6906     4.9986     0.0000     0.0295     0.1076          1 0.0000e+00
   5696.729   1213.687   1199.461     6.1106     6.1108   3.511930   3.512510    35.1293    35.1357     1.8959  225.03840     0.0000     0.0000     1.8783     4.6904     4.9987     0.0000     0.0328     0.1072          1 0.0000e+00
   5697.229   1214.187   1199.951     6.1082     6.1102   3.511691   3.512473    35.1290    35.1356     1.8961  225.03448     0.0000     0.0000     1.8785     4.6909     4.9986     0.0000     0.0328     0.1066          1 0.0000e+00
   5697.729   1214.651   1200.414     6.1074     6.1100   3.511637   3.512466    35.1289    35.1355     1.8956  225.00658     0.0000     0.0000     1.8780     4.6909     4.9987     0.0000     0.0271     0.1078          1 0.0000e+00
   5698.229   1215.023   1200.790     6.1082     6.1117   3.511724   3.512655    35.1289    35.1356     1.8959  225.13796     0.0000     0.0000     1.8783     4.6911     4.9982     0.0000     0.0269     0.1076          1 0.0000e+00
   5698.729   1215.266   1201.027     6.1086     6.1099   3.511790   3.512483    35.1291    35.1354     1.8963  225.40137     0.0000     0.0000     1.8787     4.6909     4.9987     0.0000     0.0289     0.1057          1 0.0000e+00
   5699.229   1215.338   1201.097     6.1096     6.1091   3.511889   3.512406    35.1290    35.1354     1.8961  225.41667     0.0000     0.0000     1.8785     4.6911     4.9986     0.0000     0.0293     0.1053          1 0.0000e+00
   5699.729   1215.259   1201.018     6.1102     6.1107   3.511948   3.512550    35.1291    35.1354     1.8967  225.64944     0.0000     0.0000     1.8791     4.6909     4.9984     0.0000     0.0293     0.1078          1 0.0000e+00
   5700.229   1215.076   1200.830     6.1088     6.1091   3.511772   3.512375    35.1287    35.1352     1.8963  225.49939     0.0000     0.0000     1.8787     4.6912     4.9987     0.0000     0.0293     0.1091          1 0.0000e+00
   5700.729   1214.814   1200.568     6.1092     6.1095   3.511805   3.512449    35.1288    35.1358     1.8967  225.51272     0.0000     0.0000     1.8791     4.6910     4.9988     0.0000     0.0293     0.1083          1 0.0000e+00
   5701.229   1214.509   1200.273     6.1140     6.1142   3.512300   3.512907    35.1294    35.1360     1.8963  225.32631     0.0000     0.0000     1.8787     4.6913     4.9987     0.0000     0.0293     0.1079          1 0.0000e+00
   5701.729   1214.216   1199.977     6.1156     6.1167   3.512433   3.513158    35.1294    35.1363     1.8964  225.25513     0.0000     0.0000     1.8788     4.6917     4.9986     0.0000     0.0293     0.1080          1 0.0000e+00
   5702.229   1213.944   1199.710     6.1184     6.1187   3.512718   3.513352    35.1297    35.1365     1.8962  225.15926     0.0000     0.0000     1.8786     4.6916     4.9986     0.0000     0.0293     0.1078          1 0.0000e+00
   5702.729   1213.684   1199.453     6.1175     6.1187   3.512614   3.513330    35.1296    35.1364     1.8964  225.15982     0.0000     0.0000     1.8788     4.6917     4.9987     0.0000     0.0304     0.1076          1 0.0000e+00
   5703.229   1213.435   1199.208     6.1185     6.1192   3.512726   3.513377    35.1300    35.1366     1.8965  225.31526     0.0000     0.0000     1.8789     4.6921     4.9987     0.0000     0.0330     0.1073          1 0.0000e+00
   5703.729   1213.204   1198.982     6.1189     6.1197   3.512756   3.513413    35.1301    35.1365     1.8957  225.12539     0.0000     0.0000     1.8782     4.6917     4.9985     0.0000     0.0324     0.1069          1 0.0000e+00
   5704.229   1212.972   1198.755     6.1188     6.1201   3.512738   3.513436    35.1300    35.1366     1.8955  224.94620     0.0000     0.0000     1.8780     4.6918     4.9988     0.0000     0.0305     0.1055          1 0.0000e+00
   5704.729   1212.733   1198.522     6.1187     6.1202   3.512713   3.513437    35.1300    35.1365     1.8959  224.94178     0.0000     0.0000     1.8784     4.6916     4.9986     0.0000     0.0305     0.1057          1 0.0000e+00
   5705.229   1212.487   1198.271     6.1183     6.1205   3.512672   3.513464    35.1301    35.1366     1.8958  225.07915     0.0000     0.0000     1.8783     4.6915     4.9988     0.0000     0.0305     0.1078          1 0.0000e+00
   5705.729   1212.263   1198.050     6.1171     6.1209   3.512552   3.513488    35.1301    35.1366     1.8962  225.27594     0.0000     0.0000     1.8786     4.6918     4.9986     0.0000     0.0305     0.1080          1 0.0000e+00
   5706.229   1212.080   1197.862     6.1172     6.1214   3.512536   3.513567    35.1299    35.1370     1.8963  225.36427     0.0000     0.0000     1.8787     4.6917     4.9987     0.0000     0.0293     0.1071          1 0.0000e+00
   5706.729   1211.966   1197.763     6.1174     6.1204   3.512546   3.513405    35.1299    35.1364     1.8960  225.29664     0.0000     0.0000     1.8785     4.6917     4.9987     0.0000     0.0293     0.1070          1 0.0000e+00
   5707.229   1211.951   1197.739     6.1168     6.1181   3.512502   3.513217    35.1301    35.1367     1.8967  225.38948     0.0000     0.0000     1.8791     4.6915     4.9987     0.0000     0.0303     0.1068          1 0.0000e+00
   5707.729   1212.016   1197.807     6.1179     6.1186   3.512609   3.513254    35.1301    35.1365     1.8965  225.36680     0.0000     0.0000     1.8789     4.6917     4.9986     0.0000     0.0305     0.1068          1 0.0000e+00
   5708.229   1212.116   1197.907     6.1177     6.1180   3.512591   3.513199    35.1301    35.1366     1.8964  225.28881     0.0000     0.0000     1.8788     4.6915     4.9986     0.0000     0.0296     0.1057          1 0.0000e+00
   5708.729   1212.254   1198.041     6.1174     6.1178   3.512574   3.513184    35.1301    35.1365     1.8963  225.17621     0.0000     0.0000     1.8787     4.6918     4.9987     0.0000     0.0293     0.1052          1 0.0000e+00
   5709.229   1212.407   1198.204     6.1171     6.1174   3.512544   3.513152    35.1300    35.1365     1.8964  225.14427     0.0000     0.0000     1.8788     4.6916     4.9987     0.0000     0.0293     0.1061          1 0.0000e+00
   5709.729   1212.547   1198.333     6.1167     6.1169   3.512518   3.513112    35.1301    35.1365     1.8965  225.28334     0.0000     0.0000     1.8789     4.6916     4.9987     0.0000     0.0293     0.1066          1 0.0000e+00
   5710.229   1212.650   1198.445     6.1167     6.1165   3.512516   3.513071    35.1300    35.1364     1.8966  225.40437     0.0000     0.0000     1.8791     4.6918     4.9986     0.0000     0.0293     0.1055          1 0.0000e+00
   5710.729   1212.692   1198.484     6.1161     6.1161   3.512457   3.513038    35.1300    35.1365     1.8965  225.36680     0.0000     0.0000     1.8790     4.6920     4.9987     0.0000     0.0293     0.1042          1 0.0000e+00
   5711.229   1212.643   1198.442     6.1160     6.1166   3.512461   3.513062    35.1301    35.1362     1.8964  225.31423     0.0000     0.0000     1.8789     4.6918     4.9987     0.0000     0.0293     0.1055          1 0.0000e+00
   5711.729   1212.459   1198.255     6.1221     6.1169   3.513122   3.513106    35.1312    35.1365     1.8967  225.28503     0.0000     0.0000     1.8792     4.6920     4.9988     0.0000     0.0293     0.1076          1 0.0000e+00
   5712.229   1212.176   1197.978     6.1220     6.1178   3.513002   3.513193    35.1301    35.1366     1.8963  225.15100     0.0000     0.0000     1.8788     4.6917     4.9986     0.0000     0.0293     0.1077          1 0.0000e+00
   5712.729   1211.796   1197.603     6.1199     6.1191   3.512792   3.513310    35.1302    35.1367     1.8963  225.15161     0.0000     0.0000     1.8788     4.6920     4.9987     0.0000     0.0293     0.1077          1 0.0000e+00
   5713.229   1211.318   1197.130     6.1240     6.1226   3.513227   3.513656    35.1309    35.1372     1.8963  225.08309     0.0000     0.0000     1.8788     4.6921     4.9986     0.0000     0.0293     0.1078          1 0.0000e+00
   5713.729   1210.758   1196.579     6.1285     6.1304   3.513625   3.514441    35.1309    35.1380     1.8959  224.91629     0.0000     0.0000     1.8784     4.6921     4.9983     0.0000     0.0293     0.1090          1 0.0000e+00
   5714.229   1210.137   1195.963     6.1315     6.1326   3.513941   3.514642    35.1316    35.1382     1.8958  224.85595     0.0000     0.0000     1.8783     4.6921     4.9985     0.0000     0.0293     0.1088          1 0.0000e+00
   5714.729   1209.458   1195.296     6.1348     6.1358   3.514250   3.514957    35.1319    35.1388     1.8957  224.79024     0.0000     0.0000     1.8782     4.6917     4.9984     0.0000     0.0293     0.1070          1 0.0000e+00
   5715.229   1208.755   1194.596     6.1381     6.1424   3.514578   3.515581    35.1325    35.1391     1.8956  224.73203     0.0000     0.0000     1.8781     4.6921     4.9987     0.0000     0.0293     0.1068          1 0.0000e+00
   5715.729   1208.053   1193.910     6.1440     6.1458   3.515168   3.515923    35.1332    35.1397     1.8957  224.70325     0.0000     0.0000     1.8782     4.6918     4.9985     0.0000     0.0293     0.1065          1 0.0000e+00
   5716.229   1207.347   1193.205     6.1455     6.1469   3.515271   3.516032    35.1332    35.1401     1.8959  224.85431     0.0000     0.0000     1.8784     4.6923     4.9986     0.0000     0.0293     0.1065          1 0.0000e+00
   5716.729   1206.640   1192.514     6.1465     6.1487   3.515356   3.516175    35.1335    35.1403     1.8964  225.10728     0.0000     0.0000     1.8789     4.6922     4.9986     0.0000     0.0302     0.1074          1 0.0000e+00
   5717.229   1205.953   1191.834     6.1493     6.1524   3.515642   3.516528    35.1340    35.1407     1.8967  225.28575     0.0000     0.0000     1.8792     4.6921     4.9987     0.0000     0.0305     0.1076          1 0.0000e+00
   5717.729   1205.279   1191.169     6.1515     6.1531   3.515826   3.516586    35.1342    35.1409     1.8971  225.34887     0.0000     0.0000     1.8796     4.6923     4.9987     0.0000     0.0298     0.1069          1 0.0000e+00
   5718.229   1204.643   1190.542     6.1521     6.1538   3.515869   3.516632    35.1343    35.1411     1.8971  225.25579     0.0000     0.0000     1.8796     4.6925     4.9987     0.0000     0.0293     0.1064          1 0.0000e+00
   5718.729   1204.055   1189.961     6.1538     6.1557   3.516029   3.516794    35.1347    35.1412     1.8976  225.20159     0.0000     0.0000     1.8800     4.6923     4.9985     0.0000     0.0282     0.1060          1 0.0000e+00
   5719.229   1203.529   1189.444     6.1575     6.1587   3.516397   3.517092    35.1352    35.1416     1.8975  225.17156     0.0000     0.0000     1.8800     4.6926     4.9986     0.0000     0.0269     0.1051          1 0.0000e+00
   5719.729   1203.078   1188.994     6.1589     6.1616   3.516492   3.517352    35.1350    35.1418     1.8978  225.15446     0.0000     0.0000     1.8803     4.6931     4.9986     0.0000     0.0278     0.1058          1 0.0000e+00
   5720.229   1202.711   1188.634     6.1468     6.1570   3.515238   3.516889    35.1340    35.1417     1.8972  224.98980     0.0000     0.0000     1.8797     4.6927     4.9987     0.0000     0.0293     0.1066          1 0.0000e+00
   5720.729   1202.456   1188.382     6.1472     6.1514   3.515293   3.516273    35.1343    35.1409     1.8977  224.96726     0.0000     0.0000     1.8802     4.6928     4.9985     0.0000     0.0293     0.1067          1 0.0000e+00
   5721.229   1202.306   1188.235     6.1541     6.1483   3.515976   3.515956    35.1348    35.1407     1.8970  224.77679     0.0000     0.0000     1.8795     4.6927     4.9985     0.0000     0.0293     0.1074          1 0.0000e+00
   5721.729   1202.203   1188.145     6.1545     6.1490   3.515993   3.516006    35.1346    35.1406     1.8966  224.51283     0.0000     0.0000     1.8791     4.6929     4.9984     0.0000     0.0291     0.1076          1 0.0000e+00
   5722.229   1202.074   1188.019     6.1491     6.1476   3.515433   3.515878    35.1342    35.1407     1.8959  224.26293     0.0000     0.0000     1.8784     4.6928     4.9986     0.0000     0.0269     0.1069          1 0.0000e+00
   5722.729   1201.900   1187.851     6.1455     6.1478   3.515083   3.515870    35.1341    35.1405     1.8956  224.03715     0.0000     0.0000     1.8781     4.6929     4.9986     0.0000     0.0270     0.1067          1 0.0000e+00
   5723.229   1201.652   1187.600     6.1447     6.1468   3.514993   3.515751    35.1341    35.1404     1.8954  224.15971     0.0000     0.0000     1.8779     4.6929     4.9984     0.0000     0.0325     0.1051          1 0.0000e+00
   5723.729   1201.336   1187.285     6.1460     6.1477   3.515081   3.515824    35.1339    35.1404     1.8955  224.32093     0.0000     0.0000     1.8780     4.6928     4.9987     0.0000     0.0328     0.1052          1 0.0000e+00
