odissea/cruise_data/ce25007/data/ctd/ce25007_018.cnv
* Sea-Bird SBE 9 Data File:
* FileName = C:\CE_CTD_Data\2025_CTD_Data\CE25007\CE25007_018.hdr
* Software Version Seasave V 7.26.7.121
* Temperature SN = 4382
* Conductivity SN = 2796
* Number of Bytes Per Scan = 40
* Number of Voltage Words = 5
* Number of Scans Averaged by the Deck Unit = 1
* NMEA Latitude = 54 34.24 N
* NMEA Longitude = 018 21.48 W
* NMEA UTC (Time) = May 15 2025 00:17:55
* NMEA baud rate = 4800
** Cruise: CE18001
** PSO: Caroline Cusack
** CTD operator:
** Technician:
** Cast No:
** Station:
** Event No:
** Sea state:
** Wind speed:
** Sounding depth
# nquan = 21
# nvalues = 11521                       
# units = specified
# name 0 = timeS: Time, Elapsed [seconds]
# name 1 = prDM: Pressure, Digiquartz [db]
# name 2 = depSM: Depth [salt water, m]
# name 3 = t090C: Temperature [ITS-90, deg C]
# name 4 = t190C: Temperature, 2 [ITS-90, deg C]
# name 5 = c0S/m: Conductivity [S/m]
# name 6 = c1S/m: Conductivity, 2 [S/m]
# name 7 = sal00: Salinity, Practical [PSU]
# name 8 = sal11: Salinity, Practical, 2 [PSU]
# name 9 = sbeox0V: Oxygen raw, SBE 43 [V]
# name 10 = sbeox0Mm/L: Oxygen, SBE 43 [umol/l]
# name 11 = v0: Voltage 0
# name 12 = v1: Voltage 1
# name 13 = v2: Voltage 2
# name 14 = v3: Voltage 3
# name 15 = v4: Voltage 4
# name 16 = v5: Voltage 5
# name 17 = v6: Voltage 6
# name 18 = v7: Voltage 7
# name 19 = pumps: Pump Status
# name 20 = flag: flag
# span 0 =      0.229,   5760.167       
# span 1 =     -0.236,   1285.097       
# span 2 =     -0.239,   1269.655       
# span 3 =     4.6690,    14.9852       
# span 4 =     4.6697,    15.2087       
# span 5 =   0.053692,   4.341075       
# span 6 =   0.165991,   4.391383       
# span 7 =     0.3384,    36.4714       
# span 8 =     1.1240,    36.2196       
# span 9 =     1.8413,     2.8882       
# span 10 =  198.80089,  328.22748      
# span 11 =     0.0000,     0.0000      
# span 12 =     0.0000,     0.0000      
# span 13 =     1.8410,     2.8882      
# span 14 =     0.0036,     4.8058      
# span 15 =     0.1989,     5.0000      
# span 16 =     0.0000,     0.0000      
# span 17 =     0.0098,     0.4384      
# span 18 =     0.0816,     3.6610      
# span 19 =          0,          1      
# span 20 = 0.0000e+00, 0.0000e+00      
# interval = seconds: 0.5               
# start_time = May 15 2025 00:17:55 [NMEA time, header]
# bad_flag = -9.990e-29
*END*
[from data line 2759]
   1379.729    680.045    672.832     9.6615     9.6617   3.848067   3.841778    35.4204    35.3555     2.2328  239.61409     0.0000     0.0000     2.2318     4.7786     4.9963     0.0000     0.0265     0.1077          1 0.0000e+00
   1380.229    680.607    673.390     9.6606     9.6567   3.848338   3.841262    35.4238    35.3549     2.2315  239.26334     0.0000     0.0000     2.2305     4.7805     4.9962     0.0000     0.0306     0.1075          1 0.0000e+00
   1380.729    681.182    673.954     9.6570     9.6552   3.848565   3.841130    35.4295    35.3547     2.2301  238.85897     0.0000     0.0000     2.2290     4.7670     4.9962     0.0000     0.0302     0.1074          1 0.0000e+00
   1381.229    681.769    674.541     9.6553     9.6528   3.848809   3.840895    35.4333    35.3544     2.2286  238.50039     0.0000     0.0000     2.2276     4.7393     4.9963     0.0000     0.0256     0.1045          1 0.0000e+00
   1381.729    682.364    675.128     9.6518     9.6443   3.848452   3.839987    35.4329    35.3533     2.2277  238.36696     0.0000     0.0000     2.2267     4.7642     4.9962     0.0000     0.0256     0.1040          1 0.0000e+00
   1382.229    682.940    675.699     9.6444     9.6402   3.847440   3.839613    35.4296    35.3533     2.2266  238.38315     0.0000     0.0000     2.2256     4.7785     4.9963     0.0000     0.0302     0.1112          1 0.0000e+00
   1382.729    683.475    676.227     9.6419     9.6406   3.848375   3.839688    35.4414    35.3533     2.2248  238.12106     0.0000     0.0000     2.2237     4.7800     4.9962     0.0000     0.0305     0.1116          1 0.0000e+00
   1383.229    683.971    676.720     9.6433     9.6397   3.850693   3.839586    35.4635    35.3529     2.2231  237.72794     0.0000     0.0000     2.2221     4.7798     4.9963     0.0000     0.0278     0.1047          1 0.0000e+00
   1383.729    684.432    677.169     9.6496     9.6376   3.851277   3.839402    35.4629    35.3528     2.2214  237.32237     0.0000     0.0000     2.2204     4.7801     4.9962     0.0000     0.0270     0.1029          1 0.0000e+00
   1384.229    684.855    677.588     9.6454     9.6372   3.851569   3.839368    35.4699    35.3526     2.2195  237.00606     0.0000     0.0000     2.2185     4.7802     4.9964     0.0000     0.0286     0.1058          1 0.0000e+00
   1384.729    685.240    677.972     9.6415     9.6361   3.851760   3.839268    35.4755    35.3525     2.2175  236.71360     0.0000     0.0000     2.2165     4.7805     4.9963     0.0000     0.0293     0.1068          1 0.0000e+00
   1385.229    685.611    678.334     9.6400     9.6347   3.851504   3.839139    35.4742    35.3523     2.2159  236.47003     0.0000     0.0000     2.2149     4.7805     4.9963     0.0000     0.0300     0.1080          1 0.0000e+00
   1385.729    685.988    678.701     9.6355     9.6340   3.849438   3.839085    35.4573    35.3523     2.2144  236.38040     0.0000     0.0000     2.2134     4.7803     4.9963     0.0000     0.0305     0.1091          1 0.0000e+00
   1386.229    686.402    679.112     9.6339     9.6328   3.847410   3.838993    35.4379    35.3522     2.2136  236.51339     0.0000     0.0000     2.2127     4.7798     4.9963     0.0000     0.0291     0.1069          1 0.0000e+00
   1386.729    686.852    679.559     9.6328     9.6323   3.846073   3.838953    35.4249    35.3521     2.2129  236.71266     0.0000     0.0000     2.2120     4.7803     4.9963     0.0000     0.0270     0.1042          1 0.0000e+00
   1387.229    687.343    680.041     9.6300     9.6277   3.844632   3.838470    35.4126    35.3514     2.2122  236.85148     0.0000     0.0000     2.2112     4.7802     4.9963     0.0000     0.0281     0.1052          1 0.0000e+00
   1387.729    687.875    680.569     9.6211     9.6190   3.843627   3.837595    35.4109    35.3509     2.2110  236.78433     0.0000     0.0000     2.2100     4.7810     4.9963     0.0000     0.0305     0.1071          1 0.0000e+00
   1388.229    688.437    681.120     9.6127     9.6124   3.843209   3.836929    35.4148    35.3504     2.2102  236.65987     0.0000     0.0000     2.2092     4.7813     4.9963     0.0000     0.0303     0.1069          1 0.0000e+00
   1388.729    689.010    681.688     9.6102     9.6102   3.842765   3.836720    35.4123    35.3501     2.2095  236.58258     0.0000     0.0000     2.2085     4.7807     4.9963     0.0000     0.0293     0.1071          1 0.0000e+00
   1389.229    689.580    682.259     9.6095     9.6082   3.842312   3.836529    35.4081    35.3498     2.2086  236.52173     0.0000     0.0000     2.2077     4.7808     4.9963     0.0000     0.0294     0.1069          1 0.0000e+00
   1389.729    690.127    682.794     9.6080     9.6072   3.842129   3.836466    35.4075    35.3498     2.2076  236.43365     0.0000     0.0000     2.2066     4.7810     4.9963     0.0000     0.0305     0.1079          1 0.0000e+00
   1390.229    690.656    683.319     9.6075     9.6069   3.842408   3.836436    35.4105    35.3495     2.2059  236.07203     0.0000     0.0000     2.2049     4.7805     4.9962     0.0000     0.0305     0.1082          1 0.0000e+00
   1390.729    691.167    683.816     9.6064     9.6044   3.843004   3.836204    35.4174    35.3493     2.2043  235.65989     0.0000     0.0000     2.2033     4.7802     4.9963     0.0000     0.0272     0.1077          1 0.0000e+00
   1391.229    691.668    684.327     9.6058     9.5997   3.844876   3.835712    35.4370    35.3488     2.2029  235.31729     0.0000     0.0000     2.2020     4.7806     4.9963     0.0000     0.0270     0.1080          1 0.0000e+00
   1391.729    692.165    684.804     9.6073     9.5945   3.846044   3.835182    35.4472    35.3482     2.2005  234.87034     0.0000     0.0000     2.1995     4.7810     4.9961     0.0000     0.0288     0.1071          1 0.0000e+00
   1392.229    692.678    685.313     9.5989     9.5838   3.846325   3.834038    35.4583    35.3469     2.1988  234.56527     0.0000     0.0000     2.1979     4.7808     4.9963     0.0000     0.0293     0.1070          1 0.0000e+00
   1392.729    693.207    685.830     9.5867     9.5701   3.845968   3.832645    35.4666    35.3461     2.1971  234.36239     0.0000     0.0000     2.1962     4.7807     4.9963     0.0000     0.0293     0.1050          1 0.0000e+00
   1393.229    693.750    686.375     9.5708     9.5570   3.845446   3.831348    35.4770    35.3455     2.1958  234.37938     0.0000     0.0000     2.1949     4.7810     4.9963     0.0000     0.0293     0.1043          1 0.0000e+00
   1393.729    694.287    686.906     9.5632     9.5506   3.845545   3.830726    35.4854    35.3452     2.1935  234.18414     0.0000     0.0000     2.1926     4.7806     4.9962     0.0000     0.0300     0.1057          1 0.0000e+00
   1394.229    694.804    687.420     9.5566     9.5443   3.845842   3.830077    35.4947    35.3445     2.1910  233.65506     0.0000     0.0000     2.1901     4.7805     4.9962     0.0000     0.0305     0.1070          1 0.0000e+00
   1394.729    695.295    687.898     9.5488     9.5402   3.845829   3.829716    35.5022    35.3445     2.1889  233.19627     0.0000     0.0000     2.1880     4.7809     4.9963     0.0000     0.0299     0.1061          1 0.0000e+00
   1395.229    695.757    688.358     9.5459     9.5379   3.847141   3.829503    35.5182    35.3443     2.1870  232.91724     0.0000     0.0000     2.1861     4.7807     4.9963     0.0000     0.0293     0.1053          1 0.0000e+00
   1395.729    696.192    688.788     9.5521     9.5361   3.847926   3.829335    35.5198    35.3441     2.1858  232.93902     0.0000     0.0000     2.1849     4.7804     4.9963     0.0000     0.0282     0.1048          1 0.0000e+00
   1396.229    696.595    689.188     9.5630     9.5354   3.847453   3.829303    35.5036    35.3441     2.1847  233.02710     0.0000     0.0000     2.1838     4.7812     4.9963     0.0000     0.0256     0.1042          1 0.0000e+00
   1396.729    696.974    689.556     9.5507     9.5357   3.846273   3.829360    35.5036    35.3441     2.1841  233.24665     0.0000     0.0000     2.1833     4.7812     4.9963     0.0000     0.0256     0.1052          1 0.0000e+00
   1397.229    697.350    689.926     9.5417     9.5353   3.845071   3.829328    35.5000    35.3439     2.1837  233.53764     0.0000     0.0000     2.1829     4.7803     4.9961     0.0000     0.0256     0.1068          1 0.0000e+00
   1397.729    697.753    690.326     9.5377     9.5363   3.843446   3.829438    35.4870    35.3438     2.1831  233.65189     0.0000     0.0000     2.1822     4.7806     4.9964     0.0000     0.0258     0.1067          1 0.0000e+00
   1398.229    698.185    690.748     9.5369     9.5380   3.841614   3.829650    35.4686    35.3439     2.1827  233.71514     0.0000     0.0000     2.1818     4.7811     4.9963     0.0000     0.0293     0.1079          1 0.0000e+00
   1398.729    698.663    691.221     9.5381     9.5395   3.840017   3.829807    35.4507    35.3437     2.1828  233.81980     0.0000     0.0000     2.1819     4.7809     4.9963     0.0000     0.0293     0.1077          1 0.0000e+00
   1399.229    699.184    691.736     9.5396     9.5400   3.838215   3.829896    35.4302    35.3438     2.1829  234.03313     0.0000     0.0000     2.1820     4.7803     4.9963     0.0000     0.0304     0.1070          1 0.0000e+00
   1399.729    699.743    692.296     9.5385     9.5365   3.837370   3.829612    35.4223    35.3441     2.1835  234.32828     0.0000     0.0000     2.1826     4.7799     4.9964     0.0000     0.0305     0.1071          1 0.0000e+00
   1400.229    700.316    692.851     9.5360     9.5349   3.836857   3.829487    35.4192    35.3442     2.1831  234.36546     0.0000     0.0000     2.1822     4.7801     4.9963     0.0000     0.0295     0.1069          1 0.0000e+00
   1400.729    700.930    693.460     9.5346     9.5347   3.836973   3.829507    35.4214    35.3442     2.1825  234.18294     0.0000     0.0000     2.1816     4.7811     4.9962     0.0000     0.0293     0.1068          1 0.0000e+00
   1401.229    701.552    694.082     9.5341     9.5334   3.837973   3.829397    35.4319    35.3441     2.1817  233.81712     0.0000     0.0000     2.1808     4.7804     4.9963     0.0000     0.0276     0.1076          1 0.0000e+00
   1401.729    702.164    694.685     9.5342     9.5320   3.840676   3.829302    35.4594    35.3441     2.1820  233.75202     0.0000     0.0000     2.1811     4.7803     4.9963     0.0000     0.0269     0.1079          1 0.0000e+00
   1402.229    702.751    695.269     9.5360     9.5330   3.841313   3.829420    35.4637    35.3440     2.1827  234.07741     0.0000     0.0000     2.1818     4.7804     4.9963     0.0000     0.0283     0.1066          1 0.0000e+00
   1402.729    703.291    695.799     9.5372     9.5328   3.842065   3.829428    35.4700    35.3440     2.1839  234.62070     0.0000     0.0000     2.1830     4.7804     4.9963     0.0000     0.0293     0.1055          1 0.0000e+00
   1403.229    703.794    696.289     9.5430     9.5321   3.842738   3.829387    35.4707    35.3440     2.1846  234.97652     0.0000     0.0000     2.1837     4.7803     4.9963     0.0000     0.0308     0.1068          1 0.0000e+00
   1403.729    704.268    696.769     9.5412     9.5310   3.842877   3.829309    35.4738    35.3440     2.1857  235.26474     0.0000     0.0000     2.1848     4.7799     4.9962     0.0000     0.0328     0.1082          1 0.0000e+00
   1404.229    704.704    697.195     9.5363     9.5307   3.843031   3.829301    35.4800    35.3439     2.1866  235.43189     0.0000     0.0000     2.1857     4.7793     4.9963     0.0000     0.0308     0.1072          1 0.0000e+00
   1404.729    705.119    697.606     9.5345     9.5302   3.843187   3.829265    35.4833    35.3439     2.1875  235.55174     0.0000     0.0000     2.1865     4.7795     4.9963     0.0000     0.0270     0.1057          1 0.0000e+00
   1405.229    705.516    697.988     9.5336     9.5299   3.843223   3.829258    35.4843    35.3439     2.1888  235.74528     0.0000     0.0000     2.1878     4.7798     4.9963     0.0000     0.0284     0.1061          1 0.0000e+00
   1405.729    705.933    698.407     9.5316     9.5295   3.841953   3.829218    35.4730    35.3437     2.1890  235.80449     0.0000     0.0000     2.1880     4.7802     4.9963     0.0000     0.0342     0.1094          1 0.0000e+00
   1406.229    706.374    698.836     9.5297     9.5291   3.840109   3.829214    35.4557    35.3438     2.1890  235.66729     0.0000     0.0000     2.1880     4.7793     4.9963     0.0000     0.0339     0.1089          1 0.0000e+00
   1406.729    706.836    699.302     9.5289     9.5290   3.838668   3.829225    35.4414    35.3437     2.1895  235.58440     0.0000     0.0000     2.1885     4.7798     4.9963     0.0000     0.0293     0.1053          1 0.0000e+00
   1407.229    707.323    699.770     9.5286     9.5288   3.837586   3.829218    35.4302    35.3436     2.1899  235.59924     0.0000     0.0000     2.1890     4.7795     4.9963     0.0000     0.0293     0.1052          1 0.0000e+00
   1407.729    707.838    700.290     9.5284     9.5284   3.837217   3.829217    35.4263    35.3437     2.1899  235.68551     0.0000     0.0000     2.1890     4.7797     4.9963     0.0000     0.0293     0.1070          1 0.0000e+00
   1408.229    708.377    700.815     9.5279     9.5278   3.836504   3.829174    35.4193    35.3436     2.1901  235.68026     0.0000     0.0000     2.1892     4.7800     4.9962     0.0000     0.0293     0.1068          1 0.0000e+00
   1408.729    708.935    701.370     9.5274     9.5267   3.836505   3.829080    35.4195    35.3435     2.1901  235.60463     0.0000     0.0000     2.1892     4.7799     4.9963     0.0000     0.0274     0.1067          1 0.0000e+00
   1409.229    709.504    701.935     9.5265     9.5236   3.836618   3.828766    35.4213    35.3431     2.1902  235.61218     0.0000     0.0000     2.1893     4.7798     4.9963     0.0000     0.0269     0.1071          1 0.0000e+00
   1409.729    710.068    702.490     9.5241     9.5222   3.837202   3.828658    35.4294    35.3431     2.1902  235.63833     0.0000     0.0000     2.1893     4.7799     4.9963     0.0000     0.0286     0.1076          1 0.0000e+00
   1410.229    710.611    703.029     9.5233     9.5219   3.838735   3.828647    35.4457    35.3431     2.1903  235.58763     0.0000     0.0000     2.1893     4.7800     4.9963     0.0000     0.0293     0.1076          1 0.0000e+00
   1410.729    711.135    703.550     9.5258     9.5217   3.840213   3.828645    35.4581    35.3429     2.1904  235.59865     0.0000     0.0000     2.1894     4.7800     4.9963     0.0000     0.0293     0.1073          1 0.0000e+00
   1411.229    711.636    704.032     9.5341     9.5206   3.840872   3.828551    35.4564    35.3428     2.1904  235.56962     0.0000     0.0000     2.1894     4.7796     4.9963     0.0000     0.0293     0.1069          1 0.0000e+00
   1411.729    712.125    704.528     9.5294     9.5207   3.840770   3.828578    35.4598    35.3428     2.1903  235.57712     0.0000     0.0000     2.1893     4.7795     4.9963     0.0000     0.0293     0.1068          1 0.0000e+00
   1412.229    712.599    704.986     9.5245     9.5198   3.840117   3.828499    35.4578    35.3426     2.1894  235.40906     0.0000     0.0000     2.1884     4.7799     4.9962     0.0000     0.0293     0.1067          1 0.0000e+00
   1412.729    713.068    705.458     9.5208     9.5191   3.839415   3.828446    35.4541    35.3425     2.1894  235.31529     0.0000     0.0000     2.1884     4.7797     4.9963     0.0000     0.0293     0.1069          1 0.0000e+00
   1413.229    713.527    705.906     9.5191     9.5184   3.838725   3.828379    35.4485    35.3423     2.1894  235.34904     0.0000     0.0000     2.1884     4.7800     4.9963     0.0000     0.0293     0.1068          1 0.0000e+00
