odissea/cruise_data/ce25007/data/ctd/ce25007_028.cnv
* Sea-Bird SBE 9 Data File:
* FileName = C:\CE_CTD_Data\2025_CTD_Data\CE25007\CE25007_028.hdr
* Software Version Seasave V 7.26.7.121
* Temperature SN = 4382
* Conductivity SN = 2796
* Number of Bytes Per Scan = 40
* Number of Voltage Words = 5
* Number of Scans Averaged by the Deck Unit = 1
* NMEA Latitude = 54 30.09 N
* NMEA Longitude = 022 29.13 W
* NMEA UTC (Time) = May 16 2025 18:25:33
* NMEA baud rate = 4800
** Cruise: CE18001
** PSO: Caroline Cusack
** CTD operator:
** Technician:
** Cast No:
** Station:
** Event No:
** Sea state:
** Wind speed:
** Sounding depth
# nquan = 21
# nvalues = 434                         
# units = specified
# name 0 = timeS: Time, Elapsed [seconds]
# name 1 = prDM: Pressure, Digiquartz [db]
# name 2 = depSM: Depth [salt water, m]
# name 3 = t090C: Temperature [ITS-90, deg C]
# name 4 = t190C: Temperature, 2 [ITS-90, deg C]
# name 5 = c0S/m: Conductivity [S/m]
# name 6 = c1S/m: Conductivity, 2 [S/m]
# name 7 = sal00: Salinity, Practical [PSU]
# name 8 = sal11: Salinity, Practical, 2 [PSU]
# name 9 = sbeox0V: Oxygen raw, SBE 43 [V]
# name 10 = sbeox0Mm/L: Oxygen, SBE 43 [umol/l]
# name 11 = v0: Voltage 0
# name 12 = v1: Voltage 1
# name 13 = v2: Voltage 2
# name 14 = v3: Voltage 3
# name 15 = v4: Voltage 4
# name 16 = v5: Voltage 5
# name 17 = v6: Voltage 6
# name 18 = v7: Voltage 7
# name 19 = pumps: Pump Status
# name 20 = flag: flag
# span 0 =      0.229,    216.729       
# span 1 =     -0.339,     14.278       
# span 2 =     -0.357,     14.170       
# span 3 =    11.6126,    14.0528       
# span 4 =    11.6128,    14.1333       
# span 5 =   0.019246,   4.060633       
# span 6 =   0.115865,   4.092260       
# span 7 =     0.1172,    35.8381       
# span 8 =     0.7397,    36.1293       
# span 9 =     2.1738,     2.8082       
# span 10 =  199.16741,  340.57700      
# span 11 =     0.0000,     0.0000      
# span 12 =     0.0000,     0.0000      
# span 13 =     2.1738,     2.8082      
# span 14 =     0.0391,     4.8452      
# span 15 =     0.0247,     4.9990      
# span 16 =     0.0000,     0.0000      
# span 17 =     0.0060,     4.9459      
# span 18 =     0.0860,     3.0464      
# span 19 =          0,          1      
# span 20 = 0.0000e+00, 0.0000e+00      
# interval = seconds: 0.5               
# start_time = May 16 2025 18:25:33 [NMEA time, header]
# bad_flag = -9.990e-29
*END*
[from data line 207]
    103.729     11.685     11.583    11.6255    11.6240   3.983775   3.983933    35.1970    35.1989     2.5111  257.08375     0.0000     0.0000     2.5111     4.3318     4.9963     0.0000     0.3390     0.1340          1 0.0000e+00
    104.229     11.947     11.833    11.6244    11.6245   3.983592   3.984035    35.1957    35.1990     2.5841  281.63174     0.0000     0.0000     2.5840     4.3287     4.9965     0.0000     0.3333     0.1324          1 0.0000e+00
    104.729     12.197     12.092    11.6275    11.6280   3.983868   3.984373    35.1949    35.1984     2.6414  295.28437     0.0000     0.0000     2.6413     4.3318     4.9966     0.0000     0.3330     0.1332          1 0.0000e+00
    105.229     12.419     12.315    11.6281    11.6286   3.983902   3.984414    35.1941    35.1978     2.6837  297.14744     0.0000     0.0000     2.6837     4.3331     4.9966     0.0000     0.3321     0.1373          1 0.0000e+00
    105.729     12.605     12.492    11.6263    11.6234   3.983702   3.983850    35.1936    35.1971     2.7140  294.25921     0.0000     0.0000     2.7140     4.3366     4.9966     0.0000     0.3321     0.1373          1 0.0000e+00
    106.229     12.748     12.640    11.6204    11.6189   3.983101   3.983466    35.1930    35.1973     2.7366  290.88254     0.0000     0.0000     2.7366     4.3390     4.9964     0.0000     0.3321     0.1396          1 0.0000e+00
    106.729     12.845     12.725    11.6184    11.6191   3.982885   3.983478    35.1925    35.1970     2.7526  288.06267     0.0000     0.0000     2.7525     4.3400     4.9966     0.0000     0.3321     0.1395          1 0.0000e+00
    107.229     12.930     12.816    11.6183    11.6190   3.982884   3.983468    35.1923    35.1966     2.7648  286.07333     0.0000     0.0000     2.7647     4.3364     4.9968     0.0000     0.3310     0.1398          1 0.0000e+00
    107.729     13.033     12.911    11.6180    11.6181   3.982846   3.983395    35.1918    35.1965     2.7738  284.70212     0.0000     0.0000     2.7737     4.3359     4.9967     0.0000     0.3309     0.1399          1 0.0000e+00
    108.229     13.148     13.029    11.6176    11.6178   3.982816   3.983367    35.1916    35.1963     2.7794  283.51393     0.0000     0.0000     2.7793     4.3351     4.9967     0.0000     0.3238     0.1388          1 0.0000e+00
    108.729     13.265     13.146    11.6175    11.6164   3.982812   3.983254    35.1914    35.1962     2.7831  282.47886     0.0000     0.0000     2.7831     4.3376     4.9964     0.0000     0.3224     0.1387          1 0.0000e+00
    109.229     13.374     13.256    11.6165    11.6162   3.982700   3.983235    35.1910    35.1961     2.7861  281.68971     0.0000     0.0000     2.7860     4.3392     4.9966     0.0000     0.3266     0.1376          1 0.0000e+00
    109.729     13.457     13.341    11.6170    11.6163   3.982766   3.983263    35.1909    35.1960     2.7887  281.32817     0.0000     0.0000     2.7887     4.3400     4.9968     0.0000     0.3284     0.1373          1 0.0000e+00
    110.229     13.489     13.379    11.6167    11.6166   3.982703   3.983297    35.1903    35.1959     2.7901  281.13097     0.0000     0.0000     2.7901     4.3418     4.9966     0.0000     0.3264     0.1380          1 0.0000e+00
    110.729     13.423     13.308    11.6167    11.6166   3.982717   3.983319    35.1903    35.1959     2.7912  280.90134     0.0000     0.0000     2.7911     4.3473     4.9967     0.0000     0.3248     0.1385          1 0.0000e+00
    111.229     13.250     13.141    11.6171    11.6170   3.982750   3.983320    35.1902    35.1955     2.7928  280.84482     0.0000     0.0000     2.7927     4.3467     4.9966     0.0000     0.3237     0.1379          1 0.0000e+00
    111.729     12.983     12.872    11.6236    11.6222   3.983429   3.983881    35.1905    35.1959     2.7933  280.69141     0.0000     0.0000     2.7933     4.3464     4.9966     0.0000     0.3223     0.1371          1 0.0000e+00
    112.229     12.660     12.549    11.6262    11.6261   3.983628   3.984208    35.1899    35.1954     2.7951  280.91070     0.0000     0.0000     2.7951     4.3433     4.9968     0.0000     0.3313     0.1359          1 0.0000e+00
    112.729     12.292     12.181    11.6253    11.6265   3.983538   3.984260    35.1900    35.1956     2.7964  281.10354     0.0000     0.0000     2.7964     4.3427     4.9969     0.0000     0.3504     0.1328          1 0.0000e+00
    113.229     11.938     11.830    11.6234    11.6260   3.983335   3.984182    35.1899    35.1953     2.7976  281.28062     0.0000     0.0000     2.7975     4.3439     4.9965     0.0000     0.3497     0.1328          1 0.0000e+00
    113.729     11.594     11.487    11.6221    11.6245   3.983215   3.984048    35.1900    35.1955     2.7987  281.38501     0.0000     0.0000     2.7986     4.3445     4.9966     0.0000     0.3468     0.1348          1 0.0000e+00
    114.229     11.271     11.167    11.6214    11.6248   3.983106   3.984032    35.1896    35.1952     2.7997  281.43333     0.0000     0.0000     2.7997     4.3462     4.9965     0.0000     0.3463     0.1351          1 0.0000e+00
    114.729     11.014     10.901    11.6196    11.6247   3.982937   3.984037    35.1897    35.1954     2.8000  281.36396     0.0000     0.0000     2.8000     4.3416     4.9966     0.0000     0.3370     0.1336          1 0.0000e+00
    115.229     10.883     10.773    11.6231    11.6241   3.983284   3.983980    35.1897    35.1954     2.8010  281.40176     0.0000     0.0000     2.8010     4.3415     4.9968     0.0000     0.3370     0.1339          1 0.0000e+00
    115.729     10.912     10.799    11.6220    11.6222   3.983159   3.983795    35.1894    35.1953     2.8020  281.53156     0.0000     0.0000     2.8020     4.3474     4.9965     0.0000     0.3438     0.1347          1 0.0000e+00
    116.229     11.088     10.974    11.6189    11.6199   3.982891   3.983588    35.1897    35.1954     2.8022  281.57193     0.0000     0.0000     2.8022     4.3382     4.9964     0.0000     0.3443     0.1347          1 0.0000e+00
    116.729     11.381     11.267    11.6193    11.6200   3.982949   3.983610    35.1896    35.1953     2.8011  281.25397     0.0000     0.0000     2.8011     4.3274     4.9966     0.0000     0.3433     0.1362          1 0.0000e+00
    117.229     11.808     11.702    11.6197    11.6193   3.983026   3.983569    35.1897    35.1954     2.8000  280.80230     0.0000     0.0000     2.8000     4.3371     4.9968     0.0000     0.3431     0.1368          1 0.0000e+00
    117.729     12.265     12.156    11.6183    11.6190   3.982919   3.983557    35.1898    35.1953     2.7991  280.46372     0.0000     0.0000     2.7990     4.3396     4.9968     0.0000     0.3406     0.1371          1 0.0000e+00
    118.229     12.712     12.601    11.6192    11.6179   3.982984   3.983465    35.1893    35.1952     2.7987  280.36927     0.0000     0.0000     2.7986     4.3393     4.9969     0.0000     0.3394     0.1375          1 0.0000e+00
    118.729     13.108     12.996    11.6191    11.6181   3.983004   3.983512    35.1894    35.1952     2.7986  280.50529     0.0000     0.0000     2.7985     4.3424     4.9966     0.0000     0.3368     0.1360          1 0.0000e+00
    119.229     13.397     13.297    11.6158    11.6143   3.982679   3.983116    35.1892    35.1949     2.7985  280.68465     0.0000     0.0000     2.7984     4.3473     4.9967     0.0000     0.3346     0.1347          1 0.0000e+00
    119.729     13.530     13.420    11.6126    11.6128   3.982363   3.982994    35.1891    35.1950     2.7979  280.70517     0.0000     0.0000     2.7978     4.3475     4.9966     0.0000     0.3346     0.1359          1 0.0000e+00
    120.229     13.494     13.388    11.6132    11.6148   3.982419   3.983190    35.1890    35.1950     2.7980  280.67823     0.0000     0.0000     2.7979     4.3471     4.9965     0.0000     0.3346     0.1367          1 0.0000e+00
    120.729     13.334     13.216    11.6159    11.6165   3.982683   3.983336    35.1890    35.1947     2.7986  280.81602     0.0000     0.0000     2.7985     4.3470     4.9967     0.0000     0.3336     0.1374          1 0.0000e+00
    121.229     13.119     12.999    11.6174    11.6183   3.982808   3.983514    35.1888    35.1948     2.7992  281.01453     0.0000     0.0000     2.7992     4.3469     4.9967     0.0000     0.3310     0.1396          1 0.0000e+00
    121.729     12.895     12.781    11.6185    11.6205   3.982915   3.983706    35.1889    35.1946     2.8001  281.29834     0.0000     0.0000     2.8001     4.3472     4.9965     0.0000     0.3327     0.1390          1 0.0000e+00
    122.229     12.660     12.548    11.6204    11.6203   3.983076   3.983681    35.1887    35.1947     2.8006  281.39175     0.0000     0.0000     2.8006     4.3464     4.9343     0.0000     0.3419     0.1349          1 0.0000e+00
    122.729     12.418     12.309    11.6203    11.6201   3.983070   3.983658    35.1888    35.1947     2.8009  281.39942     0.0000     0.0000     2.8009     4.3452     4.5958     0.0000     0.3397     0.1349          1 0.0000e+00
    123.229     12.185     12.072    11.6204    11.6208   3.983083   3.983698    35.1889    35.1944     2.8013  281.34327     0.0000     0.0000     2.8013     4.3465     4.9074     0.0000     0.3427     0.1347          1 0.0000e+00
    123.729     11.974     11.858    11.6207    11.6209   3.983111   3.983728    35.1889    35.1947     2.8020  281.40492     0.0000     0.0000     2.8020     4.3470     4.7285     0.0000     0.3417     0.1347          1 0.0000e+00
    124.229     11.809     11.697    11.6206    11.6215   3.983105   3.983739    35.1890    35.1943     2.8021  281.43817     0.0000     0.0000     2.8021     4.3475     4.9969     0.0000     0.3420     0.1366          1 0.0000e+00
    124.729     11.729     11.612    11.6205    11.6201   3.983079   3.983630    35.1889    35.1946     2.8018  281.33105     0.0000     0.0000     2.8018     4.3482     4.9967     0.0000     0.3419     0.1367          1 0.0000e+00
    125.229     11.766     11.649    11.6202    11.6211   3.983034   3.983749    35.1887    35.1948     2.8010  281.01801     0.0000     0.0000     2.8010     4.3488     4.9967     0.0000     0.3438     0.1326          1 0.0000e+00
    125.729     11.930     11.816    11.6210    11.6217   3.983127   3.983823    35.1887    35.1948     2.8011  280.89925     0.0000     0.0000     2.8011     4.3410     4.9966     0.0000     0.3443     0.1316          1 0.0000e+00
    126.229     12.193     12.075    11.6210    11.6214   3.983158   3.983798    35.1888    35.1948     2.8025  281.22751     0.0000     0.0000     2.8025     4.3399     4.9965     0.0000     0.3451     0.1361          1 0.0000e+00
    126.729     12.545     12.427    11.6196    11.6194   3.983026   3.983618    35.1887    35.1948     2.8035  281.67879     0.0000     0.0000     2.8034     4.3395     4.9966     0.0000     0.3455     0.1385          1 0.0000e+00
    127.229     12.926     12.813    11.6159    11.6159   3.982660   3.983210    35.1886    35.1941     2.8035  281.83460     0.0000     0.0000     2.8034     4.3413     4.9968     0.0000     0.3412     0.1346          1 0.0000e+00
    127.729     13.280     13.167    11.6130    11.6132   3.982415   3.983033    35.1889    35.1947     2.8035  281.73094     0.0000     0.0000     2.8034     4.3425     4.4143     0.0000     0.3330     0.1316          1 0.0000e+00
    128.229     13.539     13.434    11.6135    11.6139   3.982462   3.983122    35.1886    35.1948     2.8035  281.53537     0.0000     0.0000     2.8034     4.3461     4.9958     0.0000     0.3347     0.1336          1 0.0000e+00
    128.729     13.641     13.537    11.6131    11.6143   3.982403   3.983137    35.1885    35.1945     2.8033  281.44923     0.0000     0.0000     2.8032     4.3470     4.9964     0.0000     0.3309     0.1368          1 0.0000e+00
    129.229     13.546     13.443    11.6132    11.6130   3.982405   3.982985    35.1884    35.1943     2.8019  281.16816     0.0000     0.0000     2.8019     4.3473     4.9236     0.0000     0.3282     0.1362          1 0.0000e+00
    129.729     13.268     13.156    11.6138    11.6136   3.982465   3.983058    35.1884    35.1945     2.8020  281.03074     0.0000     0.0000     2.8020     4.3466     4.6038     0.0000     0.3203     0.1348          1 0.0000e+00
    130.229     12.887     12.774    11.6146    11.6161   3.982525   3.983312    35.1884    35.1947     2.8023  281.11210     0.0000     0.0000     2.8023     4.3455     4.4913     0.0000     0.3205     0.1344          1 0.0000e+00
    130.729     12.435     12.330    11.6180    11.6189   3.982831   3.983544    35.1883    35.1944     2.8020  281.18461     0.0000     0.0000     2.8020     4.3459     4.9968     0.0000     0.3358     0.1315          1 0.0000e+00
    131.229     11.957     11.849    11.6175    11.6177   3.982772   3.983408    35.1884    35.1945     2.8020  281.25301     0.0000     0.0000     2.8020     4.3465     4.9966     0.0000     0.3360     0.1318          1 0.0000e+00
    131.729     11.463     11.354    11.6218    11.6181   3.983173   3.983417    35.1884    35.1945     2.8021  281.16011     0.0000     0.0000     2.8021     4.3475     4.9966     0.0000     0.3467     0.1339          1 0.0000e+00
    132.229     10.977     10.881    11.6248    11.6225   3.983464   3.983843    35.1885    35.1946     2.8022  281.17034     0.0000     0.0000     2.8022     4.3458     4.9966     0.0000     0.3468     0.1336          1 0.0000e+00
    132.729     10.517     10.416    11.6263    11.6225   3.983602   3.983818    35.1887    35.1945     2.8032  281.34909     0.0000     0.0000     2.8031     4.3436     4.8916     0.0000     0.3382     0.1338          1 0.0000e+00
    133.229     10.121     10.022    11.6271    11.6210   3.983642   3.983666    35.1884    35.1946     2.8035  281.48159     0.0000     0.0000     2.8034     4.3411     4.9968     0.0000     0.3370     0.1339          1 0.0000e+00
    133.729      9.808      9.709    11.6262    11.6205   3.983527   3.983616    35.1884    35.1947     2.8039  281.54996     0.0000     0.0000     2.8038     4.3404     4.9969     0.0000     0.3324     0.1337          1 0.0000e+00
    134.229      9.596      9.499    11.6227    11.6219   3.983189   3.983707    35.1885    35.1944     2.8036  281.47143     0.0000     0.0000     2.8035     4.3423     4.9968     0.0000     0.3309     0.1337          1 0.0000e+00
    134.729      9.492      9.401    11.6223    11.6217   3.983155   3.983702    35.1886    35.1946     2.8035  281.30084     0.0000     0.0000     2.8034     4.3419     4.9965     0.0000     0.3377     0.1362          1 0.0000e+00
    135.229      9.470      9.381    11.6230    11.6238   3.983211   3.983906    35.1885    35.1946     2.8035  281.24541     0.0000     0.0000     2.8034     4.3430     4.9965     0.0000     0.3419     0.1375          1 0.0000e+00
    135.729      9.490      9.400    11.6255    11.6246   3.983453   3.983988    35.1885    35.1945     2.8032  281.16346     0.0000     0.0000     2.8031     4.3350     4.9966     0.0000     0.3382     0.1357          1 0.0000e+00
    136.229      9.534      9.452    11.6279    11.6234   3.983681   3.983867    35.1883    35.1946     2.8030  281.12433     0.0000     0.0000     2.8029     4.3322     4.9966     0.0000     0.3346     0.1336          1 0.0000e+00
    136.729      9.588      9.498    11.6271    11.6235   3.983607   3.983884    35.1884    35.1946     2.8035  281.19592     0.0000     0.0000     2.8034     4.3341     4.9971     0.0000     0.3342     0.1339          1 0.0000e+00
    137.229      9.621      9.539    11.6317    11.6334   3.984086   3.984878    35.1886    35.1947     2.8035  281.23790     0.0000     0.0000     2.8034     4.3359     4.9967     0.0000     0.3333     0.1340          1 0.0000e+00
