odissea/cruise_data/ce25007/data/ctd/ce25007_001.cnv
* Sea-Bird SBE 9 Data File:
* FileName = C:\CE_CTD_Data\2025_CTD_Data\CE25007\CE25007_001.hdr
* Software Version Seasave V 7.26.7.121
* Temperature SN = 4382
* Conductivity SN = 2796
* Number of Bytes Per Scan = 40
* Number of Voltage Words = 5
* Number of Scans Averaged by the Deck Unit = 1
* NMEA Latitude = 53 00.15 N
* NMEA Longitude = 014 14.00 W
* NMEA UTC (Time) = May 09 2025 18:33:44
* NMEA baud rate = 4800
** Cruise: CE18001
** PSO: Caroline Cusack
** CTD operator:
** Technician:
** Cast No:
** Station:
** Event No:
** Sea state:
** Wind speed:
** Sounding depth
# nquan = 21
# nvalues = 3149                        
# units = specified
# name 0 = timeS: Time, Elapsed [seconds]
# name 1 = prDM: Pressure, Digiquartz [db]
# name 2 = depSM: Depth [salt water, m]
# name 3 = t090C: Temperature [ITS-90, deg C]
# name 4 = t190C: Temperature, 2 [ITS-90, deg C]
# name 5 = c0S/m: Conductivity [S/m]
# name 6 = c1S/m: Conductivity, 2 [S/m]
# name 7 = sal00: Salinity, Practical [PSU]
# name 8 = sal11: Salinity, Practical, 2 [PSU]
# name 9 = sbeox0V: Oxygen raw, SBE 43 [V]
# name 10 = sbeox0Mm/L: Oxygen, SBE 43 [umol/l]
# name 11 = v0: Voltage 0
# name 12 = v1: Voltage 1
# name 13 = v2: Voltage 2
# name 14 = v3: Voltage 3
# name 15 = v4: Voltage 4
# name 16 = v5: Voltage 5
# name 17 = v6: Voltage 6
# name 18 = v7: Voltage 7
# name 19 = pumps: Pump Status
# name 20 = flag: flag
# span 0 =      0.229,   1574.042       
# span 1 =     -0.341,    210.448       
# span 2 =     -0.390,    208.490       
# span 3 =    10.8190,    15.8480       
# span 4 =    10.8188,    15.9034       
# span 5 =   0.011668,   4.222864       
# span 6 =   0.000461,   4.215862       
# span 7 =     0.0659,    35.6350       
# span 8 =     0.0110,    35.5313       
# span 9 =     2.1863,     3.0822       
# span 10 =  189.85677,  361.12773      
# span 11 =     0.0000,     0.0000      
# span 12 =     0.0000,     0.0000      
# span 13 =     2.1863,     3.0813      
# span 14 =     0.4664,     4.7567      
# span 15 =     0.0411,     4.9977      
# span 16 =     0.0000,     0.0000      
# span 17 =     0.0073,     4.9302      
# span 18 =     0.0074,     4.9521      
# span 19 =          0,          1      
# span 20 = 0.0000e+00, 0.0000e+00      
# interval = seconds: 0.5               
# start_time = May 09 2025 18:33:44 [NMEA time, header]
# bad_flag = -9.990e-29
*END*
[from data line 2621]
   1310.729      5.785      5.727    13.6040    13.6026   4.209996   4.210522    35.5146    35.5209     3.0363  296.87893     0.0000     0.0000     3.0356     4.1428     4.9937     0.0000     0.2371     0.1398          1 0.0000e+00
   1311.229      5.870      5.813    13.6048    13.6031   4.210094   4.210577    35.5146    35.5209     3.0362  296.75446     0.0000     0.0000     3.0355     4.1445     4.9938     0.0000     0.2352     0.1390          1 0.0000e+00
   1311.729      6.002      5.943    13.6042    13.6036   4.210042   4.210648    35.5147    35.5210     3.0354  296.52730     0.0000     0.0000     3.0347     4.1436     4.9938     0.0000     0.2347     0.1387          1 0.0000e+00
   1312.229      6.198      6.141    13.6043    13.6041   4.210050   4.210690    35.5147    35.5208     3.0346  296.29482     0.0000     0.0000     3.0339     4.1418     4.9937     0.0000     0.2369     0.1378          1 0.0000e+00
   1312.729      6.426      6.372    13.6032    13.6031   4.209987   4.210600    35.5150    35.5209     3.0345  296.22717     0.0000     0.0000     3.0338     4.1443     4.9938     0.0000     0.2384     0.1375          1 0.0000e+00
   1313.229      6.638      6.582    13.6011    13.6021   4.209787   4.210521    35.5150    35.5210     3.0348  296.38622     0.0000     0.0000     3.0341     4.1445     4.9939     0.0000     0.2364     0.1375          1 0.0000e+00
   1313.729      6.790      6.739    13.6032    13.6021   4.209994   4.210534    35.5149    35.5210     3.0339  296.39258     0.0000     0.0000     3.0333     4.1453     4.9939     0.0000     0.2342     0.1373          1 0.0000e+00
   1314.229      6.867      6.812    13.6037    13.6034   4.210059   4.210655    35.5150    35.5209     3.0333  296.26790     0.0000     0.0000     3.0327     4.1439     4.9937     0.0000     0.2343     0.1381          1 0.0000e+00
   1314.729      6.875      6.819    13.6037    13.6033   4.210050   4.210646    35.5149    35.5209     3.0335  296.21688     0.0000     0.0000     3.0329     4.1432     4.9938     0.0000     0.2343     0.1386          1 0.0000e+00
   1315.229      6.812      6.759    13.6038    13.6033   4.210049   4.210629    35.5148    35.5208     3.0345  296.43796     0.0000     0.0000     3.0338     4.1440     4.4526     0.0000     0.2306     0.1385          1 0.0000e+00
   1315.729      6.673      6.619    13.6029    13.6028   4.209967   4.210586    35.5150    35.5209     3.0359  296.89988     0.0000     0.0000     3.0352     4.1441     4.9837     0.0000     0.2359     0.1373          1 0.0000e+00
   1316.229      6.504      6.445    13.6027    13.6017   4.209912   4.210431    35.5147    35.5206     3.0360  297.03288     0.0000     0.0000     3.0353     4.1450     4.9938     0.0000     0.2362     0.1375          1 0.0000e+00
   1316.729      6.320      6.267    13.6033    13.5993   4.209956   4.210206    35.5146    35.5208     3.0362  296.98680     0.0000     0.0000     3.0355     4.1438     4.9939     0.0000     0.2386     0.1399          1 0.0000e+00
   1317.229      6.102      6.047    13.6033    13.5978   4.209935   4.210049    35.5146    35.5208     3.0361  296.79846     0.0000     0.0000     3.0354     4.1429     4.9937     0.0000     0.2384     0.1399          1 0.0000e+00
   1317.729      5.879      5.821    13.5989    13.5983   4.209479   4.210082    35.5146    35.5209     3.0350  296.51114     0.0000     0.0000     3.0343     4.1403     4.9937     0.0000     0.2360     0.1396          1 0.0000e+00
   1318.229      5.734      5.675    13.5983    13.5975   4.209436   4.209973    35.5148    35.5206     3.0343  296.27729     0.0000     0.0000     3.0336     4.1395     4.9938     0.0000     0.2359     0.1403          1 0.0000e+00
   1318.729      5.700      5.641    13.5978    13.5978   4.209396   4.209998    35.5149    35.5206     3.0323  295.85619     0.0000     0.0000     3.0316     4.1431     4.9937     0.0000     0.2289     0.1388          1 0.0000e+00
   1319.229      5.764      5.703    13.5981    13.5996   4.209427   4.210206    35.5148    35.5208     3.0317  295.65208     0.0000     0.0000     3.0310     4.1424     4.9936     0.0000     0.2272     0.1384          1 0.0000e+00
   1319.729      5.913      5.853    13.5988    13.5991   4.209492   4.210175    35.5147    35.5209     3.0326  295.92749     0.0000     0.0000     3.0319     4.1412     4.9937     0.0000     0.2323     0.1391          1 0.0000e+00
   1320.229      6.131      6.075    13.6001    13.6001   4.209640   4.210283    35.5148    35.5208     3.0339  296.46298     0.0000     0.0000     3.0333     4.1425     4.9937     0.0000     0.2342     0.1385          1 0.0000e+00
   1320.729      6.373      6.320    13.6016    13.6013   4.209808   4.210409    35.5149    35.5208     3.0336  296.69135     0.0000     0.0000     3.0330     4.1435     4.9938     0.0000     0.2351     0.1395          1 0.0000e+00
   1321.229      6.594      6.541    13.6018    13.6010   4.209824   4.210398    35.5147    35.5209     3.0340  296.67919     0.0000     0.0000     3.0334     4.1401     4.9938     0.0000     0.2359     0.1397          1 0.0000e+00
   1321.729      6.752      6.702    13.6016    13.6008   4.209814   4.210389    35.5147    35.5209     3.0345  296.64506     0.0000     0.0000     3.0338     4.1406     4.9939     0.0000     0.2339     0.1404          1 0.0000e+00
   1322.229      6.832      6.773    13.6003    13.6005   4.209691   4.210345    35.5147    35.5208     3.0341  296.57202     0.0000     0.0000     3.0335     4.1433     4.9938     0.0000     0.2310     0.1411          1 0.0000e+00
   1322.729      6.867      6.802    13.6000    13.6001   4.209659   4.210307    35.5148    35.5208     3.0349  296.65149     0.0000     0.0000     3.0342     4.1445     4.9939     0.0000     0.2324     0.1405          1 0.0000e+00
   1323.229      6.903      6.851    13.6009    13.5997   4.209759   4.210270    35.5148    35.5208     3.0359  296.83195     0.0000     0.0000     3.0352     4.1448     4.9939     0.0000     0.2345     0.1386          1 0.0000e+00
   1323.729      6.896      6.840    13.6002    13.6000   4.209680   4.210318    35.5148    35.5209     3.0361  296.96392     0.0000     0.0000     3.0354     4.1445     4.9938     0.0000     0.2350     0.1391          1 0.0000e+00
   1324.229      6.805      6.749    13.5996    13.5997   4.209620   4.210277    35.5148    35.5209     3.0363  296.99693     0.0000     0.0000     3.0356     4.1447     4.9938     0.0000     0.2370     0.1394          1 0.0000e+00
   1324.729      6.668      6.615    13.6005    13.5983   4.209689   4.210099    35.5147    35.5206     3.0370  296.98522     0.0000     0.0000     3.0363     4.1438     4.9939     0.0000     0.2372     0.1394          1 0.0000e+00
   1325.229      6.508      6.451    13.5996    13.5974   4.209592   4.210041    35.5146    35.5209     3.0366  296.87713     0.0000     0.0000     3.0359     4.1435     4.9938     0.0000     0.2394     0.1385          1 0.0000e+00
   1325.729      6.301      6.249    13.5997    13.5967   4.209593   4.209939    35.5147    35.5208     3.0365  296.79700     0.0000     0.0000     3.0358     4.1435     4.9936     0.0000     0.2394     0.1390          1 0.0000e+00
   1326.229      6.061      6.004    13.5968    13.5961   4.209264   4.209864    35.5145    35.5208     3.0362  296.67598     0.0000     0.0000     3.0355     4.1425     4.9938     0.0000     0.2371     0.1398          1 0.0000e+00
   1326.729      5.864      5.806    13.5963    13.5954   4.209228   4.209781    35.5147    35.5207     3.0362  296.63602     0.0000     0.0000     3.0355     4.1427     4.9938     0.0000     0.2371     0.1398          1 0.0000e+00
   1327.229      5.749      5.690    13.5961    13.5955   4.209219   4.209777    35.5148    35.5207     3.0359  296.61101     0.0000     0.0000     3.0352     4.1431     4.9937     0.0000     0.2347     0.1410          1 0.0000e+00
   1327.729      5.724      5.662    13.5972    13.5967   4.209316   4.209907    35.5147    35.5207     3.0349  296.40942     0.0000     0.0000     3.0342     4.1432     4.9938     0.0000     0.2342     0.1413          1 0.0000e+00
   1328.229      5.783      5.722    13.5974    13.5983   4.209334   4.210114    35.5147    35.5211     3.0348  296.34111     0.0000     0.0000     3.0341     4.1431     4.9938     0.0000     0.2341     0.1395          1 0.0000e+00
   1328.729      5.922      5.868    13.5986    13.5991   4.209475   4.210187    35.5148    35.5209     3.0349  296.38068     0.0000     0.0000     3.0342     4.1442     4.9717     0.0000     0.2343     0.1389          1 0.0000e+00
   1329.229      6.115      6.057    13.5987    13.6008   4.209485   4.210379    35.5146    35.5211     3.0356  296.62828     0.0000     0.0000     3.0349     4.1442     4.5650     0.0000     0.2320     0.1387          1 0.0000e+00
   1329.729      6.325      6.274    13.6009    13.6013   4.209749   4.210410    35.5149    35.5208     3.0356  296.73455     0.0000     0.0000     3.0349     4.1419     4.9937     0.0000     0.2358     0.1389          1 0.0000e+00
   1330.229      6.515      6.460    13.6031    13.6024   4.209954   4.210538    35.5147    35.5208     3.0359  296.78641     0.0000     0.0000     3.0352     4.1424     4.9938     0.0000     0.2343     0.1382          1 0.0000e+00
   1330.729      6.667      6.612    13.6026    13.6039   4.209935   4.210667    35.5149    35.5205     3.0360  296.79273     0.0000     0.0000     3.0353     4.1424     4.9935     0.0000     0.2324     0.1372          1 0.0000e+00
   1331.229      6.764      6.711    13.6012    13.6036   4.209759   4.210638    35.5146    35.5205     3.0350  296.58132     0.0000     0.0000     3.0343     4.1422     4.9939     0.0000     0.2328     0.1384          1 0.0000e+00
   1331.729      6.809      6.751    13.5999    13.6019   4.209651   4.210513    35.5148    35.5210     3.0336  296.25612     0.0000     0.0000     3.0330     4.1427     4.9938     0.0000     0.2342     0.1398          1 0.0000e+00
   1332.229      6.833      6.775    13.5994    13.6019   4.209589   4.210509    35.5147    35.5209     3.0323  295.84628     0.0000     0.0000     3.0316     4.1434     4.9938     0.0000     0.2339     0.1395          1 0.0000e+00
   1332.729      6.822      6.762    13.5996    13.5994   4.209624   4.210241    35.5148    35.5208     3.0323  295.81714     0.0000     0.0000     3.0316     4.1430     4.9938     0.0000     0.2344     0.1399          1 0.0000e+00
   1333.229      6.756      6.701    13.5995    13.5989   4.209634   4.210201    35.5150    35.5209     3.0331  296.14655     0.0000     0.0000     3.0325     4.1434     4.9938     0.0000     0.2347     0.1398          1 0.0000e+00
   1333.729      6.652      6.598    13.5991    13.5981   4.209589   4.210109    35.5150    35.5209     3.0328  296.35150     0.0000     0.0000     3.0321     4.1428     4.9939     0.0000     0.2371     0.1384          1 0.0000e+00
   1334.229      6.517      6.461    13.5989    13.5997   4.209548   4.210248    35.5149    35.5207     3.0335  296.53591     0.0000     0.0000     3.0329     4.1427     4.9938     0.0000     0.2371     0.1387          1 0.0000e+00
   1334.729      6.336      6.283    13.5988    13.5981   4.209498   4.210093    35.5146    35.5209     3.0341  296.61765     0.0000     0.0000     3.0335     4.1433     4.9938     0.0000     0.2393     0.1382          1 0.0000e+00
   1335.229      6.143      6.087    13.5999    13.5981   4.209603   4.210081    35.5146    35.5208     3.0349  296.78860     0.0000     0.0000     3.0342     4.1437     4.9936     0.0000     0.2395     0.1383          1 0.0000e+00
   1335.729      5.973      5.914    13.5998    13.5983   4.209589   4.210086    35.5146    35.5207     3.0349  296.78232     0.0000     0.0000     3.0342     4.1445     4.9936     0.0000     0.2387     0.1394          1 0.0000e+00
   1336.229      5.859      5.801    13.6002    13.5994   4.209631   4.210187    35.5147    35.5207     3.0353  296.74732     0.0000     0.0000     3.0346     4.1440     4.9938     0.0000     0.2382     0.1397          1 0.0000e+00
   1336.729      5.806      5.750    13.5991    13.5994   4.209512   4.210191    35.5147    35.5208     3.0351  296.64774     0.0000     0.0000     3.0344     4.1436     4.9934     0.0000     0.2336     0.1392          1 0.0000e+00
   1337.229      5.811      5.753    13.6003    13.5988   4.209642   4.210132    35.5148    35.5208     3.0352  296.61564     0.0000     0.0000     3.0345     4.1425     4.9937     0.0000     0.2313     0.1387          1 0.0000e+00
   1337.729      5.891      5.836    13.6007    13.5982   4.209688   4.210082    35.5148    35.5209     3.0348  296.52852     0.0000     0.0000     3.0341     4.1426     4.9937     0.0000     0.2313     0.1406          1 0.0000e+00
   1338.229      6.038      5.978    13.6004    13.5986   4.209666   4.210143    35.5148    35.5209     3.0328  296.11275     0.0000     0.0000     3.0321     4.1440     4.9938     0.0000     0.2312     0.1420          1 0.0000e+00
   1338.729      6.205      6.150    13.6006    13.5993   4.209684   4.210201    35.5147    35.5208     3.0321  295.83447     0.0000     0.0000     3.0314     4.1434     4.9937     0.0000     0.2336     0.1402          1 0.0000e+00
   1339.229      6.392      6.331    13.5999    13.5989   4.209613   4.210181    35.5146    35.5208     3.0332  296.02020     0.0000     0.0000     3.0326     4.1434     4.9939     0.0000     0.2371     0.1373          1 0.0000e+00
   1339.729      6.593      6.538    13.6006    13.6025   4.209739   4.210553    35.5150    35.5208     3.0336  296.38457     0.0000     0.0000     3.0330     4.1429     4.9939     0.0000     0.2369     0.1380          1 0.0000e+00
   1340.229      6.783      6.728    13.6007    13.6007   4.209730   4.210378    35.5148    35.5208     3.0344  296.75163     0.0000     0.0000     3.0337     4.1425     4.9939     0.0000     0.2360     0.1397          1 0.0000e+00
   1340.729      6.948      6.891    13.6029    13.6012   4.209987   4.210455    35.5150    35.5210     3.0343  296.73210     0.0000     0.0000     3.0336     4.1420     4.9937     0.0000     0.2356     0.1395          1 0.0000e+00
   1341.229      7.062      7.002    13.6050    13.6026   4.210181   4.210573    35.5148    35.5208     3.0336  296.45953     0.0000     0.0000     3.0330     4.1428     4.9937     0.0000     0.2341     0.1373          1 0.0000e+00
   1341.729      7.107      7.053    13.6035    13.6028   4.210025   4.210595    35.5148    35.5208     3.0334  296.32292     0.0000     0.0000     3.0328     4.1432     4.9938     0.0000     0.2344     0.1373          1 0.0000e+00
   1342.229      7.075      7.020    13.6032    13.6000   4.210013   4.210318    35.5149    35.5208     3.0334  296.26964     0.0000     0.0000     3.0328     4.1439     4.9936     0.0000     0.2384     0.1368          1 0.0000e+00
   1342.729      6.964      6.905    13.6025    13.5995   4.209936   4.210262    35.5150    35.5209     3.0338  296.40835     0.0000     0.0000     3.0332     4.1436     4.3662     0.0000     0.2338     0.1368          1 0.0000e+00
   1343.229      6.787      6.728    13.6004    13.5988   4.209697   4.210183    35.5148    35.5209     3.0349  296.67690     0.0000     0.0000     3.0342     4.1424     4.9808     0.0000     0.2429     0.1395          1 0.0000e+00
   1343.729      6.595      6.538    13.5999    13.5985   4.209630   4.210139    35.5147    35.5208     3.0360  296.98316     0.0000     0.0000     3.0353     4.1434     4.9938     0.0000     0.2433     0.1400          1 0.0000e+00
   1344.229      6.400      6.343    13.6025    13.6005   4.209898   4.210358    35.5148    35.5210     3.0368  297.14613     0.0000     0.0000     3.0361     4.1443     4.9933     0.0000     0.2403     0.1396          1 0.0000e+00
