odissea/cruise_data/ce25007/data/ctd/ce25007_015.cnv
* Sea-Bird SBE 9 Data File:
* FileName = C:\CE_CTD_Data\2025_CTD_Data\CE25007\CE25007_015.hdr
* Software Version Seasave V 7.26.7.121
* Temperature SN = 4382
* Conductivity SN = 2796
* Number of Bytes Per Scan = 40
* Number of Voltage Words = 5
* Number of Scans Averaged by the Deck Unit = 1
* NMEA Latitude = 54 22.74 N
* NMEA Longitude = 017 34.74 W
* NMEA UTC (Time) = May 14 2025 16:16:26
* NMEA baud rate = 4800
** Cruise: CE18001
** PSO: Caroline Cusack
** CTD operator:
** Technician:
** Cast No:
** Station:
** Event No:
** Sea state:
** Wind speed:
** Sounding depth
# nquan = 21
# nvalues = 12860                       
# units = specified
# name 0 = timeS: Time, Elapsed [seconds]
# name 1 = prDM: Pressure, Digiquartz [db]
# name 2 = depSM: Depth [salt water, m]
# name 3 = t090C: Temperature [ITS-90, deg C]
# name 4 = t190C: Temperature, 2 [ITS-90, deg C]
# name 5 = c0S/m: Conductivity [S/m]
# name 6 = c1S/m: Conductivity, 2 [S/m]
# name 7 = sal00: Salinity, Practical [PSU]
# name 8 = sal11: Salinity, Practical, 2 [PSU]
# name 9 = sbeox0V: Oxygen raw, SBE 43 [V]
# name 10 = sbeox0Mm/L: Oxygen, SBE 43 [umol/l]
# name 11 = v0: Voltage 0
# name 12 = v1: Voltage 1
# name 13 = v2: Voltage 2
# name 14 = v3: Voltage 3
# name 15 = v4: Voltage 4
# name 16 = v5: Voltage 5
# name 17 = v6: Voltage 6
# name 18 = v7: Voltage 7
# name 19 = pumps: Pump Status
# name 20 = flag: flag
# span 0 =      0.229,   6429.563       
# span 1 =     -0.241,   1840.932       
# span 2 =     -0.242,   1816.443       
# span 3 =     3.2511,    20.6193       
# span 4 =     3.2556,    18.3500       
# span 5 =  -0.006038,   4.220911       
# span 6 =  -0.004634,   4.146299       
# span 7 =     0.0196,    36.5851       
# span 8 =     0.0232,    35.9224       
# span 9 =     1.8756,     2.8073       
# span 10 =  178.07000,  333.18493      
# span 11 =     0.0000,     0.0000      
# span 12 =     0.0000,     0.0000      
# span 13 =     1.8670,     2.8012      
# span 14 =     0.0037,     4.8482      
# span 15 =     0.4637,     4.9991      
# span 16 =     0.0000,     0.0000      
# span 17 =     0.0085,     4.9403      
# span 18 =     0.0379,     0.5226      
# span 19 =          0,          1      
# span 20 = 0.0000e+00, 0.0000e+00      
# interval = seconds: 0.5               
# start_time = May 14 2025 16:16:26 [NMEA time, header]
# bad_flag = -9.990e-29
*END*
[from data line 5173]
   2586.729   1666.544   1645.048     3.7693     3.7663   3.302850   3.303112    34.9430    34.9493     1.9615  266.10290     0.0000     0.0000     1.9500     4.6528     4.9971     0.0000     0.0293     0.1123          1 0.0000e+00
   2587.229   1666.132   1644.638     3.7678     3.7659   3.302681   3.303056    34.9429    34.9493     1.9618  266.25928     0.0000     0.0000     1.9503     4.6531     4.9971     0.0000     0.0292     0.1135          1 0.0000e+00
   2587.729   1665.682   1644.191     3.7683     3.7672   3.302715   3.303181    34.9430    34.9496     1.9620  266.41764     0.0000     0.0000     1.9505     4.6529     4.9973     0.0000     0.0293     0.1151          1 0.0000e+00
   2588.229   1665.223   1643.745     3.7705     3.7694   3.302888   3.303345    34.9428    34.9493     1.9621  266.40670     0.0000     0.0000     1.9507     4.6529     4.9972     0.0000     0.0304     0.1132          1 0.0000e+00
   2588.729   1664.766   1643.293     3.7729     3.7729   3.303063   3.303622    34.9426    34.9491     1.9624  266.27339     0.0000     0.0000     1.9509     4.6530     4.9973     0.0000     0.0322     0.1103          1 0.0000e+00
   2589.229   1664.332   1642.863     3.7745     3.7740   3.303177   3.303675    34.9423    34.9487     1.9623  266.12674     0.0000     0.0000     1.9508     4.6530     4.9969     0.0000     0.0318     0.1100          1 0.0000e+00
   2589.729   1663.918   1642.459     3.7742     3.7743   3.303135   3.303687    34.9425    34.9488     1.9627  266.23068     0.0000     0.0000     1.9512     4.6530     4.9969     0.0000     0.0293     0.1101          1 0.0000e+00
   2590.229   1663.513   1642.064     3.7748     3.7749   3.303173   3.303719    34.9425    34.9488     1.9627  266.29424     0.0000     0.0000     1.9512     4.6525     4.9971     0.0000     0.0290     0.1107          1 0.0000e+00
   2590.729   1663.100   1641.657     3.7752     3.7751   3.303204   3.303731    34.9426    34.9489     1.9626  266.19183     0.0000     0.0000     1.9511     4.6528     4.9971     0.0000     0.0269     0.1139          1 0.0000e+00
   2591.229   1662.669   1641.231     3.7770     3.7758   3.303351   3.303784    34.9427    34.9490     1.9633  266.30387     0.0000     0.0000     1.9518     4.6529     4.9972     0.0000     0.0269     0.1138          1 0.0000e+00
   2591.729   1662.220   1640.789     3.7778     3.7773   3.303415   3.303907    34.9428    34.9490     1.9638  266.61893     0.0000     0.0000     1.9523     4.6528     4.9971     0.0000     0.0321     0.1104          1 0.0000e+00
   2592.229   1661.763   1640.339     3.7791     3.7778   3.303517   3.303938    34.9428    34.9491     1.9639  266.81167     0.0000     0.0000     1.9524     4.6527     4.9968     0.0000     0.0319     0.1100          1 0.0000e+00
   2592.729   1661.305   1639.891     3.7783     3.7789   3.303440   3.304020    34.9430    34.9492     1.9639  266.64183     0.0000     0.0000     1.9524     4.6527     4.9973     0.0000     0.0296     0.1120          1 0.0000e+00
   2593.229   1660.857   1639.446     3.7800     3.7796   3.303576   3.304064    34.9430    34.9492     1.9645  266.52287     0.0000     0.0000     1.9530     4.6532     4.9969     0.0000     0.0293     0.1125          1 0.0000e+00
   2593.729   1660.442   1639.044     3.7806     3.7796   3.303613   3.304039    34.9430    34.9491     1.9652  266.83521     0.0000     0.0000     1.9536     4.6527     4.9971     0.0000     0.0292     0.1124          1 0.0000e+00
   2594.229   1660.049   1638.654     3.7804     3.7799   3.303577   3.304052    34.9430    34.9491     1.9652  266.96777     0.0000     0.0000     1.9536     4.6528     4.9972     0.0000     0.0293     0.1123          1 0.0000e+00
   2594.729   1659.675   1638.284     3.7809     3.7804   3.303607   3.304090    34.9430    34.9493     1.9652  266.79892     0.0000     0.0000     1.9536     4.6525     4.9972     0.0000     0.0300     0.1110          1 0.0000e+00
   2595.229   1659.332   1637.946     3.7808     3.7808   3.303577   3.304108    34.9429    34.9492     1.9652  266.42074     0.0000     0.0000     1.9536     4.6528     4.9972     0.0000     0.0305     0.1099          1 0.0000e+00
   2595.729   1659.014   1637.632     3.7808     3.7812   3.303569   3.304128    34.9430    34.9492     1.9652  266.31564     0.0000     0.0000     1.9536     4.6528     4.9973     0.0000     0.0298     0.1111          1 0.0000e+00
   2596.229   1658.723   1637.353     3.7812     3.7813   3.303599   3.304138    34.9431    34.9494     1.9652  266.30352     0.0000     0.0000     1.9536     4.6527     4.9974     0.0000     0.0292     0.1125          1 0.0000e+00
   2596.729   1658.442   1637.075     3.7811     3.7804   3.303591   3.304030    34.9433    34.9492     1.9652  266.29457     0.0000     0.0000     1.9536     4.6530     4.9974     0.0000     0.0284     0.1125          1 0.0000e+00
   2597.229   1658.159   1636.801     3.7813     3.7794   3.303572   3.303927    34.9430    34.9492     1.9652  266.28463     0.0000     0.0000     1.9536     4.6528     4.9973     0.0000     0.0269     0.1125          1 0.0000e+00
   2597.729   1657.855   1636.500     3.7807     3.7780   3.303516   3.303801    34.9432    34.9494     1.9654  266.36489     0.0000     0.0000     1.9538     4.6530     4.9969     0.0000     0.0280     0.1113          1 0.0000e+00
   2598.229   1657.514   1636.167     3.7797     3.7790   3.303404   3.303870    34.9431    34.9494     1.9656  266.45599     0.0000     0.0000     1.9540     4.6529     4.9972     0.0000     0.0319     0.1076          1 0.0000e+00
   2598.729   1657.136   1635.792     3.7792     3.7809   3.303351   3.304051    34.9431    34.9496     1.9654  266.48062     0.0000     0.0000     1.9538     4.6529     4.9972     0.0000     0.0319     0.1077          1 0.0000e+00
   2599.229   1656.722   1635.389     3.7801     3.7817   3.303420   3.304095    34.9432    34.9494     1.9654  266.33856     0.0000     0.0000     1.9538     4.6524     4.9972     0.0000     0.0292     0.1101          1 0.0000e+00
   2599.729   1656.270   1634.941     3.7824     3.7843   3.303619   3.304334    34.9433    34.9497     1.9655  266.28348     0.0000     0.0000     1.9539     4.6526     4.9972     0.0000     0.0293     0.1099          1 0.0000e+00
   2600.229   1655.795   1634.472     3.7843     3.7854   3.303766   3.304403    34.9432    34.9496     1.9653  266.11647     0.0000     0.0000     1.9537     4.6527     4.9972     0.0000     0.0304     0.1102          1 0.0000e+00
   2600.729   1655.313   1633.998     3.7854     3.7856   3.303828   3.304407    34.9430    34.9496     1.9653  266.14431     0.0000     0.0000     1.9537     4.6529     4.9971     0.0000     0.0305     0.1100          1 0.0000e+00
   2601.229   1654.831   1633.524     3.7861     3.7858   3.303878   3.304402    34.9431    34.9497     1.9657  266.25759     0.0000     0.0000     1.9541     4.6531     4.9973     0.0000     0.0318     0.1079          1 0.0000e+00
   2601.729   1654.367   1633.066     3.7865     3.7860   3.303901   3.304399    34.9432    34.9496     1.9659  266.37538     0.0000     0.0000     1.9543     4.6527     4.9971     0.0000     0.0320     0.1077          1 0.0000e+00
   2602.229   1653.940   1632.642     3.7866     3.7865   3.303887   3.304423    34.9432    34.9496     1.9657  266.42758     0.0000     0.0000     1.9541     4.6529     4.9971     0.0000     0.0283     0.1121          1 0.0000e+00
   2602.729   1653.546   1632.264     3.7869     3.7868   3.303914   3.304433    34.9433    34.9495     1.9662  266.49981     0.0000     0.0000     1.9546     4.6528     4.9972     0.0000     0.0269     0.1136          1 0.0000e+00
   2603.229   1653.172   1631.891     3.7874     3.7870   3.303942   3.304435    34.9434    34.9496     1.9664  266.64610     0.0000     0.0000     1.9548     4.6527     4.9974     0.0000     0.0291     0.1093          1 0.0000e+00
   2603.729   1652.812   1631.535     3.7882     3.7879   3.304012   3.304495    34.9435    34.9495     1.9665  266.59120     0.0000     0.0000     1.9549     4.6530     4.9968     0.0000     0.0305     0.1063          1 0.0000e+00
   2604.229   1652.464   1631.196     3.7879     3.7875   3.303952   3.304443    34.9433    34.9495     1.9665  266.55636     0.0000     0.0000     1.9549     4.6526     4.9971     0.0000     0.0298     0.1084          1 0.0000e+00
   2604.729   1652.101   1630.842     3.7879     3.7875   3.303969   3.304438    34.9436    34.9496     1.9668  266.45985     0.0000     0.0000     1.9552     4.6531     4.9971     0.0000     0.0290     0.1099          1 0.0000e+00
   2605.229   1651.716   1630.467     3.7887     3.7883   3.304003   3.304491    34.9434    34.9496     1.9667  266.41075     0.0000     0.0000     1.9551     4.6528     4.9973     0.0000     0.0282     0.1112          1 0.0000e+00
   2605.729   1651.306   1630.060     3.7892     3.7883   3.304019   3.304467    34.9433    34.9495     1.9671  266.55478     0.0000     0.0000     1.9554     4.6526     4.9972     0.0000     0.0269     0.1136          1 0.0000e+00
   2606.229   1650.881   1629.642     3.7895     3.7897   3.304043   3.304578    34.9434    34.9496     1.9674  266.61177     0.0000     0.0000     1.9557     4.6529     4.9968     0.0000     0.0274     0.1128          1 0.0000e+00
   2606.729   1650.451   1629.217     3.7902     3.7897   3.304080   3.304556    34.9434    34.9495     1.9677  266.73530     0.0000     0.0000     1.9560     4.6529     4.9969     0.0000     0.0293     0.1101          1 0.0000e+00
   2607.229   1650.034   1628.804     3.7904     3.7907   3.304064   3.304654    34.9432    34.9497     1.9677  266.70787     0.0000     0.0000     1.9560     4.6529     4.9971     0.0000     0.0293     0.1099          1 0.0000e+00
   2607.729   1649.635   1628.414     3.7908     3.7917   3.304109   3.304717    34.9435    34.9496     1.9677  266.64244     0.0000     0.0000     1.9560     4.6526     4.9971     0.0000     0.0293     0.1099          1 0.0000e+00
   2608.229   1649.251   1628.036     3.7918     3.7921   3.304167   3.304724    34.9433    34.9495     1.9683  266.66308     0.0000     0.0000     1.9566     4.6528     4.9971     0.0000     0.0293     0.1099          1 0.0000e+00
   2608.729   1648.886   1627.677     3.7924     3.7924   3.304215   3.304740    34.9434    34.9496     1.9682  266.68114     0.0000     0.0000     1.9565     4.6530     4.9973     0.0000     0.0321     0.1123          1 0.0000e+00
   2609.229   1648.529   1627.328     3.7927     3.7928   3.304235   3.304760    34.9435    34.9495     1.9689  266.99295     0.0000     0.0000     1.9573     4.6524     4.9973     0.0000     0.0320     0.1125          1 0.0000e+00
   2609.729   1648.170   1626.979     3.7936     3.7933   3.304293   3.304779    34.9433    34.9495     1.9687  266.92766     0.0000     0.0000     1.9571     4.6531     4.9969     0.0000     0.0278     0.1136          1 0.0000e+00
   2610.229   1647.800   1626.609     3.7938     3.7930   3.304298   3.304751    34.9434    34.9497     1.9689  266.78868     0.0000     0.0000     1.9573     4.6528     4.9971     0.0000     0.0269     0.1136          1 0.0000e+00
   2610.729   1647.419   1626.240     3.7950     3.7935   3.304406   3.304779    34.9436    34.9496     1.9690  266.68040     0.0000     0.0000     1.9574     4.6527     4.9969     0.0000     0.0286     0.1137          1 0.0000e+00
   2611.229   1647.019   1625.846     3.7957     3.7955   3.304453   3.304947    34.9436    34.9496     1.9690  266.54129     0.0000     0.0000     1.9573     4.6529     4.9972     0.0000     0.0291     0.1138          1 0.0000e+00
   2611.729   1646.606   1625.433     3.7972     3.7962   3.304577   3.305023    34.9437    34.9500     1.9691  266.54709     0.0000     0.0000     1.9574     4.6529     4.9971     0.0000     0.0292     0.1116          1 0.0000e+00
   2612.229   1646.183   1625.024     3.7985     3.7969   3.304676   3.305042    34.9437    34.9497     1.9690  266.42899     0.0000     0.0000     1.9573     4.6526     4.9973     0.0000     0.0292     0.1099          1 0.0000e+00
   2612.729   1645.761   1624.604     3.7975     3.7975   3.304557   3.305094    34.9435    34.9499     1.9696  266.66978     0.0000     0.0000     1.9579     4.6526     4.9975     0.0000     0.0290     0.1107          1 0.0000e+00
   2613.229   1645.347   1624.196     3.7994     3.7991   3.304738   3.305226    34.9439    34.9499     1.9696  266.72453     0.0000     0.0000     1.9579     4.6524     4.9972     0.0000     0.0292     0.1111          1 0.0000e+00
   2613.729   1644.956   1623.812     3.8001     3.8005   3.304766   3.305341    34.9436    34.9499     1.9700  266.95407     0.0000     0.0000     1.9583     4.6530     4.9972     0.0000     0.0297     0.1104          1 0.0000e+00
   2614.229   1644.592   1623.456     3.8002     3.8003   3.304765   3.305282    34.9437    34.9497     1.9700  266.92971     0.0000     0.0000     1.9583     4.6529     4.9973     0.0000     0.0305     0.1090          1 0.0000e+00
   2614.729   1644.262   1623.128     3.8003     3.8005   3.304770   3.305305    34.9438    34.9499     1.9702  266.86912     0.0000     0.0000     1.9585     4.6529     4.9967     0.0000     0.0305     0.1089          1 0.0000e+00
   2615.229   1643.952   1622.824     3.8005     3.8005   3.304773   3.305288    34.9438    34.9499     1.9702  266.70744     0.0000     0.0000     1.9585     4.6528     4.9972     0.0000     0.0305     0.1089          1 0.0000e+00
   2615.729   1643.654   1622.535     3.8005     3.8001   3.304749   3.305242    34.9437    34.9500     1.9702  266.65378     0.0000     0.0000     1.9585     4.6525     4.9975     0.0000     0.0303     0.1092          1 0.0000e+00
   2616.229   1643.367   1622.251     3.8001     3.7993   3.304706   3.305140    34.9438    34.9498     1.9701  266.57582     0.0000     0.0000     1.9584     4.6534     4.9971     0.0000     0.0291     0.1100          1 0.0000e+00
   2616.729   1643.062   1621.957     3.7999     3.7997   3.304677   3.305168    34.9438    34.9498     1.9702  266.51116     0.0000     0.0000     1.9585     4.6527     4.9969     0.0000     0.0293     0.1099          1 0.0000e+00
   2617.229   1642.718   1621.618     3.8002     3.7986   3.304695   3.305063    34.9439    34.9500     1.9702  266.52276     0.0000     0.0000     1.9585     4.6527     4.9975     0.0000     0.0305     0.1113          1 0.0000e+00
   2617.729   1642.327   1621.233     3.8011     3.7998   3.304751   3.305139    34.9438    34.9498     1.9703  266.55946     0.0000     0.0000     1.9586     4.6526     4.9972     0.0000     0.0305     0.1115          1 0.0000e+00
   2618.229   1641.893   1620.810     3.8003     3.8004   3.304652   3.305181    34.9437    34.9498     1.9703  266.59616     0.0000     0.0000     1.9586     4.6525     4.9975     0.0000     0.0305     0.1101          1 0.0000e+00
   2618.729   1641.415   1620.326     3.8025     3.8011   3.304840   3.305228    34.9438    34.9499     1.9705  266.64940     0.0000     0.0000     1.9588     4.6529     4.9974     0.0000     0.0305     0.1099          1 0.0000e+00
   2619.229   1640.911   1619.842     3.8049     3.8030   3.304999   3.305383    34.9433    34.9499     1.9707  266.73823     0.0000     0.0000     1.9590     4.6529     4.9971     0.0000     0.0296     0.1111          1 0.0000e+00
   2619.729   1640.378   1619.314     3.8056     3.8057   3.305023   3.305575    34.9431    34.9496     1.9713  266.85844     0.0000     0.0000     1.9595     4.6531     4.9973     0.0000     0.0291     0.1114          1 0.0000e+00
   2620.229   1639.844   1618.784     3.8063     3.8060   3.305087   3.305600    34.9434    34.9497     1.9712  266.87740     0.0000     0.0000     1.9594     4.6526     4.9971     0.0000     0.0292     0.1105          1 0.0000e+00
