odissea/cruise_data/ce25007/data/ctd/ce25007_027.cnv
* Sea-Bird SBE 9 Data File:
* FileName = C:\CE_CTD_Data\2025_CTD_Data\CE25007\CE25007_027.hdr
* Software Version Seasave V 7.26.7.121
* Temperature SN = 4382
* Conductivity SN = 2796
* Number of Bytes Per Scan = 40
* Number of Voltage Words = 5
* Number of Scans Averaged by the Deck Unit = 1
* NMEA Latitude = 54 30.09 N
* NMEA Longitude = 022 29.13 W
* NMEA UTC (Time) = May 16 2025 17:47:50
* NMEA baud rate = 4800
** Cruise: CE18001
** PSO: Caroline Cusack
** CTD operator:
** Technician:
** Cast No:
** Station:
** Event No:
** Sea state:
** Wind speed:
** Sounding depth
# nquan = 21
# nvalues = 1090                        
# units = specified
# name 0 = timeS: Time, Elapsed [seconds]
# name 1 = prDM: Pressure, Digiquartz [db]
# name 2 = depSM: Depth [salt water, m]
# name 3 = t090C: Temperature [ITS-90, deg C]
# name 4 = t190C: Temperature, 2 [ITS-90, deg C]
# name 5 = c0S/m: Conductivity [S/m]
# name 6 = c1S/m: Conductivity, 2 [S/m]
# name 7 = sal00: Salinity, Practical [PSU]
# name 8 = sal11: Salinity, Practical, 2 [PSU]
# name 9 = sbeox0V: Oxygen raw, SBE 43 [V]
# name 10 = sbeox0Mm/L: Oxygen, SBE 43 [umol/l]
# name 11 = v0: Voltage 0
# name 12 = v1: Voltage 1
# name 13 = v2: Voltage 2
# name 14 = v3: Voltage 3
# name 15 = v4: Voltage 4
# name 16 = v5: Voltage 5
# name 17 = v6: Voltage 6
# name 18 = v7: Voltage 7
# name 19 = pumps: Pump Status
# name 20 = flag: flag
# span 0 =      0.229,    544.667       
# span 1 =     -0.338,     13.410       
# span 2 =     -0.368,     13.313       
# span 3 =    11.6071,    14.5641       
# span 4 =    11.6035,    14.7122       
# span 5 =   0.054054,   4.267547       
# span 6 =   0.063836,   4.155831       
# span 7 =     0.3431,    35.9690       
# span 8 =     0.3918,    36.4709       
# span 9 =     2.1621,     2.9345       
# span 10 =  195.16519,  341.22023      
# span 11 =     0.0000,     0.0000      
# span 12 =     0.0000,     0.0000      
# span 13 =     2.1621,     2.9345      
# span 14 =     0.0036,     4.8495      
# span 15 =     0.0127,     4.9984      
# span 16 =     0.0000,     0.0000      
# span 17 =     0.0122,     0.3590      
# span 18 =     0.0586,     2.8239      
# span 19 =          0,          1      
# span 20 = 0.0000e+00, 0.0000e+00      
# interval = seconds: 0.5               
# start_time = May 16 2025 17:47:50 [NMEA time, header]
# bad_flag = -9.990e-29
*END*
[from data line 828]
    414.229     11.228     11.123    11.6192    11.6193   3.982642   3.983251    35.1857    35.1917     2.8049  281.48388     0.0000     0.0000     2.8048     4.3351     4.9974     0.0000     0.3346     0.1365          1 0.0000e+00
    414.729     11.170     11.069    11.6191    11.6196   3.982646   3.983287    35.1859    35.1917     2.8061  281.94181     0.0000     0.0000     2.8061     4.3328     4.9975     0.0000     0.3424     0.1331          1 0.0000e+00
    415.229     11.132     11.032    11.6188    11.6221   3.982632   3.983529    35.1860    35.1916     2.8070  282.26887     0.0000     0.0000     2.8070     4.3316     4.9971     0.0000     0.3443     0.1323          1 0.0000e+00
    415.729     11.124     11.017    11.6174    11.6222   3.982495   3.983525    35.1860    35.1916     2.8075  282.35882     0.0000     0.0000     2.8075     4.3336     4.9974     0.0000     0.3418     0.1322          1 0.0000e+00
    416.229     11.161     11.059    11.6199    11.6234   3.982764   3.983660    35.1863    35.1917     2.8076  282.20931     0.0000     0.0000     2.8076     4.3336     4.9976     0.0000     0.3407     0.1323          1 0.0000e+00
    416.729     11.243     11.135    11.6229    11.6229   3.983053   3.983633    35.1861    35.1919     2.8082  282.11722     0.0000     0.0000     2.8081     4.3330     4.9976     0.0000     0.3393     0.1339          1 0.0000e+00
    417.229     11.374     11.269    11.6226    11.6227   3.983013   3.983616    35.1860    35.1919     2.8080  282.01315     0.0000     0.0000     2.8079     4.3321     4.9974     0.0000     0.3382     0.1350          1 0.0000e+00
    417.729     11.541     11.439    11.6219    11.6221   3.982979   3.983578    35.1862    35.1920     2.8076  281.89134     0.0000     0.0000     2.8076     4.3323     4.9974     0.0000     0.3377     0.1347          1 0.0000e+00
    418.229     11.716     11.609    11.6221    11.6225   3.982984   3.983628    35.1860    35.1920     2.8077  281.86717     0.0000     0.0000     2.8077     4.3323     4.9975     0.0000     0.3370     0.1346          1 0.0000e+00
    418.729     11.888     11.782    11.6251    11.6240   3.983279   3.983769    35.1860    35.1919     2.8073  281.75687     0.0000     0.0000     2.8073     4.3314     4.9974     0.0000     0.3366     0.1353          1 0.0000e+00
    419.229     12.045     11.936    11.6231    11.6233   3.983124   3.983707    35.1863    35.1919     2.8066  281.63850     0.0000     0.0000     2.8066     4.3291     4.9974     0.0000     0.3358     0.1372          1 0.0000e+00
    419.729     12.201     12.093    11.6235    11.6236   3.983146   3.983760    35.1861    35.1921     2.8060  281.44786     0.0000     0.0000     2.8060     4.3292     4.9975     0.0000     0.3361     0.1367          1 0.0000e+00
    420.229     12.346     12.235    11.6244    11.6254   3.983222   3.983941    35.1859    35.1920     2.8061  281.46207     0.0000     0.0000     2.8061     4.3298     3.7810     0.0000     0.3335     0.1347          1 0.0000e+00
    420.729     12.460     12.353    11.6252    11.6254   3.983314   3.983944    35.1860    35.1920     2.8058  281.49588     0.0000     0.0000     2.8058     4.3312     4.8378     0.0000     0.3372     0.1349          1 0.0000e+00
    421.229     12.514     12.410    11.6247    11.6254   3.983274   3.983936    35.1860    35.1920     2.8058  281.59163     0.0000     0.0000     2.8058     4.3307     4.9974     0.0000     0.3358     0.1346          1 0.0000e+00
    421.729     12.496     12.391    11.6245    11.6255   3.983275   3.983947    35.1863    35.1920     2.8058  281.61748     0.0000     0.0000     2.8058     4.3288     4.9974     0.0000     0.3358     0.1348          1 0.0000e+00
    422.229     12.399     12.295    11.6249    11.6257   3.983311   3.983963    35.1863    35.1920     2.8063  281.73008     0.0000     0.0000     2.8063     4.3286     4.9973     0.0000     0.3347     0.1391          1 0.0000e+00
    422.729     12.223     12.118    11.6247    11.6248   3.983277   3.983841    35.1863    35.1917     2.8069  281.92933     0.0000     0.0000     2.8069     4.3278     4.9976     0.0000     0.3346     0.1394          1 0.0000e+00
    423.229     11.985     11.882    11.6235    11.6243   3.983152   3.983803    35.1863    35.1920     2.8070  282.00417     0.0000     0.0000     2.8070     4.3305     4.9974     0.0000     0.3413     0.1354          1 0.0000e+00
    423.729     11.692     11.590    11.6243    11.6245   3.983180   3.983807    35.1859    35.1919     2.8071  281.97437     0.0000     0.0000     2.8071     4.3309     4.9974     0.0000     0.3431     0.1347          1 0.0000e+00
    424.229     11.376     11.270    11.6223    11.6219   3.982972   3.983527    35.1859    35.1919     2.8069  281.81845     0.0000     0.0000     2.8069     4.3307     4.9974     0.0000     0.3446     0.1329          1 0.0000e+00
    424.729     11.067     10.967    11.6207    11.6207   3.982819   3.983402    35.1862    35.1920     2.8069  281.76405     0.0000     0.0000     2.8069     4.3312     4.9975     0.0000     0.3455     0.1325          1 0.0000e+00
    425.229     10.771     10.670    11.6205    11.6206   3.982790   3.983386    35.1862    35.1919     2.8067  281.70626     0.0000     0.0000     2.8067     4.3321     4.2532     0.0000     0.3379     0.1343          1 0.0000e+00
    425.729     10.520     10.421    11.6204    11.6212   3.982763   3.983430    35.1861    35.1919     2.8064  281.64066     0.0000     0.0000     2.8064     4.3303     4.8994     0.0000     0.3401     0.1364          1 0.0000e+00
    426.229     10.320     10.215    11.6204    11.6218   3.982765   3.983473    35.1862    35.1919     2.8063  281.57783     0.0000     0.0000     2.8063     4.3306     4.9974     0.0000     0.3407     0.1350          1 0.0000e+00
    426.729     10.209     10.114    11.6210    11.6220   3.982831   3.983491    35.1863    35.1919     2.8071  281.73529     0.0000     0.0000     2.8071     4.3320     4.3785     0.0000     0.3363     0.1336          1 0.0000e+00
    427.229     10.221     10.119    11.6214    11.6217   3.982870   3.983445    35.1864    35.1918     2.8074  281.92506     0.0000     0.0000     2.8074     4.3305     4.9100     0.0000     0.3409     0.1340          1 0.0000e+00
    427.729     10.352     10.249    11.6211    11.6207   3.982830   3.983366    35.1862    35.1919     2.8073  281.97461     0.0000     0.0000     2.8073     4.3297     4.9974     0.0000     0.3431     0.1347          1 0.0000e+00
    428.229     10.579     10.472    11.6209    11.6212   3.982837   3.983446    35.1863    35.1920     2.8057  281.57551     0.0000     0.0000     2.8057     4.3328     4.9975     0.0000     0.3441     0.1346          1 0.0000e+00
    428.729     10.915     10.809    11.6211    11.6215   3.982868   3.983481    35.1863    35.1920     2.8049  281.18317     0.0000     0.0000     2.8048     4.3336     4.9974     0.0000     0.3507     0.1339          1 0.0000e+00
    429.229     11.352     11.245    11.6211    11.6222   3.982885   3.983584    35.1863    35.1921     2.8047  281.08376     0.0000     0.0000     2.8046     4.3326     4.9975     0.0000     0.3502     0.1341          1 0.0000e+00
    429.729     11.841     11.739    11.6225    11.6232   3.983061   3.983707    35.1864    35.1921     2.8047  281.22644     0.0000     0.0000     2.8046     4.3322     4.9975     0.0000     0.3443     0.1345          1 0.0000e+00
    430.229     12.336     12.228    11.6224    11.6209   3.983058   3.983494    35.1863    35.1921     2.8048  281.46526     0.0000     0.0000     2.8047     4.3317     4.7042     0.0000     0.3428     0.1348          1 0.0000e+00
    430.729     12.805     12.693    11.6209    11.6209   3.982928   3.983516    35.1863    35.1921     2.8050  281.62297     0.0000     0.0000     2.8049     4.3310     4.9580     0.0000     0.3431     0.1336          1 0.0000e+00
    431.229     13.191     13.086    11.6230    11.6234   3.983156   3.983782    35.1862    35.1921     2.8044  281.53672     0.0000     0.0000     2.8043     4.3304     4.9973     0.0000     0.3431     0.1341          1 0.0000e+00
    431.729     13.410     13.313    11.6236    11.6243   3.983220   3.983870    35.1862    35.1920     2.8043  281.45779     0.0000     0.0000     2.8042     4.3292     4.9975     0.0000     0.3422     0.1359          1 0.0000e+00
    432.229     13.406     13.299    11.6234    11.6245   3.983201   3.983879    35.1862    35.1918     2.8046  281.46769     0.0000     0.0000     2.8045     4.3287     4.9976     0.0000     0.3419     0.1366          1 0.0000e+00
    432.729     13.207     13.104    11.6233    11.6238   3.983189   3.983786    35.1863    35.1917     2.8047  281.54211     0.0000     0.0000     2.8046     4.3294     4.9974     0.0000     0.3380     0.1349          1 0.0000e+00
    433.229     12.837     12.730    11.6227    11.6228   3.983114   3.983689    35.1863    35.1919     2.8045  281.57676     0.0000     0.0000     2.8044     4.3283     4.9975     0.0000     0.3358     0.1339          1 0.0000e+00
    433.729     12.376     12.268    11.6220    11.6221   3.983008   3.983613    35.1861    35.1920     2.8049  281.59962     0.0000     0.0000     2.8048     4.3281     4.9974     0.0000     0.3420     0.1336          1 0.0000e+00
    434.229     11.891     11.783    11.6226    11.6224   3.983034   3.983612    35.1860    35.1920     2.8059  281.78920     0.0000     0.0000     2.8059     4.3302     4.9974     0.0000     0.3480     0.1341          1 0.0000e+00
    434.729     11.382     11.280    11.6234    11.6234   3.983095   3.983687    35.1861    35.1919     2.8067  282.02015     0.0000     0.0000     2.8067     4.3306     4.9974     0.0000     0.3484     0.1343          1 0.0000e+00
    435.229     10.906     10.804    11.6237    11.6239   3.983089   3.983702    35.1860    35.1918     2.8069  282.09593     0.0000     0.0000     2.8069     4.3319     4.9971     0.0000     0.3492     0.1348          1 0.0000e+00
    435.729     10.498     10.394    11.6234    11.6233   3.983049   3.983617    35.1861    35.1918     2.8071  282.02043     0.0000     0.0000     2.8071     4.3301     4.9975     0.0000     0.3479     0.1345          1 0.0000e+00
    436.229     10.187     10.082    11.6230    11.6230   3.983015   3.983579    35.1863    35.1918     2.8073  281.92936     0.0000     0.0000     2.8073     4.3291     4.9975     0.0000     0.3443     0.1349          1 0.0000e+00
    436.729      9.998      9.891    11.6223    11.6233   3.982938   3.983609    35.1862    35.1919     2.8079  281.95417     0.0000     0.0000     2.8078     4.3313     4.9974     0.0000     0.3449     0.1347          1 0.0000e+00
    437.229      9.970      9.873    11.6214    11.6233   3.982856   3.983621    35.1863    35.1921     2.8074  281.89605     0.0000     0.0000     2.8074     4.3304     4.9973     0.0000     0.3492     0.1348          1 0.0000e+00
    437.729     10.042      9.948    11.6215    11.6225   3.982868   3.983550    35.1863    35.1920     2.8071  281.76875     0.0000     0.0000     2.8071     4.3268     4.9975     0.0000     0.3492     0.1350          1 0.0000e+00
    438.229     10.151     10.064    11.6221    11.6227   3.982947   3.983561    35.1864    35.1920     2.8068  281.61811     0.0000     0.0000     2.8068     4.3296     4.9975     0.0000     0.3492     0.1325          1 0.0000e+00
    438.729     10.256     10.162    11.6225    11.6229   3.982965   3.983593    35.1862    35.1920     2.8059  281.39904     0.0000     0.0000     2.8059     4.3318     4.9973     0.0000     0.3492     0.1326          1 0.0000e+00
    439.229     10.383     10.288    11.6227    11.6230   3.982996   3.983602    35.1863    35.1919     2.8058  281.38959     0.0000     0.0000     2.8058     4.3316     4.9972     0.0000     0.3429     0.1366          1 0.0000e+00
    439.729     10.552     10.446    11.6232    11.6231   3.983041   3.983636    35.1862    35.1921     2.8057  281.39026     0.0000     0.0000     2.8057     4.3319     4.9975     0.0000     0.3419     0.1374          1 0.0000e+00
    440.229     10.755     10.664    11.6226    11.6219   3.982995   3.983520    35.1862    35.1920     2.8051  281.38537     0.0000     0.0000     2.8050     4.3315     4.9974     0.0000     0.3463     0.1345          1 0.0000e+00
    440.729     10.973     10.875    11.6227    11.6201   3.983021   3.983358    35.1862    35.1921     2.8050  281.39199     0.0000     0.0000     2.8049     4.3315     4.9974     0.0000     0.3480     0.1337          1 0.0000e+00
    441.229     11.199     11.096    11.6189    11.6199   3.982624   3.983341    35.1860    35.1921     2.8047  281.37044     0.0000     0.0000     2.8046     4.3315     4.9975     0.0000     0.3464     0.1354          1 0.0000e+00
    441.729     11.405     11.313    11.6186    11.6202   3.982642   3.983373    35.1863    35.1920     2.8051  281.47399     0.0000     0.0000     2.8050     4.3328     4.9976     0.0000     0.3455     0.1365          1 0.0000e+00
    442.229     11.549     11.454    11.6205    11.6210   3.982808   3.983453    35.1860    35.1919     2.8055  281.66553     0.0000     0.0000     2.8055     4.3322     4.9976     0.0000     0.3438     0.1357          1 0.0000e+00
    442.729     11.573     11.481    11.6211    11.6201   3.982859   3.983383    35.1859    35.1921     2.8052  281.67816     0.0000     0.0000     2.8051     4.3305     4.9974     0.0000     0.3419     0.1350          1 0.0000e+00
    443.229     11.441     11.345    11.6204    11.6213   3.982817   3.983489    35.1863    35.1920     2.8051  281.61991     0.0000     0.0000     2.8050     4.3292     4.9975     0.0000     0.3419     0.1340          1 0.0000e+00
    443.729     11.157     11.078    11.6244    11.6237   3.983183   3.983713    35.1860    35.1920     2.8046  281.38665     0.0000     0.0000     2.8045     4.3283     4.9974     0.0000     0.3419     0.1322          1 0.0000e+00
    444.229     10.741     10.650    11.6211    11.6206   3.982813   3.983383    35.1859    35.1919     2.8047  281.36283     0.0000     0.0000     2.8046     4.3309     4.9976     0.0000     0.3427     0.1330          1 0.0000e+00
    444.729     10.258     10.167    11.6208    11.6210   3.982783   3.983405    35.1861    35.1920     2.8050  281.45958     0.0000     0.0000     2.8049     4.3319     4.9975     0.0000     0.3455     0.1340          1 0.0000e+00
    445.229      9.771      9.680    11.6212    11.6218   3.982798   3.983448    35.1860    35.1919     2.8051  281.54437     0.0000     0.0000     2.8050     4.3324     4.9975     0.0000     0.3448     0.1340          1 0.0000e+00
    445.729      9.291      9.201    11.6207    11.6215   3.982743   3.983391    35.1862    35.1918     2.8054  281.60731     0.0000     0.0000     2.8054     4.3321     4.9974     0.0000     0.3382     0.1350          1 0.0000e+00
    446.229      8.847      8.767    11.6209    11.6215   3.982753   3.983364    35.1863    35.1917     2.8058  281.67761     0.0000     0.0000     2.8058     4.3317     4.9973     0.0000     0.3382     0.1347          1 0.0000e+00
    446.729      8.441      8.358    11.6213    11.6216   3.982769   3.983351    35.1863    35.1917     2.8059  281.68921     0.0000     0.0000     2.8059     4.3314     4.9975     0.0000     0.3370     0.1312          1 0.0000e+00
    447.229      8.078      8.003    11.6215    11.6219   3.982771   3.983367    35.1862    35.1918     2.8059  281.65540     0.0000     0.0000     2.8059     4.3310     4.9975     0.0000     0.3370     0.1314          1 0.0000e+00
    447.729      7.759      7.684    11.6215    11.6220   3.982758   3.983369    35.1862    35.1918     2.8064  281.66258     0.0000     0.0000     2.8064     4.3306     4.9975     0.0000     0.3380     0.1364          1 0.0000e+00
