odissea/cruise_data/ce25007/data/ctd/ce25007_003.cnv
* Sea-Bird SBE 9 Data File:
* FileName = C:\CE_CTD_Data\2025_CTD_Data\CE25007\CE25007_003.hdr
* Software Version Seasave V 7.26.7.121
* Temperature SN = 4382
* Conductivity SN = 2796
* Number of Bytes Per Scan = 40
* Number of Voltage Words = 5
* Number of Scans Averaged by the Deck Unit = 1
* NMEA Latitude = 52 59.98 N
* NMEA Longitude = 014 48.81 W
* NMEA UTC (Time) = May 09 2025 22:31:07
* NMEA baud rate = 4800
** Cruise: CE18001
** PSO: Caroline Cusack
** CTD operator:
** Technician:
** Cast No:
** Station:
** Event No:
** Sea state:
** Wind speed:
** Sounding depth
# nquan = 21
# nvalues = 7455                        
# units = specified
# name 0 = timeS: Time, Elapsed [seconds]
# name 1 = prDM: Pressure, Digiquartz [db]
# name 2 = depSM: Depth [salt water, m]
# name 3 = t090C: Temperature [ITS-90, deg C]
# name 4 = t190C: Temperature, 2 [ITS-90, deg C]
# name 5 = c0S/m: Conductivity [S/m]
# name 6 = c1S/m: Conductivity, 2 [S/m]
# name 7 = sal00: Salinity, Practical [PSU]
# name 8 = sal11: Salinity, Practical, 2 [PSU]
# name 9 = sbeox0V: Oxygen raw, SBE 43 [V]
# name 10 = sbeox0Mm/L: Oxygen, SBE 43 [umol/l]
# name 11 = v0: Voltage 0
# name 12 = v1: Voltage 1
# name 13 = v2: Voltage 2
# name 14 = v3: Voltage 3
# name 15 = v4: Voltage 4
# name 16 = v5: Voltage 5
# name 17 = v6: Voltage 6
# name 18 = v7: Voltage 7
# name 19 = pumps: Pump Status
# name 20 = flag: flag
# span 0 =      0.229,   3727.146       
# span 1 =     -0.347,    748.676       
# span 2 =     -0.345,    740.740       
# span 3 =     9.0844,    13.6721       
# span 4 =     9.0843,    14.0627       
# span 5 =   0.017890,   4.166912       
# span 6 =   0.116402,   4.188664       
# span 7 =     0.1101,    35.6016       
# span 8 =     0.7460,    35.7857       
# span 9 =     1.8370,     2.9652       
# span 10 =  186.50033,  342.88251      
# span 11 =     0.0000,     0.0000      
# span 12 =     0.0000,     0.0000      
# span 13 =     1.8352,     2.9652      
# span 14 =     0.0036,     4.7814      
# span 15 =     0.2799,     5.0000      
# span 16 =     0.0000,     0.0000      
# span 17 =     0.0098,     0.6252      
# span 18 =     0.0794,     0.9731      
# span 19 =          0,          1      
# span 20 = 0.0000e+00, 0.0000e+00      
# interval = seconds: 0.5               
# start_time = May 09 2025 22:31:07 [NMEA time, header]
# bad_flag = -9.990e-29
*END*
[from data line 207]
    103.729     -0.318     -0.303    13.4354    13.7431   0.021883   0.152900     0.1348     0.9978     2.7884  334.40024     0.0000     0.0000     2.7884     4.7718     4.9993     0.0000     0.0263     0.1054          0 0.0000e+00
    104.229     -0.320     -0.321    13.4365    13.7439   0.021354   0.147054     0.1315     0.9578     2.7878  334.26136     0.0000     0.0000     2.7878     4.7723     4.9996     0.0000     0.0256     0.1055          0 0.0000e+00
    104.729     -0.319     -0.312    13.4375    13.7446   0.021074   0.143882     0.1298     0.9361     2.7878  334.21307     0.0000     0.0000     2.7878     4.7715     4.9993     0.0000     0.0265     0.1028          0 0.0000e+00
    105.229     -0.318     -0.317    13.4386    13.7452   0.021053   0.144960     0.1296     0.9435     2.7879  334.17234     0.0000     0.0000     2.7879     4.7711     4.9993     0.0000     0.0269     0.1021          0 0.0000e+00
    105.729     -0.319     -0.317    13.4396    13.7461   0.021151   0.148398     0.1302     0.9670     2.7883  334.27603     0.0000     0.0000     2.7883     4.7690     4.9992     0.0000     0.0261     0.1030          0 0.0000e+00
    106.229     -0.320     -0.316    13.4406    13.7471   0.021362   0.153152     0.1315     0.9995     2.7880  334.27908     0.0000     0.0000     2.7880     4.7678     4.9998     0.0000     0.0256     0.1043          0 0.0000e+00
    106.729     -0.321     -0.325    13.4417    13.7482   0.021703   0.158234     0.1337     1.0343     2.7880  334.26865     0.0000     0.0000     2.7880     4.7670     4.9993     0.0000     0.0240     0.1041          0 0.0000e+00
    107.229     -0.320     -0.312    13.4426    13.7494   0.022111   0.161889     0.1362     1.0594     2.7880  334.24235     0.0000     0.0000     2.7880     4.7660     4.9997     0.0000     0.0220     0.1041          0 0.0000e+00
    107.729     -0.321     -0.321    13.4435    13.7505   0.022378   0.162887     0.1379     1.0662     2.7877  334.15092     0.0000     0.0000     2.7877     4.7653     4.9992     0.0000     0.0235     0.1043          0 0.0000e+00
    108.229     -0.320     -0.317    13.4443    13.7513   0.022264   0.160213     0.1372     1.0478     2.7880  334.17669     0.0000     0.0000     2.7880     4.7615     4.9992     0.0000     0.0269     0.1041          0 0.0000e+00
    108.729     -0.315     -0.312    13.4450    13.7518   0.021658   0.153087     0.1334     0.9990     2.7877  334.11281     0.0000     0.0000     2.7877     4.7615     4.9993     0.0000     0.0269     0.1050          0 0.0000e+00
    109.229     -0.314     -0.312    13.4457    13.7519   0.020817   0.141784     0.1282     0.9217     2.7877  334.15482     0.0000     0.0000     2.7877     4.7613     4.9996     0.0000     0.0269     0.1071          0 0.0000e+00
    109.729     -0.309     -0.309    13.4463    13.7516   0.020321   0.131629     0.1251     0.8527     2.7878  334.17074     0.0000     0.0000     2.7878     4.7645     4.9994     0.0000     0.0270     0.1066          0 0.0000e+00
    110.229     -0.312     -0.307    13.4469    13.7515   0.020397   0.131164     0.1256     0.8496     2.7878  334.19315     0.0000     0.0000     2.7878     4.7651     4.9996     0.0000     0.0292     0.1044          0 0.0000e+00
    110.729     -0.315     -0.312    13.4475    13.7519   0.020682   0.139719     0.1273     0.9077     2.7876  334.15043     0.0000     0.0000     2.7876     4.7684     4.9996     0.0000     0.0293     0.1040          0 0.0000e+00
    111.229     -0.317     -0.317    13.4481    13.7527   0.021090   0.150763     0.1299     0.9831     2.7876  334.12310     0.0000     0.0000     2.7876     4.7688     4.9997     0.0000     0.0270     0.1051          0 0.0000e+00
    111.729     -0.320     -0.317    13.4488    13.7534   0.021544   0.158990     0.1327     1.0395     2.7875  334.05199     0.0000     0.0000     2.7875     4.7700     4.9998     0.0000     0.0269     0.1052          0 0.0000e+00
    112.229     -0.320     -0.316    13.4494    13.7541   0.021917   0.161593     0.1350     1.0573     2.7876  334.09281     0.0000     0.0000     2.7876     4.7711     4.9992     0.0000     0.0258     0.1044          0 0.0000e+00
    112.729     -0.320     -0.314    13.4500    13.7548   0.022135   0.161803     0.1364     1.0588     2.7878  334.14432     0.0000     0.0000     2.7878     4.7710     4.9997     0.0000     0.0256     0.1041          0 0.0000e+00
    113.229     -0.319     -0.317    13.4505    13.7555   0.022127   0.160145     0.1363     1.0474     2.7877  334.17356     0.0000     0.0000     2.7877     4.7698     4.9995     0.0000     0.0265     0.1036          0 0.0000e+00
    113.729     -0.317     -0.317    13.4511    13.7562   0.021909   0.157421     0.1350     1.0286     2.7880  334.22809     0.0000     0.0000     2.7880     4.7699     4.9995     0.0000     0.0269     0.1031          0 0.0000e+00
    114.229     -0.316     -0.317    13.4517    13.7568   0.021535   0.153031     0.1327     0.9985     2.7878  334.16983     0.0000     0.0000     2.7878     4.7701     4.9993     0.0000     0.0282     0.1024          0 0.0000e+00
    114.729     -0.312     -0.308    13.4523    13.7575   0.021186   0.148977     0.1305     0.9708     2.7883  334.22753     0.0000     0.0000     2.7883     4.7707     4.9993     0.0000     0.0293     0.1023          0 0.0000e+00
    115.229     -0.311     -0.307    13.4528    13.7583   0.020897   0.145310     0.1287     0.9457     2.7879  334.18315     0.0000     0.0000     2.7879     4.7710     4.9992     0.0000     0.0293     0.1024          0 0.0000e+00
    115.729     -0.311     -0.311    13.4533    13.7589   0.020815   0.144472     0.1282     0.9400     2.7882  334.21689     0.0000     0.0000     2.7882     4.7716     4.9995     0.0000     0.0293     0.1027          0 0.0000e+00
    116.229     -0.314     -0.312    13.4539    13.7594   0.020960   0.148162     0.1291     0.9652     2.7884  334.23668     0.0000     0.0000     2.7884     4.7704     4.9997     0.0000     0.0286     0.1039          0 0.0000e+00
    116.729     -0.317     -0.312    13.4545    13.7600   0.021294   0.154871     0.1312     1.0111     2.7883  334.23286     0.0000     0.0000     2.7883     4.7690     4.9993     0.0000     0.0269     0.1053          0 0.0000e+00
    117.229     -0.322     -0.321    13.4549    13.7604   0.021696   0.160442     0.1337     1.0493     2.7882  334.15710     0.0000     0.0000     2.7882     4.7683     4.9992     0.0000     0.0274     0.1054          0 0.0000e+00
    117.729     -0.323     -0.321    13.4556    13.7608   0.022068   0.162776     0.1360     1.0653     2.7880  334.11488     0.0000     0.0000     2.7880     4.7677     4.9995     0.0000     0.0293     0.1052          0 0.0000e+00
    118.229     -0.324     -0.321    13.4560    13.7610   0.022236   0.161849     0.1370     1.0589     2.7882  334.10181     0.0000     0.0000     2.7882     4.7689     4.9994     0.0000     0.0290     0.1056          0 0.0000e+00
    118.729     -0.322     -0.317    13.4565    13.7612   0.021994   0.157724     0.1355     1.0306     2.7878  334.06556     0.0000     0.0000     2.7878     4.7681     4.9993     0.0000     0.0240     0.1053          0 0.0000e+00
    119.229     -0.319     -0.320    13.4569    13.7614   0.021362   0.150703     0.1316     0.9825     2.7878  334.03840     0.0000     0.0000     2.7878     4.7656     4.9994     0.0000     0.0241     0.1055          0 0.0000e+00
    119.729     -0.316     -0.312    13.4573    13.7615   0.020699   0.143057     0.1275     0.9303     2.7878  334.08287     0.0000     0.0000     2.7878     4.7646     4.9994     0.0000     0.0289     0.1043          0 0.0000e+00
    120.229     -0.312     -0.312    13.4578    13.7616   0.020231   0.135942     0.1246     0.8819     2.7875  334.01637     0.0000     0.0000     2.7875     4.7640     4.9995     0.0000     0.0293     0.1043          0 0.0000e+00
    120.729     -0.310     -0.303    13.4583    13.7618   0.020052   0.132308     0.1235     0.8572     2.7876  334.03598     0.0000     0.0000     2.7876     4.7638     4.9996     0.0000     0.0252     0.1025          0 0.0000e+00
    121.229     -0.310     -0.308    13.4589    13.7623   0.020103   0.133756     0.1238     0.8670     2.7875  334.00457     0.0000     0.0000     2.7875     4.7639     4.9996     0.0000     0.0241     0.1025          0 0.0000e+00
    121.729     -0.310     -0.307    13.4594    13.7629   0.020222   0.138686     0.1245     0.9005     2.7875  334.02650     0.0000     0.0000     2.7875     4.7658     4.9990     0.0000     0.0261     0.1022          0 0.0000e+00
    122.229     -0.310     -0.311    13.4600    13.7636   0.020322   0.143713     0.1251     0.9348     2.7876  334.06194     0.0000     0.0000     2.7876     4.7671     4.9997     0.0000     0.0269     0.1024          0 0.0000e+00
    122.729     -0.309     -0.307    13.4606    13.7643   0.020345   0.145777     0.1253     0.9488     2.7876  334.06244     0.0000     0.0000     2.7876     4.7688     4.9995     0.0000     0.0269     0.1027          0 0.0000e+00
    123.229     -0.313     -0.312    13.4611    13.7650   0.020338   0.146810     0.1253     0.9558     2.7877  334.10914     0.0000     0.0000     2.7877     4.7710     4.9993     0.0000     0.0269     0.1034          0 0.0000e+00
    123.729     -0.309     -0.303    13.4616    13.7657   0.020444   0.149205     0.1259     0.9722     2.7876  334.05569     0.0000     0.0000     2.7876     4.7711     4.9994     0.0000     0.0269     0.1034          0 0.0000e+00
    124.229     -0.315     -0.317    13.4622    13.7666   0.020891   0.156227     0.1287     1.0202     2.7882  334.16764     0.0000     0.0000     2.7882     4.7716     4.9990     0.0000     0.0269     0.1033          0 0.0000e+00
    124.729     -0.316     -0.312    13.4627    13.7675   0.021767   0.166483     0.1341     1.0907     2.7879  334.13110     0.0000     0.0000     2.7879     4.7715     4.9995     0.0000     0.0269     0.1031          0 0.0000e+00
    125.229     -0.322     -0.320    13.4633    13.7683   0.023030   0.174768     0.1420     1.1478     2.7882  334.13466     0.0000     0.0000     2.7882     4.7712     4.9994     0.0000     0.0269     0.1032          0 0.0000e+00
    125.729     -0.327     -0.321    13.4638    13.7688   0.024174   0.177922     0.1491     1.1695     2.7883  334.10061     0.0000     0.0000     2.7883     4.7710     4.9995     0.0000     0.0269     0.1034          0 0.0000e+00
    126.229     -0.327     -0.331    13.4643    13.7689   0.024658   0.175376     0.1521     1.1520     2.7885  334.15058     0.0000     0.0000     2.7885     4.7712     4.9994     0.0000     0.0269     0.1032          0 0.0000e+00
    126.729     -0.327     -0.321    13.4648    13.7687   0.024272   0.168165     0.1497     1.1023     2.7882  334.11671     0.0000     0.0000     2.7882     4.7712     4.9993     0.0000     0.0268     0.1034          0 0.0000e+00
    127.229     -0.323     -0.321    13.4652    13.7681   0.023171   0.157956     0.1429     1.0321     2.7880  334.01888     0.0000     0.0000     2.7880     4.7729     4.9992     0.0000     0.0255     0.1043          0 0.0000e+00
    127.729     -0.318     -0.317    13.4658    13.7674   0.021906   0.146353     0.1350     0.9527     2.7882  334.03967     0.0000     0.0000     2.7882     4.7754     4.9992     0.0000     0.0256     0.1043          0 0.0000e+00
    128.229     -0.311     -0.306    13.4663    13.7667   0.020881   0.134384     0.1286     0.8713     2.7878  334.00498     0.0000     0.0000     2.7878     4.7739     4.9996     0.0000     0.0291     0.1019          0 0.0000e+00
    128.729     -0.306     -0.303    13.4667    13.7660   0.020275   0.126407     0.1248     0.8172     2.7877  333.97001     0.0000     0.0000     2.7877     4.7738     4.9992     0.0000     0.0293     0.1021          0 0.0000e+00
    129.229     -0.306     -0.303    13.4672    13.7656   0.020132   0.125271     0.1240     0.8095     2.7876  333.91858     0.0000     0.0000     2.7876     4.7769     4.9992     0.0000     0.0293     0.1008          0 0.0000e+00
    129.729     -0.305     -0.303    13.4676    13.7657   0.020375   0.132342     0.1255     0.8575     2.7877  333.97318     0.0000     0.0000     2.7877     4.7756     4.9993     0.0000     0.0293     0.1008          0 0.0000e+00
    130.229     -0.307     -0.303    13.4680    13.7661   0.020772   0.146325     0.1279     0.9526     2.7875  333.95725     0.0000     0.0000     2.7875     4.7736     4.9990     0.0000     0.0276     0.1028          0 0.0000e+00
    130.729     -0.311     -0.312    13.4683    13.7665   0.021226   0.158150     0.1307     1.0335     2.7878  334.02740     0.0000     0.0000     2.7878     4.7701     4.9994     0.0000     0.0269     0.1034          0 0.0000e+00
    131.229     -0.315     -0.312    13.4686    13.7668   0.021560   0.161736     0.1328     1.0581     2.7875  333.96140     0.0000     0.0000     2.7875     4.7696     4.9995     0.0000     0.0269     0.1046          0 0.0000e+00
    131.729     -0.314     -0.310    13.4688    13.7668   0.021750   0.161628     0.1340     1.0574     2.7875  333.95535     0.0000     0.0000     2.7875     4.7705     4.9993     0.0000     0.0269     0.1057          0 0.0000e+00
    132.229     -0.317     -0.317    13.4689    13.7667   0.021689   0.158608     0.1337     1.0367     2.7876  333.94916     0.0000     0.0000     2.7876     4.7718     4.9995     0.0000     0.0269     0.1038          0 0.0000e+00
    132.729     -0.316     -0.312    13.4690    13.7663   0.021507   0.155528     0.1325     1.0156     2.7875  333.95826     0.0000     0.0000     2.7875     4.7748     4.9992     0.0000     0.0269     0.1018          0 0.0000e+00
    133.229     -0.317     -0.312    13.4690    13.7661   0.021435   0.154941     0.1321     1.0116     2.7878  334.03921     0.0000     0.0000     2.7878     4.7747     4.9994     0.0000     0.0269     0.1029          0 0.0000e+00
    133.729     -0.319     -0.317    13.4690    13.7658   0.021680   0.158282     0.1336     1.0345     2.7879  334.06799     0.0000     0.0000     2.7879     4.7747     4.9994     0.0000     0.0269     0.1046          0 0.0000e+00
    134.229     -0.322     -0.321    13.4689    13.7655   0.022269   0.165051     0.1373     1.0810     2.7878  334.06641     0.0000     0.0000     2.7878     4.7725     4.9991     0.0000     0.0263     0.1038          0 0.0000e+00
    134.729     -0.324     -0.324    13.4689    13.7650   0.023040   0.170765     0.1421     1.1204     2.7879  334.03688     0.0000     0.0000     2.7879     4.7713     4.9990     0.0000     0.0241     0.1020          0 0.0000e+00
    135.229     -0.324     -0.317    13.4687    13.7644   0.023534   0.170508     0.1452     1.1187     2.7882  334.06106     0.0000     0.0000     2.7882     4.7686     4.9996     0.0000     0.0244     0.1025          0 0.0000e+00
    135.729     -0.322     -0.321    13.4685    13.7636   0.023332   0.165091     0.1439     1.0814     2.7883  334.09214     0.0000     0.0000     2.7883     4.7656     4.9997     0.0000     0.0293     0.1023          0 0.0000e+00
    136.229     -0.314     -0.312    13.4684    13.7630   0.022380   0.155705     0.1380     1.0169     2.7880  334.07933     0.0000     0.0000     2.7880     4.7638     4.9996     0.0000     0.0293     0.1025          0 0.0000e+00
    136.729     -0.305     -0.303    13.4680    13.7624   0.021246   0.143808     0.1310     0.9356     2.7880  334.04533     0.0000     0.0000     2.7880     4.7639     4.9994     0.0000     0.0270     0.1033          0 0.0000e+00
    137.229     -0.300     -0.297    13.4677    13.7618   0.020477   0.133106     0.1262     0.8628     2.7885  334.14714     0.0000     0.0000     2.7885     4.7633     4.9995     0.0000     0.0269     0.1032          0 0.0000e+00
