odissea/cruise_data/ce25007/data/ctd/ce25007_017.cnv
* Sea-Bird SBE 9 Data File:
* FileName = C:\CE_CTD_Data\2025_CTD_Data\CE25007\CE25007_017.hdr
* Software Version Seasave V 7.26.7.121
* Temperature SN = 4382
* Conductivity SN = 2796
* Number of Bytes Per Scan = 40
* Number of Voltage Words = 5
* Number of Scans Averaged by the Deck Unit = 1
* NMEA Latitude = 54 36.64 N
* NMEA Longitude = 017 54.00 W
* NMEA UTC (Time) = May 14 2025 21:07:20
* NMEA baud rate = 4800
** Cruise: CE18001
** PSO: Caroline Cusack
** CTD operator:
** Technician:
** Cast No:
** Station:
** Event No:
** Sea state:
** Wind speed:
** Sounding depth
# nquan = 21
# nvalues = 10232                       
# units = specified
# name 0 = timeS: Time, Elapsed [seconds]
# name 1 = prDM: Pressure, Digiquartz [db]
# name 2 = depSM: Depth [salt water, m]
# name 3 = t090C: Temperature [ITS-90, deg C]
# name 4 = t190C: Temperature, 2 [ITS-90, deg C]
# name 5 = c0S/m: Conductivity [S/m]
# name 6 = c1S/m: Conductivity, 2 [S/m]
# name 7 = sal00: Salinity, Practical [PSU]
# name 8 = sal11: Salinity, Practical, 2 [PSU]
# name 9 = sbeox0V: Oxygen raw, SBE 43 [V]
# name 10 = sbeox0Mm/L: Oxygen, SBE 43 [umol/l]
# name 11 = v0: Voltage 0
# name 12 = v1: Voltage 1
# name 13 = v2: Voltage 2
# name 14 = v3: Voltage 3
# name 15 = v4: Voltage 4
# name 16 = v5: Voltage 5
# name 17 = v6: Voltage 6
# name 18 = v7: Voltage 7
# name 19 = pumps: Pump Status
# name 20 = flag: flag
# span 0 =      0.229,   5115.500       
# span 1 =     -0.300,   1340.083       
# span 2 =     -0.309,   1323.793       
# span 3 =     3.9706,    13.7892       
# span 4 =     3.9700,    13.6606       
# span 5 =   0.040515,   4.123621       
# span 6 =   0.051484,   4.127310       
# span 7 =     0.2548,    35.7729       
# span 8 =     0.3223,    35.7400       
# span 9 =     1.4748,     3.1229       
# span 10 =  136.34657,  337.69842      
# span 11 =     0.0000,     0.0000      
# span 12 =     0.0000,     0.0000      
# span 13 =     1.4765,     3.1229      
# span 14 =     0.0257,     4.7849      
# span 15 =     0.1801,     5.0000      
# span 16 =     0.0000,     0.0000      
# span 17 =     0.0208,     0.4510      
# span 18 =     0.0944,     2.4408      
# span 19 =          0,          1      
# span 20 = 0.0000e+00, 0.0000e+00      
# interval = seconds: 0.5               
# start_time = May 14 2025 21:07:20 [NMEA time, header]
# bad_flag = -9.990e-29
*END*
[from data line 9863]
   4931.729      5.098      5.057    12.4144    12.4145   4.088066   4.088757    35.4653    35.4719     2.7824  273.46395     0.0000     0.0000     2.7777     4.3781     4.9964     0.0000     0.3779     0.1350          1 0.0000e+00
   4932.229      5.013      4.968    12.4157    12.4132   4.088163   4.088601    35.4650    35.4717     2.7838  274.11026     0.0000     0.0000     2.7791     4.3788     4.9963     0.0000     0.3783     0.1346          1 0.0000e+00
   4932.729      4.918      4.874    12.4132    12.4082   4.087844   4.088069    35.4644    35.4714     2.7838  274.23754     0.0000     0.0000     2.7791     4.3804     4.9964     0.0000     0.3731     0.1347          1 0.0000e+00
   4933.229      4.824      4.777    12.4109    12.4066   4.087655   4.087900    35.4648    35.4713     2.7843  274.12285     0.0000     0.0000     2.7796     4.3816     4.9963     0.0000     0.3731     0.1349          1 0.0000e+00
   4933.729      4.757      4.708    12.4091    12.4098   4.087453   4.088170    35.4647    35.4709     2.7851  274.11939     0.0000     0.0000     2.7804     4.3830     4.9964     0.0000     0.4076     0.1380          1 0.0000e+00
   4934.229      4.730      4.682    12.4109    12.4103   4.087636   4.088185    35.4647    35.4705     2.7835  273.78026     0.0000     0.0000     2.7788     4.3883     4.9964     0.0000     0.4126     0.1385          1 0.0000e+00
   4934.729      4.746      4.702    12.4113    12.4100   4.087738   4.088253    35.4652    35.4715     2.7814  273.14837     0.0000     0.0000     2.7767     4.3963     4.9963     0.0000     0.3924     0.1342          1 0.0000e+00
   4935.229      4.796      4.752    12.4125    12.4128   4.087786   4.088569    35.4645    35.4718     2.7815  272.86125     0.0000     0.0000     2.7768     4.3762     4.9963     0.0000     0.3857     0.1328          1 0.0000e+00
   4935.729      4.852      4.811    12.4165    12.4128   4.088245   4.088562    35.4651    35.4716     2.7817  272.99712     0.0000     0.0000     2.7770     4.3671     4.9964     0.0000     0.3667     0.1357          1 0.0000e+00
   4936.229      4.893      4.849    12.4173    12.4118   4.088336   4.088440    35.4651    35.4715     2.7818  273.36258     0.0000     0.0000     2.7771     4.3808     4.9962     0.0000     0.3553     0.1371          1 0.0000e+00
   4936.729      4.919      4.878    12.4155    12.4134   4.088184   4.088617    35.4654    35.4716     2.7817  273.46949     0.0000     0.0000     2.7770     4.3839     4.9967     0.0000     0.3526     0.1362          1 0.0000e+00
   4937.229      4.948      4.897    12.4168    12.4137   4.088293   4.088663    35.4652    35.4716     2.7821  273.48995     0.0000     0.0000     2.7774     4.3901     4.9965     0.0000     0.3504     0.1351          1 0.0000e+00
   4937.729      4.999      4.954    12.4170    12.4133   4.088350   4.088651    35.4654    35.4720     2.7835  273.78429     0.0000     0.0000     2.7788     4.3971     4.9963     0.0000     0.3482     0.1349          1 0.0000e+00
   4938.229      5.076      5.029    12.4200    12.4193   4.088702   4.089354    35.4659    35.4729     2.7838  273.97859     0.0000     0.0000     2.7791     4.4009     4.9963     0.0000     0.3443     0.1347          1 0.0000e+00
   4938.729      5.164      5.120    12.4364    12.4284   4.090482   4.090062    35.4671    35.4709     2.7837  273.84553     0.0000     0.0000     2.7790     4.3927     4.9963     0.0000     0.3467     0.1355          1 0.0000e+00
   4939.229      5.224      5.180    12.4585    12.4644   4.092791   4.093305    35.4681    35.4672     2.7844  273.68716     0.0000     0.0000     2.7797     4.3917     4.9964     0.0000     0.3553     0.1367          1 0.0000e+00
   4939.729      5.241      5.197    12.4736    12.4763   4.094030   4.094516    35.4654    35.4675     2.7854  273.72491     0.0000     0.0000     2.7807     4.3913     4.9963     0.0000     0.3587     0.1368          1 0.0000e+00
   4940.229      5.211      5.169    12.4427    12.4753   4.090850   4.094676    35.4648    35.4702     2.7875  274.36854     0.0000     0.0000     2.7828     4.3899     4.9963     0.0000     0.3883     0.1384          1 0.0000e+00
   4940.729      5.135      5.091    12.4178    12.4751   4.088363   4.094837    35.4651    35.4720     2.7899  275.11257     0.0000     0.0000     2.7852     4.3886     4.9963     0.0000     0.3882     0.1387          1 0.0000e+00
   4941.229      5.060      5.013    12.4236    12.4463   4.089415   4.091632    35.4696    35.4692     2.7921  275.55139     0.0000     0.0000     2.7874     4.3968     4.9964     0.0000     0.3573     0.1374          1 0.0000e+00
   4941.729      5.018      4.967    12.4414    12.4200   4.090829   4.089168    35.4659    35.4709     2.7952  275.98115     0.0000     0.0000     2.7905     4.3974     4.9963     0.0000     0.3565     0.1371          1 0.0000e+00
   4942.229      5.016      4.972    12.4320    12.4081   4.089793   4.087777    35.4652    35.4690     2.7981  276.50335     0.0000     0.0000     2.7935     4.3974     4.9964     0.0000     0.3738     0.1383          1 0.0000e+00
   4942.729      5.041      4.994    12.4337    12.4106   4.089809   4.088116    35.4636    35.4698     2.8001  276.77222     0.0000     0.0000     2.7954     4.3866     4.9964     0.0000     0.3770     0.1389          1 0.0000e+00
   4943.229      5.055      5.011    12.4406    12.4279   4.090556   4.089447    35.4641    35.4657     2.7994  276.36497     0.0000     0.0000     2.7947     4.3781     4.9963     0.0000     0.3832     0.1442          1 0.0000e+00
   4943.729      5.047      5.006    12.4096    12.4410   4.087422   4.091254    35.4640    35.4705     2.7956  275.29012     0.0000     0.0000     2.7909     4.3974     4.9963     0.0000     0.3857     0.1461          1 0.0000e+00
   4944.229      5.023      4.979    12.4099    12.4403   4.087440   4.091187    35.4638    35.4706     2.7914  273.74147     0.0000     0.0000     2.7867     4.4008     4.9963     0.0000     0.3849     0.1415          1 0.0000e+00
   4944.729      4.990      4.943    12.4170    12.4367   4.088320   4.090750    35.4654    35.4699     2.7892  272.83122     0.0000     0.0000     2.7845     4.4029     4.9964     0.0000     0.3842     0.1387          1 0.0000e+00
   4945.229      4.973      4.924    12.4217    12.4362   4.088664   4.090548    35.4642    35.4685     2.7889  272.93768     0.0000     0.0000     2.7842     4.4001     4.9963     0.0000     0.3827     0.1348          1 0.0000e+00
   4945.729      4.977      4.931    12.4244    12.4303   4.089012   4.090103    35.4649    35.4699     2.7902  273.83298     0.0000     0.0000     2.7855     4.3977     4.9963     0.0000     0.3809     0.1301          1 0.0000e+00
   4946.229      4.999      4.957    12.4251    12.4373   4.089119   4.090971    35.4653    35.4715     2.7917  274.69917     0.0000     0.0000     2.7870     4.3870     4.9964     0.0000     0.3751     0.1316          1 0.0000e+00
   4946.729      5.019      4.962    12.4294    12.4336   4.089549   4.090591    35.4653    35.4714     2.7928  275.20612     0.0000     0.0000     2.7882     4.3868     4.9963     0.0000     0.3639     0.1350          1 0.0000e+00
   4947.229      5.040      5.008    12.4321    12.4302   4.089908   4.090306    35.4661    35.4720     2.7936  275.35700     0.0000     0.0000     2.7890     4.4077     4.9963     0.0000     0.3660     0.1344          1 0.0000e+00
   4947.729      5.054      5.006    12.4324    12.4341   4.089788   4.090851    35.4647    35.4735     2.7928  275.03026     0.0000     0.0000     2.7882     4.4023     4.9962     0.0000     0.3744     0.1323          1 0.0000e+00
   4948.229      5.063      5.017    12.4318    12.4389   4.089765   4.091260    35.4650    35.4727     2.7920  274.58038     0.0000     0.0000     2.7873     4.3948     4.9964     0.0000     0.3738     0.1330          1 0.0000e+00
   4948.729      5.071      5.028    12.4356    12.4430   4.090393   4.091571    35.4674    35.4717     2.7922  274.37250     0.0000     0.0000     2.7875     4.3858     4.9963     0.0000     0.3710     0.1372          1 0.0000e+00
   4949.229      5.059      5.011    12.4386    12.4431   4.090503   4.091653    35.4656    35.4725     2.7919  274.35832     0.0000     0.0000     2.7872     4.3826     4.9963     0.0000     0.3710     0.1375          1 0.0000e+00
   4949.729      5.037      4.996    12.4397    12.4461   4.090673   4.091831    35.4661    35.4713     2.7912  274.32402     0.0000     0.0000     2.7865     4.3849     4.9963     0.0000     0.3991     0.1429          1 0.0000e+00
   4950.229      5.004      4.960    12.4427    12.4478   4.090864   4.092077    35.4651    35.4721     2.7908  274.18323     0.0000     0.0000     2.7861     4.3777     4.9963     0.0000     0.4003     0.1432          1 0.0000e+00
   4950.729      4.980      4.933    12.4436    12.4600   4.091007   4.092903    35.4657    35.4683     2.7921  274.40437     0.0000     0.0000     2.7874     4.3659     4.9963     0.0000     0.3962     0.1376          1 0.0000e+00
   4951.229      4.969      4.925    12.4459    12.4522   4.091073   4.092559    35.4641    35.4726     2.7941  274.98330     0.0000     0.0000     2.7895     4.3665     4.9964     0.0000     0.3956     0.1367          1 0.0000e+00
   4951.729      4.962      4.917    12.4404    12.4399   4.090801   4.091394    35.4668    35.4733     2.7961  275.65439     0.0000     0.0000     2.7914     4.3669     4.9963     0.0000     0.4006     0.1415          1 0.0000e+00
   4952.229      4.960      4.915    12.4432    12.4381   4.091104   4.091206    35.4671    35.4733     2.7974  275.96356     0.0000     0.0000     2.7927     4.3726     4.9963     0.0000     0.4029     0.1433          1 0.0000e+00
   4952.729      4.969      4.922    12.4421    12.4364   4.090852   4.091010    35.4657    35.4730     2.7981  275.93185     0.0000     0.0000     2.7935     4.3756     4.9963     0.0000     0.3888     0.1411          1 0.0000e+00
   4953.229      5.000      4.952    12.4392    12.4338   4.090569   4.090758    35.4658    35.4730     2.7983  275.74695     0.0000     0.0000     2.7937     4.3821     4.9963     0.0000     0.3783     0.1394          1 0.0000e+00
   4953.729      5.066      5.016    12.4360    12.4331   4.090225   4.090654    35.4656    35.4727     2.7978  275.46015     0.0000     0.0000     2.7932     4.3824     4.9962     0.0000     0.3842     0.1366          1 0.0000e+00
   4954.229      5.160      5.121    12.4348    12.4349   4.090163   4.090820    35.4661    35.4725     2.7971  275.11857     0.0000     0.0000     2.7924     4.3824     4.9965     0.0000     0.3918     0.1325          1 0.0000e+00
   4954.729      5.244      5.194    12.4372    12.4406   4.090423   4.091381    35.4663    35.4723     2.7970  274.95224     0.0000     0.0000     2.7923     4.3811     4.9963     0.0000     0.3928     0.1337          1 0.0000e+00
   4955.229      5.283      5.241    12.4395    12.4483   4.090640   4.092008    35.4661    35.4709     2.7970  274.95169     0.0000     0.0000     2.7923     4.3829     4.9963     0.0000     0.3954     0.1368          1 0.0000e+00
   4955.729      5.266      5.227    12.4397    12.4420   4.090643   4.091552    35.4660    35.4726     2.7978  275.22890     0.0000     0.0000     2.7932     4.3878     4.9963     0.0000     0.3964     0.1368          1 0.0000e+00
   4956.229      5.190      5.143    12.4343    12.4419   4.090081   4.091531    35.4658    35.4726     2.7983  275.49116     0.0000     0.0000     2.7937     4.3766     4.9963     0.0000     0.4005     0.1371          1 0.0000e+00
   4956.729      5.079      5.034    12.4334    12.4377   4.090048   4.091120    35.4665    35.4727     2.7983  275.54470     0.0000     0.0000     2.7937     4.3689     4.9963     0.0000     0.3990     0.1369          1 0.0000e+00
   4957.229      4.989      4.938    12.4309    12.4331   4.089671   4.090551    35.4652    35.4718     2.7977  275.37040     0.0000     0.0000     2.7931     4.3770     4.9963     0.0000     0.3730     0.1346          1 0.0000e+00
   4957.729      4.941      4.895    12.4263    12.4298   4.089192   4.090231    35.4651    35.4719     2.7961  274.91735     0.0000     0.0000     2.7915     4.3741     4.9964     0.0000     0.3730     0.1345          1 0.0000e+00
   4958.229      4.937      4.888    12.4258    12.4306   4.089163   4.090402    35.4653    35.4727     2.7958  274.70253     0.0000     0.0000     2.7912     4.3630     4.9963     0.0000     0.3826     0.1349          1 0.0000e+00
   4958.729      4.967      4.924    12.4267    12.4383   4.089303   4.091033    35.4658    35.4713     2.7955  274.67210     0.0000     0.0000     2.7909     4.3679     4.9965     0.0000     0.3833     0.1348          1 0.0000e+00
   4959.229      4.994      4.937    12.4299    12.4422   4.089626   4.091648    35.4657    35.4735     2.7945  274.62041     0.0000     0.0000     2.7899     4.3723     4.9963     0.0000     0.3812     0.1363          1 0.0000e+00
   4959.729      5.013      4.983    12.4306    12.4352   4.089712   4.090786    35.4659    35.4719     2.7931  274.40268     0.0000     0.0000     2.7885     4.3787     4.9963     0.0000     0.3810     0.1366          1 0.0000e+00
   4960.229      5.008      4.963    12.4343    12.4408   4.090138   4.091290    35.4665    35.4713     2.7923  274.12782     0.0000     0.0000     2.7876     4.3792     4.9964     0.0000     0.3932     0.1395          1 0.0000e+00
   4960.729      4.992      4.950    12.4394    12.4415   4.090490   4.091491    35.4648    35.4727     2.7933  274.32143     0.0000     0.0000     2.7887     4.3778     4.9963     0.0000     0.3992     0.1410          1 0.0000e+00
   4961.229      4.973      4.925    12.4384    12.4404   4.090345   4.091360    35.4644    35.4725     2.7950  274.95323     0.0000     0.0000     2.7904     4.3750     4.9963     0.0000     0.3937     0.1391          1 0.0000e+00
   4961.729      4.964      4.920    12.4349    12.4375   4.090158   4.091098    35.4660    35.4727     2.7947  275.24048     0.0000     0.0000     2.7901     4.3722     4.9963     0.0000     0.3895     0.1374          1 0.0000e+00
   4962.229      4.963      4.918    12.4335    12.4376   4.090002   4.091053    35.4659    35.4722     2.7955  275.36743     0.0000     0.0000     2.7909     4.3678     4.9963     0.0000     0.3911     0.1372          1 0.0000e+00
   4962.729      4.969      4.925    12.4312    12.4398   4.089798   4.091282    35.4662    35.4723     2.7955  275.17920     0.0000     0.0000     2.7909     4.3678     4.9963     0.0000     0.3944     0.1367          1 0.0000e+00
   4963.229      4.987      4.939    12.4386    12.4404   4.090589   4.091374    35.4666    35.4726     2.7957  275.08832     0.0000     0.0000     2.7911     4.3759     4.9963     0.0000     0.3973     0.1379          1 0.0000e+00
   4963.729      5.018      4.975    12.4432    12.4448   4.090989   4.091726    35.4660    35.4718     2.7958  275.06268     0.0000     0.0000     2.7912     4.3730     4.9963     0.0000     0.4053     0.1412          1 0.0000e+00
   4964.229      5.050      5.002    12.4443    12.4463   4.091181   4.091955    35.4668    35.4725     2.7948  274.83977     0.0000     0.0000     2.7902     4.3701     4.9963     0.0000     0.4031     0.1405          1 0.0000e+00
   4964.729      5.073      5.031    12.4486    12.4500   4.091578   4.092251    35.4665    35.4718     2.7937  274.46650     0.0000     0.0000     2.7891     4.3750     4.9963     0.0000     0.3916     0.1367          1 0.0000e+00
   4965.229      5.076      5.033    12.4461    12.4522   4.091277   4.092541    35.4661    35.4724     2.7940  274.42468     0.0000     0.0000     2.7894     4.3752     4.9963     0.0000     0.3917     0.1368          1 0.0000e+00
