odissea/cruise_data/ce25007/data/ctd/ce25007_007.cnv
* Sea-Bird SBE 9 Data File:
* FileName = C:\CE_CTD_Data\2025_CTD_Data\CE25007\CE25007_007.hdr
* Software Version Seasave V 7.26.7.121
* Temperature SN = 4382
* Conductivity SN = 2796
* Number of Bytes Per Scan = 40
* Number of Voltage Words = 5
* Number of Scans Averaged by the Deck Unit = 1
* NMEA Latitude = 52 59.87 N
* NMEA Longitude = 015 14.39 W
* NMEA UTC (Time) = May 10 2025 17:40:34
* NMEA baud rate = 4800
** Cruise: CE18001
** PSO: Caroline Cusack
** CTD operator:
** Technician:
** Cast No:
** Station:
** Event No:
** Sea state:
** Wind speed:
** Sounding depth
# nquan = 21
# nvalues = 16550                       
# units = specified
# name 0 = timeS: Time, Elapsed [seconds]
# name 1 = prDM: Pressure, Digiquartz [db]
# name 2 = depSM: Depth [salt water, m]
# name 3 = t090C: Temperature [ITS-90, deg C]
# name 4 = t190C: Temperature, 2 [ITS-90, deg C]
# name 5 = c0S/m: Conductivity [S/m]
# name 6 = c1S/m: Conductivity, 2 [S/m]
# name 7 = sal00: Salinity, Practical [PSU]
# name 8 = sal11: Salinity, Practical, 2 [PSU]
# name 9 = sbeox0V: Oxygen raw, SBE 43 [V]
# name 10 = sbeox0Mm/L: Oxygen, SBE 43 [umol/l]
# name 11 = v0: Voltage 0
# name 12 = v1: Voltage 1
# name 13 = v2: Voltage 2
# name 14 = v3: Voltage 3
# name 15 = v4: Voltage 4
# name 16 = v5: Voltage 5
# name 17 = v6: Voltage 6
# name 18 = v7: Voltage 7
# name 19 = pumps: Pump Status
# name 20 = flag: flag
# span 0 =      0.229,   8274.646       
# span 1 =     -0.462,   2301.386       
# span 2 =     -0.546,   2268.603       
# span 3 =     3.1329,    13.3992       
# span 4 =     3.1330,    13.5550       
# span 5 =   0.011879,   4.198424       
# span 6 =   0.089107,   4.204681       
# span 7 =     0.0745,    35.6387       
# span 8 =     0.5907,    35.7251       
# span 9 =     1.7867,     2.9919       
# span 10 =  170.67915,  338.46655      
# span 11 =     0.0000,     0.0000      
# span 12 =     0.0000,     0.0000      
# span 13 =     1.7737,     2.9919      
# span 14 =     0.0036,     4.8695      
# span 15 =     0.3697,     5.0000      
# span 16 =     0.0000,     0.0000      
# span 17 =     0.0098,     0.1270      
# span 18 =     0.0939,     4.7888      
# span 19 =          0,          1      
# span 20 = 0.0000e+00, 0.0000e+00      
# interval = seconds: 0.5               
# start_time = May 10 2025 17:40:34 [NMEA time, header]
# bad_flag = -9.990e-29
*END*
[from data line 3863]
   1931.729   1281.416   1266.190     5.6423     5.6429   3.466649   3.467270    35.0708    35.0773     1.9057  231.91521     0.0000     0.0000     1.9024     4.7343     4.9951     0.0000     0.0293     0.1078          1 0.0000e+00
   1932.229   1281.677   1266.438     5.6414     5.6408   3.466510   3.466988    35.0701    35.0761     1.9055  231.73194     0.0000     0.0000     1.9022     4.7343     4.9951     0.0000     0.0293     0.1057          1 0.0000e+00
   1932.729   1281.970   1266.734     5.6406     5.6381   3.466458   3.466814    35.0701    35.0767     1.9059  231.70397     0.0000     0.0000     1.9026     4.7342     4.9949     0.0000     0.0293     0.1043          1 0.0000e+00
   1933.229   1282.304   1267.065     5.6345     5.6340   3.465786   3.466403    35.0686    35.0761     1.9060  231.85006     0.0000     0.0000     1.9027     4.7339     4.9951     0.0000     0.0280     0.1064          1 0.0000e+00
   1933.729   1282.674   1267.422     5.6120     5.6121   3.463511   3.464185    35.0665    35.0740     1.9064  232.14901     0.0000     0.0000     1.9031     4.7338     4.9950     0.0000     0.0269     0.1083          1 0.0000e+00
   1934.229   1283.077   1267.823     5.6024     5.6023   3.462571   3.463229    35.0658    35.0733     1.9067  232.39765     0.0000     0.0000     1.9034     4.7339     4.9951     0.0000     0.0286     0.1069          1 0.0000e+00
   1934.729   1283.514   1268.251     5.6009     5.6010   3.462457   3.463101    35.0657    35.0728     1.9062  232.19033     0.0000     0.0000     1.9029     4.7342     4.9951     0.0000     0.0305     0.1058          1 0.0000e+00
   1935.229   1283.982   1268.716     5.5987     5.5982   3.462243   3.462828    35.0652    35.0724     1.9060  231.97680     0.0000     0.0000     1.9027     4.7336     4.9948     0.0000     0.0301     0.1055          1 0.0000e+00
   1935.729   1284.484   1269.207     5.5901     5.5892   3.461368   3.461961    35.0642    35.0717     1.9057  231.72654     0.0000     0.0000     1.9024     4.7334     4.9951     0.0000     0.0293     0.1059          1 0.0000e+00
   1936.229   1285.014   1269.730     5.5849     5.5849   3.460874   3.461549    35.0637    35.0712     1.9061  231.91499     0.0000     0.0000     1.9028     4.7334     4.9951     0.0000     0.0295     0.1058          1 0.0000e+00
   1936.729   1285.582   1270.294     5.5815     5.5813   3.460559   3.461172    35.0632    35.0704     1.9060  232.14590     0.0000     0.0000     1.9027     4.7330     4.9949     0.0000     0.0305     0.1073          1 0.0000e+00
   1937.229   1286.188   1270.887     5.5750     5.5749   3.459936   3.460557    35.0627    35.0697     1.9063  232.37175     0.0000     0.0000     1.9029     4.7333     4.9949     0.0000     0.0304     0.1073          1 0.0000e+00
   1937.729   1286.815   1271.505     5.5706     5.5710   3.459529   3.460200    35.0622    35.0695     1.9066  232.50376     0.0000     0.0000     1.9032     4.7331     4.9951     0.0000     0.0293     0.1053          1 0.0000e+00
   1938.229   1287.461   1272.142     5.5633     5.5637   3.458850   3.459511    35.0618    35.0689     1.9063  232.43426     0.0000     0.0000     1.9029     4.7332     4.9950     0.0000     0.0293     0.1054          1 0.0000e+00
   1938.729   1288.145   1272.816     5.5603     5.5609   3.458560   3.459243    35.0614    35.0684     1.9067  232.54531     0.0000     0.0000     1.9033     4.7333     4.9950     0.0000     0.0293     0.1024          1 0.0000e+00
   1939.229   1288.845   1273.508     5.5572     5.5561   3.458264   3.458793    35.0608    35.0679     1.9071  232.76979     0.0000     0.0000     1.9037     4.7327     4.9949     0.0000     0.0293     0.1023          1 0.0000e+00
   1939.729   1289.543   1274.195     5.5520     5.5517   3.457780   3.458385    35.0604    35.0675     1.9070  232.84467     0.0000     0.0000     1.9036     4.7330     4.9951     0.0000     0.0293     0.1029          1 0.0000e+00
   1940.229   1290.223   1274.867     5.5462     5.5469   3.457197   3.457906    35.0594    35.0667     1.9075  233.03104     0.0000     0.0000     1.9041     4.7332     4.9950     0.0000     0.0293     0.1030          1 0.0000e+00
   1940.729   1290.891   1275.526     5.5371     5.5376   3.456312   3.457005    35.0587    35.0659     1.9080  233.22150     0.0000     0.0000     1.9047     4.7329     4.9951     0.0000     0.0293     0.1056          1 0.0000e+00
   1941.229   1291.533   1276.157     5.5363     5.5348   3.456273   3.456754    35.0586    35.0656     1.9081  233.32116     0.0000     0.0000     1.9048     4.7328     4.9950     0.0000     0.0293     0.1071          1 0.0000e+00
   1941.729   1292.135   1276.755     5.5355     5.5351   3.456195   3.456793    35.0581    35.0652     1.9083  233.40886     0.0000     0.0000     1.9050     4.7320     4.9951     0.0000     0.0293     0.1062          1 0.0000e+00
   1942.229   1292.695   1277.305     5.5373     5.5361   3.456414   3.456920    35.0583    35.0652     1.9088  233.34012     0.0000     0.0000     1.9054     4.7320     4.9951     0.0000     0.0293     0.1053          1 0.0000e+00
   1942.729   1293.202   1277.800     5.5350     5.5352   3.456191   3.456836    35.0578    35.0649     1.9094  233.57446     0.0000     0.0000     1.9060     4.7320     4.9950     0.0000     0.0293     0.1061          1 0.0000e+00
   1943.229   1293.658   1278.258     5.5320     5.5321   3.455896   3.456545    35.0573    35.0645     1.9095  233.64425     0.0000     0.0000     1.9061     4.7320     4.9949     0.0000     0.0293     0.1071          1 0.0000e+00
   1943.729   1294.051   1278.640     5.5279     5.5284   3.455552   3.456222    35.0575    35.0645     1.9102  233.92705     0.0000     0.0000     1.9068     4.7319     4.9950     0.0000     0.0293     0.1067          1 0.0000e+00
   1944.229   1294.389   1278.972     5.5259     5.5247   3.455386   3.455914    35.0574    35.0647     1.9105  233.95016     0.0000     0.0000     1.9071     4.7321     4.9950     0.0000     0.0293     0.1072          1 0.0000e+00
   1944.729   1294.671   1279.254     5.5223     5.5213   3.455101   3.455650    35.0578    35.0650     1.9110  234.12310     0.0000     0.0000     1.9076     4.7318     4.9950     0.0000     0.0293     0.1072          1 0.0000e+00
   1945.229   1294.908   1279.480     5.5201     5.5200   3.454879   3.455555    35.0574    35.0651     1.9114  234.13048     0.0000     0.0000     1.9079     4.7320     4.9949     0.0000     0.0293     0.1077          1 0.0000e+00
   1945.729   1295.115   1279.684     5.5202     5.5191   3.454912   3.455455    35.0574    35.0647     1.9120  234.28979     0.0000     0.0000     1.9085     4.7322     4.9950     0.0000     0.0293     0.1076          1 0.0000e+00
   1946.229   1295.335   1279.900     5.5193     5.5196   3.454858   3.455504    35.0575    35.0646     1.9127  234.46858     0.0000     0.0000     1.9092     4.7319     4.9951     0.0000     0.0293     0.1070          1 0.0000e+00
   1946.729   1295.590   1280.142     5.5195     5.5196   3.454907   3.455561    35.0577    35.0649     1.9129  234.59414     0.0000     0.0000     1.9094     4.7318     4.9950     0.0000     0.0293     0.1068          1 0.0000e+00
   1947.229   1295.900   1280.459     5.5198     5.5196   3.454974   3.455573    35.0579    35.0649     1.9131  234.46963     0.0000     0.0000     1.9096     4.7316     4.9950     0.0000     0.0293     0.1044          1 0.0000e+00
   1947.729   1296.257   1280.800     5.5205     5.5210   3.455088   3.455761    35.0582    35.0653     1.9131  234.31729     0.0000     0.0000     1.9096     4.7318     4.9949     0.0000     0.0293     0.1040          1 0.0000e+00
   1948.229   1296.666   1281.211     5.5222     5.5226   3.455305   3.455963    35.0586    35.0656     1.9135  234.23810     0.0000     0.0000     1.9100     4.7316     4.9950     0.0000     0.0293     0.1041          1 0.0000e+00
   1948.729   1297.130   1281.660     5.5230     5.5228   3.455416   3.456019    35.0587    35.0657     1.9134  234.24424     0.0000     0.0000     1.9099     4.7316     4.9951     0.0000     0.0293     0.1043          1 0.0000e+00
   1949.229   1297.647   1282.175     5.5229     5.5237   3.455429   3.456141    35.0587    35.0658     1.9140  234.40634     0.0000     0.0000     1.9105     4.7316     4.9948     0.0000     0.0301     0.1036          1 0.0000e+00
   1949.729   1298.217   1282.734     5.5220     5.5212   3.455347   3.455907    35.0583    35.0655     1.9144  234.55461     0.0000     0.0000     1.9109     4.7315     4.9950     0.0000     0.0305     0.1033          1 0.0000e+00
   1950.229   1298.827   1283.342     5.5042     5.5004   3.453549   3.453838    35.0564    35.0637     1.9144  234.71250     0.0000     0.0000     1.9109     4.7312     4.9949     0.0000     0.0305     0.1046          1 0.0000e+00
   1950.729   1299.455   1283.956     5.4852     5.4857   3.451652   3.452342    35.0548    35.0620     1.9143  234.72275     0.0000     0.0000     1.9108     4.7312     4.9949     0.0000     0.0305     0.1056          1 0.0000e+00
   1951.229   1300.111   1284.604     5.4812     5.4813   3.451266   3.451920    35.0541    35.0614     1.9138  234.48223     0.0000     0.0000     1.9103     4.7310     4.9951     0.0000     0.0305     0.1066          1 0.0000e+00
   1951.729   1300.777   1285.261     5.4707     5.4702   3.450153   3.450769    35.0523    35.0597     1.9132  234.14034     0.0000     0.0000     1.9097     4.7309     4.9951     0.0000     0.0305     0.1080          1 0.0000e+00
   1952.229   1301.439   1285.910     5.4720     5.4701   3.450366   3.450802    35.0529    35.0598     1.9131  234.02244     0.0000     0.0000     1.9096     4.7308     4.9949     0.0000     0.0305     0.1079          1 0.0000e+00
   1952.729   1302.093   1286.560     5.4707     5.4746   3.450244   3.451251    35.0524    35.0597     1.9134  234.24538     0.0000     0.0000     1.9099     4.7311     4.9951     0.0000     0.0305     0.1072          1 0.0000e+00
   1953.229   1302.749   1287.205     5.4675     5.4665   3.449841   3.450422    35.0509    35.0585     1.9133  234.57713     0.0000     0.0000     1.9098     4.7310     4.9950     0.0000     0.0303     0.1072          1 0.0000e+00
   1953.729   1303.410   1287.855     5.4537     5.4524   3.448458   3.448982    35.0493    35.0567     1.9140  234.95223     0.0000     0.0000     1.9105     4.7308     4.9950     0.0000     0.0293     0.1069          1 0.0000e+00
   1954.229   1304.068   1288.505     5.4508     5.4507   3.448179   3.448821    35.0489    35.0561     1.9143  235.20189     0.0000     0.0000     1.9108     4.7308     4.9950     0.0000     0.0293     0.1071          1 0.0000e+00
   1954.729   1304.724   1289.147     5.4503     5.4502   3.448153   3.448775    35.0486    35.0557     1.9142  235.17131     0.0000     0.0000     1.9107     4.7310     4.9949     0.0000     0.0293     0.1042          1 0.0000e+00
   1955.229   1305.382   1289.800     5.4504     5.4505   3.448205   3.448826    35.0486    35.0556     1.9143  235.12134     0.0000     0.0000     1.9108     4.7307     4.9949     0.0000     0.0293     0.1043          1 0.0000e+00
   1955.729   1306.001   1290.414     5.4506     5.4505   3.448232   3.448854    35.0483    35.0554     1.9144  235.02657     0.0000     0.0000     1.9109     4.7306     4.9951     0.0000     0.0304     0.1055          1 0.0000e+00
   1956.229   1306.569   1290.971     5.4503     5.4501   3.448221   3.448838    35.0482    35.0553     1.9144  235.06693     0.0000     0.0000     1.9109     4.7305     4.9950     0.0000     0.0305     0.1055          1 0.0000e+00
   1956.729   1307.078   1291.472     5.4498     5.4501   3.448203   3.448863    35.0481    35.0552     1.9144  235.03452     0.0000     0.0000     1.9109     4.7305     4.9949     0.0000     0.0295     0.1054          1 0.0000e+00
   1957.229   1307.524   1291.913     5.4509     5.4510   3.448324   3.448954    35.0480    35.0551     1.9147  235.09411     0.0000     0.0000     1.9112     4.7304     4.9951     0.0000     0.0293     0.1056          1 0.0000e+00
   1957.729   1307.912   1292.293     5.4503     5.4503   3.448285   3.448911    35.0479    35.0551     1.9155  235.48336     0.0000     0.0000     1.9120     4.7310     4.9950     0.0000     0.0293     0.1047          1 0.0000e+00
   1958.229   1308.257   1292.632     5.4503     5.4503   3.448284   3.448933    35.0477    35.0551     1.9158  235.70436     0.0000     0.0000     1.9122     4.7308     4.9951     0.0000     0.0293     0.1045          1 0.0000e+00
   1958.729   1308.574   1292.940     5.4509     5.4504   3.448348   3.448948    35.0476    35.0548     1.9158  235.69547     0.0000     0.0000     1.9122     4.7307     4.9950     0.0000     0.0293     0.1058          1 0.0000e+00
   1959.229   1308.884   1293.247     5.4505     5.4505   3.448323   3.448973    35.0475    35.0548     1.9164  235.69286     0.0000     0.0000     1.9128     4.7302     4.9951     0.0000     0.0293     0.1066          1 0.0000e+00
   1959.729   1309.203   1293.563     5.4504     5.4502   3.448347   3.448950    35.0476    35.0547     1.9169  235.85699     0.0000     0.0000     1.9133     4.7305     4.9951     0.0000     0.0293     0.1068          1 0.0000e+00
   1960.229   1309.540   1293.886     5.4503     5.4502   3.448355   3.448968    35.0476    35.0546     1.9169  235.90698     0.0000     0.0000     1.9133     4.7299     4.9951     0.0000     0.0293     0.1067          1 0.0000e+00
   1960.729   1309.889   1294.237     5.4497     5.4497   3.448304   3.448942    35.0475    35.0547     1.9172  235.87957     0.0000     0.0000     1.9136     4.7294     4.9951     0.0000     0.0293     0.1054          1 0.0000e+00
   1961.229   1310.245   1294.586     5.4494     5.4493   3.448316   3.448925    35.0476    35.0546     1.9170  235.70468     0.0000     0.0000     1.9134     4.7296     4.9951     0.0000     0.0293     0.1032          1 0.0000e+00
   1961.729   1310.605   1294.939     5.4493     5.4492   3.448299   3.448929    35.0474    35.0546     1.9174  235.71950     0.0000     0.0000     1.9138     4.7299     4.9949     0.0000     0.0293     0.1033          1 0.0000e+00
   1962.229   1310.990   1295.318     5.4494     5.4493   3.448336   3.448955    35.0474    35.0546     1.9178  235.90816     0.0000     0.0000     1.9142     4.7297     4.9949     0.0000     0.0293     0.1041          1 0.0000e+00
   1962.729   1311.391   1295.716     5.4495     5.4494   3.448355   3.448990    35.0473    35.0546     1.9181  236.01845     0.0000     0.0000     1.9144     4.7295     4.9947     0.0000     0.0293     0.1041          1 0.0000e+00
   1963.229   1311.824   1296.141     5.4494     5.4493   3.448384   3.449001    35.0475    35.0546     1.9182  236.10438     0.0000     0.0000     1.9145     4.7293     4.9951     0.0000     0.0293     0.1054          1 0.0000e+00
   1963.729   1312.284   1296.591     5.4498     5.4495   3.448444   3.449046    35.0475    35.0546     1.9182  235.95855     0.0000     0.0000     1.9145     4.7292     4.9951     0.0000     0.0293     0.1055          1 0.0000e+00
   1964.229   1312.790   1297.091     5.4497     5.4496   3.448453   3.449056    35.0474    35.0544     1.9182  235.87322     0.0000     0.0000     1.9145     4.7293     4.9950     0.0000     0.0305     0.1075          1 0.0000e+00
   1964.729   1313.344   1297.632     5.4497     5.4497   3.448480   3.449107    35.0474    35.0546     1.9182  235.82040     0.0000     0.0000     1.9145     4.7291     4.9950     0.0000     0.0305     0.1077          1 0.0000e+00
   1965.229   1313.935   1298.226     5.4500     5.4499   3.448542   3.449140    35.0475    35.0544     1.9180  235.76583     0.0000     0.0000     1.9143     4.7290     4.9950     0.0000     0.0295     0.1077          1 0.0000e+00
