odissea/cruise_data/ce25007/data/ctd/ce25007_002.cnv
* Sea-Bird SBE 9 Data File:
* FileName = C:\CE_CTD_Data\2025_CTD_Data\CE25007\CE25007_002.hdr
* Software Version Seasave V 7.26.7.121
* Temperature SN = 4382
* Conductivity SN = 2796
* Number of Bytes Per Scan = 40
* Number of Voltage Words = 5
* Number of Scans Averaged by the Deck Unit = 1
* NMEA Latitude = 52 59.84 N
* NMEA Longitude = 014 42.46 W
* NMEA UTC (Time) = May 09 2025 21:03:07
* NMEA baud rate = 4800
** Cruise: CE18001
** PSO: Caroline Cusack
** CTD operator:
** Technician:
** Cast No:
** Station:
** Event No:
** Sea state:
** Wind speed:
** Sounding depth
# nquan = 21
# nvalues = 4436                        
# units = specified
# name 0 = timeS: Time, Elapsed [seconds]
# name 1 = prDM: Pressure, Digiquartz [db]
# name 2 = depSM: Depth [salt water, m]
# name 3 = t090C: Temperature [ITS-90, deg C]
# name 4 = t190C: Temperature, 2 [ITS-90, deg C]
# name 5 = c0S/m: Conductivity [S/m]
# name 6 = c1S/m: Conductivity, 2 [S/m]
# name 7 = sal00: Salinity, Practical [PSU]
# name 8 = sal11: Salinity, Practical, 2 [PSU]
# name 9 = sbeox0V: Oxygen raw, SBE 43 [V]
# name 10 = sbeox0Mm/L: Oxygen, SBE 43 [umol/l]
# name 11 = v0: Voltage 0
# name 12 = v1: Voltage 1
# name 13 = v2: Voltage 2
# name 14 = v3: Voltage 3
# name 15 = v4: Voltage 4
# name 16 = v5: Voltage 5
# name 17 = v6: Voltage 6
# name 18 = v7: Voltage 7
# name 19 = pumps: Pump Status
# name 20 = flag: flag
# span 0 =      0.229,   2217.667       
# span 1 =     -0.351,    475.933       
# span 2 =     -0.359,    471.197       
# span 3 =    10.0549,    13.7177       
# span 4 =    10.0555,    13.9005       
# span 5 =   0.094711,   4.166032       
# span 6 =   0.028967,   4.185314       
# span 7 =     0.6229,    35.9332       
# span 8 =     0.1782,    36.0509       
# span 9 =     1.9962,     3.5963       
# span 10 =  174.53799,  398.36076      
# span 11 =     0.0000,     0.0000      
# span 12 =     0.0000,     0.0000      
# span 13 =     1.9962,     3.5963      
# span 14 =     0.0030,     4.7700      
# span 15 =     0.0510,     4.9988      
# span 16 =     0.0000,     0.0000      
# span 17 =     0.0208,     0.5543      
# span 18 =     0.0962,     0.9808      
# span 19 =          0,          1      
# span 20 = 0.0000e+00, 0.0000e+00      
# interval = seconds: 0.5               
# start_time = May 09 2025 21:03:07 [NMEA time, header]
# bad_flag = -9.990e-29
*END*
[from data line 4001]
   2000.729      5.827      5.778    12.8435    12.8276   4.135514   4.134757    35.5176    35.5258     2.9376  289.50238     0.0000     0.0000     2.9352     4.0674     4.9943     0.0000     0.5006     0.1412          1 0.0000e+00
   2001.229      5.730      5.686    12.8461    12.8587   4.135784   4.137834    35.5177    35.5253     2.9365  289.36129     0.0000     0.0000     2.9341     4.0656     2.8800     0.0000     0.4967     0.1411          1 0.0000e+00
   2001.729      5.592      5.543    12.8328    12.8460   4.134275   4.136373    35.5162    35.5237     2.9360  289.28332     0.0000     0.0000     2.9336     4.0723     4.9922     0.0000     0.4841     0.1413          1 0.0000e+00
   2002.229      5.420      5.377    12.8157    12.8336   4.132860   4.135134    35.5192    35.5238     2.9369  289.47834     0.0000     0.0000     2.9345     4.0700     4.9942     0.0000     0.4823     0.1409          1 0.0000e+00
   2002.729      5.196      5.153    12.7896    12.8089   4.129998   4.132397    35.5170    35.5215     2.9367  289.68024     0.0000     0.0000     2.9343     4.0669     4.9940     0.0000     0.4805     0.1403          1 0.0000e+00
   2003.229      4.935      4.891    12.7807    12.7802   4.129277   4.129728    35.5188    35.5237     2.9354  289.61877     0.0000     0.0000     2.9330     4.0713     4.9942     0.0000     0.4799     0.1400          1 0.0000e+00
   2003.729      4.673      4.624    12.7703    12.7661   4.128163   4.128379    35.5181    35.5244     2.9342  289.26940     0.0000     0.0000     2.9318     4.0734     4.9941     0.0000     0.4831     0.1431          1 0.0000e+00
   2004.229      4.466      4.426    12.7744    12.7557   4.128595   4.127341    35.5183    35.5244     2.9321  288.71210     0.0000     0.0000     2.9297     4.0780     0.9885     0.0000     0.4794     0.1444          1 0.0000e+00
   2004.729      4.336      4.284    12.7681    12.7555   4.127974   4.127359    35.5183    35.5247     2.9306  288.38722     0.0000     0.0000     2.9283     4.0773     2.5150     0.0000     0.4894     0.1421          1 0.0000e+00
   2005.229      4.306      4.259    12.7670    12.7436   4.127906   4.126212    35.5186    35.5251     2.9304  288.42763     0.0000     0.0000     2.9281     4.0764     4.9920     0.0000     0.4994     0.1396          1 0.0000e+00
   2005.729      4.369      4.323    12.7619    12.7339   4.127258   4.125203    35.5173    35.5246     2.9303  288.68645     0.0000     0.0000     2.9280     4.0756     2.7569     0.0000     0.4982     0.1400          1 0.0000e+00
   2006.229      4.513      4.466    12.7795    12.7534   4.129264   4.127399    35.5192    35.5266     2.9303  288.87040     0.0000     0.0000     2.9280     4.0753     4.9920     0.0000     0.5055     0.1410          1 0.0000e+00
   2006.729      4.704      4.664    12.7945    12.8003   4.130529   4.131765    35.5167    35.5230     2.9306  288.95218     0.0000     0.0000     2.9283     4.0776     4.9940     0.0000     0.5019     0.1410          1 0.0000e+00
   2007.229      4.904      4.864    12.8140    12.8185   4.132509   4.133652    35.5168    35.5234     2.9317  289.07417     0.0000     0.0000     2.9293     4.0785     4.9940     0.0000     0.4921     0.1411          1 0.0000e+00
   2007.729      5.088      5.043    12.8076    12.8405   4.131716   4.135927    35.5153    35.5238     2.9328  289.42758     0.0000     0.0000     2.9304     4.0811     4.9940     0.0000     0.4927     0.1408          1 0.0000e+00
   2008.229      5.274      5.223    12.8190    12.8479   4.133294   4.136592    35.5193    35.5230     2.9334  289.52497     0.0000     0.0000     2.9310     4.0791     4.9942     0.0000     0.4957     0.1394          1 0.0000e+00
   2008.729      5.484      5.435    12.8261    12.8360   4.133830   4.135435    35.5175    35.5234     2.9338  289.50928     0.0000     0.0000     2.9314     4.0782     4.9940     0.0000     0.4958     0.1396          1 0.0000e+00
   2009.229      5.711      5.662    12.8320    12.8349   4.134512   4.135367    35.5183    35.5238     2.9347  289.54376     0.0000     0.0000     2.9323     4.0641     4.9942     0.0000     0.5006     0.1432          1 0.0000e+00
   2009.729      5.894      5.849    12.8464    12.8499   4.135926   4.136891    35.5178    35.5239     2.9357  289.62056     0.0000     0.0000     2.9333     4.0642     4.9940     0.0000     0.5006     0.1434          1 0.0000e+00
   2010.229      6.007      5.962    12.8617    12.8563   4.137247   4.137390    35.5157    35.5224     2.9355  289.51219     0.0000     0.0000     2.9331     4.0739     4.9940     0.0000     0.5039     0.1419          1 0.0000e+00
   2010.729      6.037      5.991    12.8496    12.8426   4.136141   4.136190    35.5170    35.5242     2.9352  289.38266     0.0000     0.0000     2.9328     4.0741     4.9942     0.0000     0.5043     0.1421          1 0.0000e+00
   2011.229      5.979      5.936    12.8347    12.8407   4.134681   4.135853    35.5174    35.5229     2.9356  289.38114     0.0000     0.0000     2.9332     4.0738     4.9941     0.0000     0.4981     0.1420          1 0.0000e+00
   2011.729      5.824      5.781    12.8288    12.8423   4.134007   4.136065    35.5167    35.5235     2.9352  289.28251     0.0000     0.0000     2.9328     4.0740     4.9940     0.0000     0.4957     0.1419          1 0.0000e+00
   2012.229      5.565      5.521    12.7938    12.8168   4.130525   4.133279    35.5173    35.5216     2.9353  289.53085     0.0000     0.0000     2.9329     4.0735     4.9941     0.0000     0.4875     0.1420          1 0.0000e+00
   2012.729      5.233      5.187    12.7694    12.7702   4.128077   4.128971    35.5175    35.5255     2.9353  289.65037     0.0000     0.0000     2.9329     4.0716     3.2277     0.0000     0.4794     0.1421          1 0.0000e+00
   2013.229      4.908      4.863    12.7760    12.7657   4.128811   4.128489    35.5182    35.5252     2.9351  289.58521     0.0000     0.0000     2.9327     4.0732     4.7687     0.0000     0.4821     0.1410          1 0.0000e+00
   2013.729      4.625      4.575    12.7739    12.7720   4.128513   4.129032    35.5175    35.5243     2.9346  289.48635     0.0000     0.0000     2.9322     4.0749     3.0149     0.0000     0.4798     0.1396          1 0.0000e+00
   2014.229      4.443      4.393    12.7714    12.7718   4.128313   4.128983    35.5180    35.5240     2.9338  289.28317     0.0000     0.0000     2.9314     4.0779     3.2442     0.0000     0.4885     0.1404          1 0.0000e+00
   2014.729      4.395      4.341    12.7767    12.7800   4.128808   4.129842    35.5175    35.5243     2.9330  289.05120     0.0000     0.0000     2.9306     4.0782     2.8276     0.0000     0.5010     0.1425          1 0.0000e+00
   2015.229      4.488      4.441    12.7749    12.7998   4.128679   4.131795    35.5179    35.5238     2.9317  288.81144     0.0000     0.0000     2.9293     4.0773     4.9922     0.0000     0.5024     0.1422          1 0.0000e+00
   2015.729      4.661      4.614    12.7839    12.8206   4.129652   4.134033    35.5185    35.5251     2.9314  288.69272     0.0000     0.0000     2.9290     4.0762     1.4701     0.0000     0.4909     0.1408          1 0.0000e+00
   2016.229      4.867      4.827    12.8035    12.8364   4.131607   4.135533    35.5181    35.5241     2.9322  288.81863     0.0000     0.0000     2.9298     4.0753     3.0984     0.0000     0.4912     0.1410          1 0.0000e+00
   2016.729      5.062      5.020    12.8198    12.8297   4.133175   4.134851    35.5173    35.5240     2.9334  289.20456     0.0000     0.0000     2.9310     4.0757     4.7764     0.0000     0.4865     0.1410          1 0.0000e+00
   2017.229      5.215      5.178    12.8295    12.8329   4.134160   4.135171    35.5173    35.5239     2.9347  289.64304     0.0000     0.0000     2.9323     4.0764     4.9940     0.0000     0.4873     0.1411          1 0.0000e+00
   2017.729      5.296      5.253    12.8194    12.8280   4.133077   4.134599    35.5167    35.5232     2.9351  289.84563     0.0000     0.0000     2.9327     4.0772     4.9941     0.0000     0.5015     0.1419          1 0.0000e+00
   2018.229      5.323      5.269    12.8081    12.8252   4.132327   4.134344    35.5205    35.5235     2.9356  289.85554     0.0000     0.0000     2.9332     4.0763     4.9941     0.0000     0.5018     0.1419          1 0.0000e+00
   2018.729      5.380      5.328    12.8271    12.8357   4.134108   4.134858    35.5191    35.5182     2.9360  289.67010     0.0000     0.0000     2.9337     4.0749     4.9942     0.0000     0.4997     0.1442          1 0.0000e+00
   2019.229      5.477      5.430    12.8230    12.8346   4.133579   4.135459    35.5180    35.5251     2.9372  289.82682     0.0000     0.0000     2.9348     4.0755     4.9941     0.0000     0.4994     0.1443          1 0.0000e+00
   2019.729      5.591      5.541    12.8397    12.8352   4.135470   4.135344    35.5200    35.5234     2.9372  289.78207     0.0000     0.0000     2.9349     4.0758     4.9940     0.0000     0.5163     0.1410          1 0.0000e+00
   2020.229      5.685      5.643    12.8547    12.8752   4.136866   4.139526    35.5189    35.5248     2.9372  289.60231     0.0000     0.0000     2.9349     4.0776     4.9939     0.0000     0.5226     0.1395          1 0.0000e+00
   2020.729      5.719      5.674    12.8515    12.8941   4.136418   4.140729    35.5177    35.5181     2.9379  289.64977     0.0000     0.0000     2.9356     4.0762     4.9940     0.0000     0.5072     0.1397          1 0.0000e+00
   2021.229      5.695      5.649    12.8357    12.8643   4.134983   4.138249    35.5194    35.5234     2.9393  289.96733     0.0000     0.0000     2.9369     4.0732     4.9941     0.0000     0.4969     0.1393          1 0.0000e+00
   2021.729      5.610      5.561    12.8251    12.8661   4.133713   4.138564    35.5175    35.5247     2.9401  290.32235     0.0000     0.0000     2.9377     4.0736     4.9940     0.0000     0.4941     0.1406          1 0.0000e+00
   2022.229      5.474      5.432    12.8423    12.8505   4.135818   4.137136    35.5211    35.5262     2.9397  290.10710     0.0000     0.0000     2.9373     4.0737     4.9942     0.0000     0.4908     0.1417          1 0.0000e+00
   2022.729      5.289      5.245    12.8309    12.8404   4.134250   4.136184    35.5172    35.5270     2.9401  290.06192     0.0000     0.0000     2.9377     4.0676     4.9939     0.0000     0.4875     0.1417          1 0.0000e+00
   2023.229      5.099      5.050    12.8082    12.8149   4.131983   4.133175    35.5175    35.5229     2.9395  289.94642     0.0000     0.0000     2.9371     4.0678     4.9940     0.0000     0.4811     0.1420          1 0.0000e+00
   2023.729      4.941      4.892    12.8056    12.7939   4.131794   4.131084    35.5183    35.5231     2.9388  289.74038     0.0000     0.0000     2.9364     4.0692     4.9940     0.0000     0.4839     0.1423          1 0.0000e+00
   2024.229      4.833      4.782    12.8021    12.7825   4.131386   4.130150    35.5178    35.5252     2.9378  289.53896     0.0000     0.0000     2.9355     4.0700     4.9940     0.0000     0.4933     0.1436          1 0.0000e+00
   2024.729      4.797      4.754    12.7959    12.7842   4.130810   4.130358    35.5182    35.5254     2.9364  289.25795     0.0000     0.0000     2.9341     4.0712     4.9941     0.0000     0.4952     0.1431          1 0.0000e+00
   2025.229      4.821      4.771    12.8067    12.7919   4.131914   4.130932    35.5184    35.5235     2.9348  288.87326     0.0000     0.0000     2.9324     4.0738     4.9939     0.0000     0.5154     0.1433          1 0.0000e+00
   2025.729      4.881      4.837    12.8014    12.7922   4.131255   4.131156    35.5171    35.5252     2.9335  288.62708     0.0000     0.0000     2.9311     4.0738     4.9942     0.0000     0.5153     0.1432          1 0.0000e+00
   2026.229      4.944      4.895    12.7955    12.8020   4.130709   4.132149    35.5175    35.5251     2.9340  288.82459     0.0000     0.0000     2.9316     4.0719     4.9941     0.0000     0.5002     0.1409          1 0.0000e+00
   2026.729      5.045      4.997    12.7934    12.8574   4.130643   4.137366    35.5189    35.5215     2.9341  289.15207     0.0000     0.0000     2.9317     4.0736     3.2637     0.0000     0.4966     0.1412          1 0.0000e+00
   2027.229      5.191      5.142    12.8004    12.8953   4.131339   4.141444    35.5186    35.5240     2.9355  289.59660     0.0000     0.0000     2.9331     4.0752     4.7705     0.0000     0.4955     0.1413          1 0.0000e+00
   2027.729      5.375      5.324    12.8339    12.8783   4.135056   4.139668    35.5217    35.5235     2.9377  289.99739     0.0000     0.0000     2.9354     4.0693     3.2498     0.0000     0.4930     0.1408          1 0.0000e+00
   2028.229      5.554      5.512    12.8920    12.9399   4.140768   4.147666    35.5203    35.5406     2.9392  290.09447     0.0000     0.0000     2.9368     4.0687     4.7705     0.0000     0.4889     0.1417          1 0.0000e+00
   2028.729      5.672      5.628    12.9831    12.9641   4.149472   4.148557    35.5157    35.5259     2.9401  289.71581     0.0000     0.0000     2.9377     4.0689     4.9940     0.0000     0.4874     0.1419          1 0.0000e+00
   2029.229      5.732      5.689    12.9822    13.0359   4.144848   4.154481    35.4727    35.5134     2.9412  289.79786     0.0000     0.0000     2.9388     4.0698     1.3278     0.0000     0.4864     0.1405          1 0.0000e+00
   2029.729      5.728      5.687    12.8586    12.8954   4.137402   4.141577    35.5210    35.5260     2.9424  290.44891     0.0000     0.0000     2.9401     4.0712     1.1323     0.0000     0.4896     0.1395          1 0.0000e+00
   2030.229      5.638      5.592    12.8544    12.8951   4.136625   4.141487    35.5177    35.5255     2.9421  290.43313     0.0000     0.0000     2.9398     4.0667     4.7693     0.0000     0.4871     0.1434          1 0.0000e+00
   2030.729      5.459      5.420    12.8264    12.8843   4.133644   4.139785    35.5163    35.5198     2.9395  289.88368     0.0000     0.0000     2.9371     4.0645     4.9940     0.0000     0.4799     0.1479          1 0.0000e+00
   2031.229      5.225      5.175    12.8062    12.8312   4.131863   4.134939    35.5187    35.5247     2.9380  289.32509     0.0000     0.0000     2.9357     4.0481     4.9941     0.0000     0.4799     0.1461          1 0.0000e+00
   2031.729      5.018      4.967    12.8178    12.8380   4.133057   4.135499    35.5190    35.5236     2.9365  288.75251     0.0000     0.0000     2.9342     4.0575     4.9939     0.0000     0.4799     0.1426          1 0.0000e+00
   2032.229      4.877      4.828    12.8341    12.8215   4.134683   4.133812    35.5189    35.5234     2.9349  288.48527     0.0000     0.0000     2.9325     4.0714     3.0561     0.0000     0.4801     0.1420          1 0.0000e+00
   2032.729      4.804      4.754    12.8418    12.8178   4.135210   4.133574    35.5165    35.5247     2.9343  288.50414     0.0000     0.0000     2.9319     4.0509     4.9921     0.0000     0.4995     0.1430          1 0.0000e+00
   2033.229      4.822      4.770    12.8456    12.8208   4.135728   4.133887    35.5179    35.5247     2.9340  288.57440     0.0000     0.0000     2.9316     4.0437     4.9940     0.0000     0.4993     0.1434          1 0.0000e+00
   2033.729      4.941      4.892    12.8362    12.8308   4.134706   4.134969    35.5171    35.5252     2.9340  288.86740     0.0000     0.0000     2.9316     4.0694     3.1576     0.0000     0.4935     0.1444          1 0.0000e+00
