odissea/cruise_data/ce25007/data/ctd/ce25007_006.cnv
* Sea-Bird SBE 9 Data File:
* FileName = C:\CE_CTD_Data\2025_CTD_Data\CE25007\CE25007_006.hdr
* Software Version Seasave V 7.26.7.121
* Temperature SN = 4382
* Conductivity SN = 2796
* Number of Bytes Per Scan = 40
* Number of Voltage Words = 5
* Number of Scans Averaged by the Deck Unit = 1
* NMEA Latitude = 52 59.67 N
* NMEA Longitude = 014 54.59 W
* NMEA UTC (Time) = May 10 2025 07:28:40
* NMEA baud rate = 4800
** Cruise: CE18001
** PSO: Caroline Cusack
** CTD operator:
** Technician:
** Cast No:
** Station:
** Event No:
** Sea state:
** Wind speed:
** Sounding depth
# nquan = 21
# nvalues = 12182                       
# units = specified
# name 0 = timeS: Time, Elapsed [seconds]
# name 1 = prDM: Pressure, Digiquartz [db]
# name 2 = depSM: Depth [salt water, m]
# name 3 = t090C: Temperature [ITS-90, deg C]
# name 4 = t190C: Temperature, 2 [ITS-90, deg C]
# name 5 = c0S/m: Conductivity [S/m]
# name 6 = c1S/m: Conductivity, 2 [S/m]
# name 7 = sal00: Salinity, Practical [PSU]
# name 8 = sal11: Salinity, Practical, 2 [PSU]
# name 9 = sbeox0V: Oxygen raw, SBE 43 [V]
# name 10 = sbeox0Mm/L: Oxygen, SBE 43 [umol/l]
# name 11 = v0: Voltage 0
# name 12 = v1: Voltage 1
# name 13 = v2: Voltage 2
# name 14 = v3: Voltage 3
# name 15 = v4: Voltage 4
# name 16 = v5: Voltage 5
# name 17 = v6: Voltage 6
# name 18 = v7: Voltage 7
# name 19 = pumps: Pump Status
# name 20 = flag: flag
# span 0 =      0.229,   6090.646       
# span 1 =     -0.359,   1006.677       
# span 2 =     -0.362,    995.389       
# span 3 =     7.4303,    13.3834       
# span 4 =     7.4316,    13.3838       
# span 5 =  -0.002485,   4.198076       
# span 6 =   0.048927,   4.198655       
# span 7 =     0.0694,    36.1280       
# span 8 =     0.3084,    36.3512       
# span 9 =     1.8161,     3.1533       
# span 10 =  187.18860,  345.39134      
# span 11 =     0.0000,     0.0000      
# span 12 =     0.0000,     0.0000      
# span 13 =     1.8157,     3.1533      
# span 14 =     0.0035,     4.8623      
# span 15 =     0.0052,     5.0000      
# span 16 =     0.0000,     0.0000      
# span 17 =     0.0195,     4.9315      
# span 18 =     0.0562,     4.9512      
# span 19 =          0,          1      
# span 20 = 0.0000e+00, 0.0000e+00      
# interval = seconds: 0.5               
# start_time = May 10 2025 07:28:40 [NMEA time, header]
# bad_flag = -9.990e-29
*END*
[from data line 6621]
   3310.729    896.898    887.066     8.0925     8.1065   3.702957   3.704861    35.3546    35.3605     1.8375  196.86730     0.0000     0.0000     1.8324     4.7351     4.9509     0.0000     0.0296     0.1073          1 0.0000e+00
   3311.229    896.734    886.902     8.0945     8.1018   3.703157   3.704438    35.3547    35.3610     1.8372  196.83863     0.0000     0.0000     1.8321     4.7355     4.9511     0.0000     0.0305     0.1089          1 0.0000e+00
   3311.729    896.426    886.599     8.0971     8.1027   3.703373   3.704501    35.3546    35.3610     1.8367  196.84883     0.0000     0.0000     1.8316     4.7355     4.9592     0.0000     0.0306     0.1088          1 0.0000e+00
   3312.229    895.997    886.174     8.0945     8.0993   3.703078   3.704142    35.3543    35.3609     1.8374  197.04219     0.0000     0.0000     1.8323     4.7353     4.9383     0.0000     0.0330     0.1072          1 0.0000e+00
   3312.729    895.460    885.642     8.1017     8.0975   3.703787   3.703950    35.3548    35.3609     1.8376  197.23020     0.0000     0.0000     1.8325     4.7356     4.9546     0.0000     0.0330     0.1072          1 0.0000e+00
   3313.229    894.840    885.024     8.1040     8.1061   3.703943   3.704709    35.3544    35.3606     1.8378  197.36334     0.0000     0.0000     1.8327     4.7360     4.9927     0.0000     0.0306     0.1067          1 0.0000e+00
   3313.729    894.156    884.351     8.1049     8.1062   3.703953   3.704653    35.3540    35.3601     1.8378  197.36821     0.0000     0.0000     1.8327     4.7354     4.9943     0.0000     0.0305     0.1068          1 0.0000e+00
   3314.229    893.441    883.642     8.1068     8.1075   3.704026   3.704714    35.3531    35.3598     1.8380  197.24966     0.0000     0.0000     1.8329     4.7355     4.9942     0.0000     0.0295     0.1055          1 0.0000e+00
   3314.729    892.701    882.913     8.1341     8.1348   3.706902   3.707366    35.3561    35.3604     1.8379  197.07716     0.0000     0.0000     1.8328     4.7359     4.9941     0.0000     0.0293     0.1052          1 0.0000e+00
   3315.229    891.953    882.170     8.1976     8.1682   3.713435   3.710979    35.3608    35.3649     1.8384  196.85951     0.0000     0.0000     1.8333     4.7362     4.9941     0.0000     0.0293     0.1067          1 0.0000e+00
   3315.729    891.225    881.449     8.2108     8.1889   3.714681   3.713065    35.3610    35.3663     1.8390  197.00858     0.0000     0.0000     1.8339     4.7360     4.9941     0.0000     0.0293     0.1075          1 0.0000e+00
   3316.229    890.528    880.761     8.2171     8.2077   3.715448   3.714971    35.3633    35.3677     1.8393  197.06844     0.0000     0.0000     1.8342     4.7361     4.9941     0.0000     0.0293     0.1063          1 0.0000e+00
   3316.729    889.892    880.135     8.2332     8.2108   3.717047   3.715210    35.3642    35.3676     1.8400  197.17025     0.0000     0.0000     1.8349     4.7358     4.9940     0.0000     0.0293     0.1052          1 0.0000e+00
   3317.229    889.331    879.569     8.2076     8.1787   3.714364   3.712116    35.3625    35.3682     1.8405  197.35900     0.0000     0.0000     1.8354     4.7353     4.9946     0.0000     0.0299     0.1068          1 0.0000e+00
   3317.729    888.876    879.129     8.1844     8.1572   3.712038   3.709680    35.3620    35.3647     1.8395  197.16925     0.0000     0.0000     1.8344     4.7359     4.9946     0.0000     0.0305     0.1089          1 0.0000e+00
   3318.229    888.527    878.780     8.1783     8.1806   3.711348   3.712110    35.3612    35.3668     1.8384  196.57745     0.0000     0.0000     1.8333     4.7356     4.9942     0.0000     0.0301     0.1092          1 0.0000e+00
   3318.729    888.309    878.562     8.1946     8.1985   3.712897   3.713909    35.3611    35.3678     1.8371  195.81412     0.0000     0.0000     1.8320     4.7355     4.9941     0.0000     0.0293     0.1090          1 0.0000e+00
   3319.229    888.215    878.477     8.1696     8.1887   3.710221   3.712783    35.3585    35.3660     1.8366  195.64047     0.0000     0.0000     1.8315     4.7353     4.9944     0.0000     0.0296     0.1088          1 0.0000e+00
   3319.729    888.193    878.455     8.1361     8.1489   3.706836   3.708718    35.3571    35.3638     1.8361  195.88224     0.0000     0.0000     1.8310     4.7356     4.9944     0.0000     0.0305     0.1093          1 0.0000e+00
   3320.229    888.228    878.497     8.1563     8.1693   3.708806   3.710797    35.3572    35.3650     1.8353  195.85565     0.0000     0.0000     1.8302     4.7358     4.9942     0.0000     0.0302     0.1087          1 0.0000e+00
   3320.729    888.296    878.561     8.1506     8.1984   3.708162   3.713697    35.3562    35.3659     1.8342  195.75079     0.0000     0.0000     1.8292     4.7357     4.9940     0.0000     0.0271     0.1067          1 0.0000e+00
   3321.229    888.368    878.637     8.1477     8.1754   3.707966   3.711591    35.3571    35.3672     1.8343  195.74419     0.0000     0.0000     1.8293     4.7356     4.9942     0.0000     0.0270     0.1066          1 0.0000e+00
   3321.729    888.423    878.694     8.1540     8.1869   3.708496   3.712540    35.3562    35.3655     1.8350  196.07399     0.0000     0.0000     1.8299     4.7355     4.9943     0.0000     0.0292     0.1076          1 0.0000e+00
   3322.229    888.440    878.709     8.1491     8.1356   3.708189   3.707274    35.3580    35.3624     1.8349  196.43552     0.0000     0.0000     1.8298     4.7358     4.9942     0.0000     0.0293     0.1074          1 0.0000e+00
   3322.729    888.390    878.669     8.1444     8.1545   3.707910   3.709251    35.3599    35.3639     1.8351  196.64156     0.0000     0.0000     1.8300     4.7364     4.9942     0.0000     0.0293     0.1086          1 0.0000e+00
   3323.229    888.193    878.479     8.1552     8.1578   3.708676   3.709516    35.3570    35.3634     1.8343  196.26273     0.0000     0.0000     1.8293     4.7361     4.9945     0.0000     0.0293     0.1089          1 0.0000e+00
   3323.729    887.830    878.115     8.1575     8.1472   3.708816   3.708470    35.3563    35.3635     1.8347  196.17546     0.0000     0.0000     1.8297     4.7358     4.9941     0.0000     0.0276     0.1079          1 0.0000e+00
   3324.229    887.344    877.627     8.1758     8.1566   3.710969   3.709382    35.3607    35.3637     1.8353  196.26852     0.0000     0.0000     1.8302     4.7358     4.9943     0.0000     0.0269     0.1074          1 0.0000e+00
   3324.729    886.766    877.061     8.1716     8.1614   3.710412   3.709868    35.3594    35.3642     1.8355  196.52107     0.0000     0.0000     1.8304     4.7363     4.9944     0.0000     0.0284     0.1077          1 0.0000e+00
   3325.229    886.111    876.410     8.1800     8.1987   3.711286   3.714085    35.3604    35.3710     1.8364  196.77295     0.0000     0.0000     1.8313     4.7361     4.9942     0.0000     0.0293     0.1076          1 0.0000e+00
   3325.729    885.423    875.731     8.2138     8.2447   3.714880   3.718668    35.3643    35.3728     1.8367  196.68705     0.0000     0.0000     1.8316     4.7361     4.9942     0.0000     0.0299     0.1075          1 0.0000e+00
   3326.229    884.728    875.045     8.2612     8.2620   3.719869   3.720490    35.3690    35.3749     1.8379  196.66628     0.0000     0.0000     1.8328     4.7363     4.9943     0.0000     0.0305     0.1079          1 0.0000e+00
   3326.729    884.038    874.356     8.2994     8.2948   3.723604   3.723811    35.3699    35.3770     1.8387  196.74400     0.0000     0.0000     1.8335     4.7361     4.9943     0.0000     0.0305     0.1084          1 0.0000e+00
   3327.229    883.377    873.701     8.3142     8.3202   3.724989   3.726289    35.3701    35.3777     1.8391  196.73754     0.0000     0.0000     1.8339     4.7361     4.9943     0.0000     0.0305     0.1101          1 0.0000e+00
   3327.729    882.761    873.095     8.3293     8.3272   3.726505   3.726808    35.3712    35.3767     1.8391  196.50327     0.0000     0.0000     1.8339     4.7363     4.9943     0.0000     0.0302     0.1092          1 0.0000e+00
   3328.229    882.203    872.543     8.2974     8.3126   3.723773   3.725219    35.3756    35.3753     1.8391  196.30079     0.0000     0.0000     1.8339     4.7360     4.9943     0.0000     0.0293     0.1066          1 0.0000e+00
   3328.729    881.715    872.064     8.2476     8.2472   3.718519   3.718732    35.3713    35.3741     1.8378  196.08191     0.0000     0.0000     1.8327     4.7360     4.9944     0.0000     0.0293     0.1066          1 0.0000e+00
   3329.229    881.312    871.657     8.2555     8.2596   3.718915   3.719871    35.3677    35.3737     1.8367  195.53759     0.0000     0.0000     1.8316     4.7362     4.9942     0.0000     0.0293     0.1066          1 0.0000e+00
   3329.729    881.005    871.360     8.2864     8.2759   3.722026   3.721522    35.3693    35.3748     1.8345  194.59665     0.0000     0.0000     1.8295     4.7362     4.9945     0.0000     0.0293     0.1067          1 0.0000e+00
   3330.229    880.793    871.145     8.2747     8.2864   3.720846   3.722561    35.3690    35.3752     1.8331  194.06342     0.0000     0.0000     1.8280     4.7360     4.9943     0.0000     0.0293     0.1092          1 0.0000e+00
   3330.729    880.715    871.076     8.2781     8.3016   3.721184   3.724090    35.3692    35.3760     1.8329  194.12165     0.0000     0.0000     1.8278     4.7359     4.9945     0.0000     0.0293     0.1090          1 0.0000e+00
   3331.229    880.715    871.077     8.2630     8.2832   3.719685   3.722310    35.3689    35.3762     1.8329  194.67079     0.0000     0.0000     1.8278     4.7362     4.9943     0.0000     0.0293     0.1079          1 0.0000e+00
   3331.729    880.759    871.125     8.2535     8.2766   3.718846   3.721764    35.3699    35.3773     1.8334  195.34238     0.0000     0.0000     1.8283     4.7359     4.9942     0.0000     0.0293     0.1076          1 0.0000e+00
   3332.229    880.804    871.170     8.2852     8.2980   3.721989   3.723836    35.3707    35.3774     1.8330  195.33361     0.0000     0.0000     1.8279     4.7361     4.9946     0.0000     0.0276     0.1076          1 0.0000e+00
   3332.729    880.825    871.190     8.2698     8.2743   3.720383   3.721358    35.3696    35.3755     1.8331  195.42781     0.0000     0.0000     1.8280     4.7364     4.9942     0.0000     0.0269     0.1075          1 0.0000e+00
   3333.229    880.834    871.199     8.2630     8.2552   3.719656   3.719513    35.3689    35.3756     1.8329  195.32483     0.0000     0.0000     1.8278     4.7364     4.9942     0.0000     0.0293     0.1077          1 0.0000e+00
   3333.729    880.852    871.209     8.2617     8.2787   3.719571   3.721736    35.3694    35.3751     1.8319  195.00196     0.0000     0.0000     1.8268     4.7370     4.9941     0.0000     0.0305     0.1074          1 0.0000e+00
   3334.229    880.919    871.278     8.2756     8.2908   3.720911   3.722925    35.3694    35.3754     1.8317  194.76570     0.0000     0.0000     1.8266     4.7367     4.9946     0.0000     0.0305     0.1076          1 0.0000e+00
   3334.729    881.048    871.404     8.2822     8.2889   3.721422   3.722684    35.3680    35.3748     1.8319  194.83484     0.0000     0.0000     1.8268     4.7367     3.6550     0.0000     0.0353     0.1077          1 0.0000e+00
   3335.229    881.232    871.584     8.3067     8.2908   3.723918   3.722818    35.3694    35.3743     1.8326  195.07300     0.0000     0.0000     1.8275     4.7366     4.2798     0.0000     0.0328     0.1068          1 0.0000e+00
   3335.729    881.471    871.826     8.3219     8.3157   3.725269   3.725139    35.3681    35.3732     1.8329  195.37878     0.0000     0.0000     1.8278     4.7369     4.9942     0.0000     0.0293     0.1051          1 0.0000e+00
   3336.229    881.748    872.098     8.3295     8.3317   3.725974   3.726597    35.3678    35.3723     1.8324  195.25149     0.0000     0.0000     1.8273     4.7370     4.9035     0.0000     0.0296     0.1060          1 0.0000e+00
   3336.729    882.031    872.388     8.3007     8.2948   3.723150   3.723214    35.3674    35.3743     1.8328  195.33594     0.0000     0.0000     1.8277     4.7368     4.7825     0.0000     0.0300     0.1076          1 0.0000e+00
   3337.229    882.251    872.602     8.2546     8.2652   3.718989   3.720714    35.3706    35.3781     1.8321  195.20978     0.0000     0.0000     1.8270     4.7367     4.9943     0.0000     0.0293     0.1079          1 0.0000e+00
   3337.729    882.420    872.768     8.2799     8.2892   3.721545   3.723056    35.3716    35.3783     1.8311  194.80209     0.0000     0.0000     1.8260     4.7367     4.9942     0.0000     0.0293     0.1089          1 0.0000e+00
   3338.229    882.513    872.865     8.2704     8.3041   3.720596   3.724333    35.3714    35.3766     1.8300  194.38523     0.0000     0.0000     1.8249     4.7368     4.9033     0.0000     0.0296     0.1087          1 0.0000e+00
   3338.729    882.507    872.861     8.3048     8.2913   3.723494   3.723285    35.3668    35.3787     1.8297  194.00097     0.0000     0.0000     1.8246     4.7370     4.7824     0.0000     0.0300     0.1042          1 0.0000e+00
   3339.229    882.375    872.729     8.2964     8.2923   3.723093   3.723271    35.3714    35.3776     1.8299  194.26951     0.0000     0.0000     1.8248     4.7368     4.9942     0.0000     0.0293     0.1040          1 0.0000e+00
   3339.729    882.150    872.505     8.2883     8.2891   3.722234   3.722864    35.3707    35.3767     1.8304  194.82326     0.0000     0.0000     1.8253     4.7369     4.9941     0.0000     0.0304     0.1064          1 0.0000e+00
   3340.229    881.829    872.183     8.2685     8.2888   3.720305   3.722990    35.3708    35.3785     1.8312  195.38757     0.0000     0.0000     1.8261     4.7371     4.8348     0.0000     0.0312     0.1069          1 0.0000e+00
   3340.729    881.436    871.796     8.2982     8.3020   3.723085   3.723976    35.3699    35.3756     1.8314  195.41985     0.0000     0.0000     1.8263     4.7370     4.6223     0.0000     0.0313     0.1055          1 0.0000e+00
   3341.229    881.002    871.370     8.3002     8.3048   3.723080   3.724127    35.3681    35.3746     1.8317  195.42020     0.0000     0.0000     1.8266     4.7371     4.9939     0.0000     0.0293     0.1052          1 0.0000e+00
   3341.729    880.562    870.926     8.2991     8.3048   3.722891   3.724070    35.3675    35.3743     1.8318  195.30230     0.0000     0.0000     1.8267     4.7369     4.9943     0.0000     0.0293     0.1069          1 0.0000e+00
   3342.229    880.158    870.524     8.3023     8.3048   3.723019   3.723880    35.3657    35.3725     1.8318  195.12838     0.0000     0.0000     1.8267     4.7369     4.9944     0.0000     0.0293     0.1075          1 0.0000e+00
   3342.729    879.802    870.179     8.3040     8.3047   3.723071   3.723834    35.3648    35.3723     1.8321  195.13870     0.0000     0.0000     1.8270     4.7370     4.9944     0.0000     0.0293     0.1082          1 0.0000e+00
   3343.229    879.504    869.873     8.3029     8.3042   3.723019   3.723828    35.3656    35.3729     1.8317  195.01890     0.0000     0.0000     1.8266     4.7370     4.9941     0.0000     0.0293     0.1089          1 0.0000e+00
   3343.729    879.324    869.699     8.3055     8.3034   3.723105   3.723753    35.3640    35.3731     1.8318  194.96324     0.0000     0.0000     1.8267     4.7369     4.9943     0.0000     0.0293     0.1085          1 0.0000e+00
   3344.229    879.291    869.660     8.3087     8.3032   3.723273   3.723653    35.3625    35.3723     1.8317  194.89586     0.0000     0.0000     1.8266     4.7371     4.9943     0.0000     0.0293     0.1075          1 0.0000e+00
