odissea/cruise_data/ce25007/data/ctd/ce25007_017.cnv
* Sea-Bird SBE 9 Data File:
* FileName = C:\CE_CTD_Data\2025_CTD_Data\CE25007\CE25007_017.hdr
* Software Version Seasave V 7.26.7.121
* Temperature SN = 4382
* Conductivity SN = 2796
* Number of Bytes Per Scan = 40
* Number of Voltage Words = 5
* Number of Scans Averaged by the Deck Unit = 1
* NMEA Latitude = 54 36.64 N
* NMEA Longitude = 017 54.00 W
* NMEA UTC (Time) = May 14 2025 21:07:20
* NMEA baud rate = 4800
** Cruise: CE18001
** PSO: Caroline Cusack
** CTD operator:
** Technician:
** Cast No:
** Station:
** Event No:
** Sea state:
** Wind speed:
** Sounding depth
# nquan = 21
# nvalues = 10232                       
# units = specified
# name 0 = timeS: Time, Elapsed [seconds]
# name 1 = prDM: Pressure, Digiquartz [db]
# name 2 = depSM: Depth [salt water, m]
# name 3 = t090C: Temperature [ITS-90, deg C]
# name 4 = t190C: Temperature, 2 [ITS-90, deg C]
# name 5 = c0S/m: Conductivity [S/m]
# name 6 = c1S/m: Conductivity, 2 [S/m]
# name 7 = sal00: Salinity, Practical [PSU]
# name 8 = sal11: Salinity, Practical, 2 [PSU]
# name 9 = sbeox0V: Oxygen raw, SBE 43 [V]
# name 10 = sbeox0Mm/L: Oxygen, SBE 43 [umol/l]
# name 11 = v0: Voltage 0
# name 12 = v1: Voltage 1
# name 13 = v2: Voltage 2
# name 14 = v3: Voltage 3
# name 15 = v4: Voltage 4
# name 16 = v5: Voltage 5
# name 17 = v6: Voltage 6
# name 18 = v7: Voltage 7
# name 19 = pumps: Pump Status
# name 20 = flag: flag
# span 0 =      0.229,   5115.500       
# span 1 =     -0.300,   1340.083       
# span 2 =     -0.309,   1323.793       
# span 3 =     3.9706,    13.7892       
# span 4 =     3.9700,    13.6606       
# span 5 =   0.040515,   4.123621       
# span 6 =   0.051484,   4.127310       
# span 7 =     0.2548,    35.7729       
# span 8 =     0.3223,    35.7400       
# span 9 =     1.4748,     3.1229       
# span 10 =  136.34657,  337.69842      
# span 11 =     0.0000,     0.0000      
# span 12 =     0.0000,     0.0000      
# span 13 =     1.4765,     3.1229      
# span 14 =     0.0257,     4.7849      
# span 15 =     0.1801,     5.0000      
# span 16 =     0.0000,     0.0000      
# span 17 =     0.0208,     0.4510      
# span 18 =     0.0944,     2.4408      
# span 19 =          0,          1      
# span 20 = 0.0000e+00, 0.0000e+00      
# interval = seconds: 0.5               
# start_time = May 14 2025 21:07:20 [NMEA time, header]
# bad_flag = -9.990e-29
*END*
[from data line 3863]
   1931.729   1285.704   1270.234     4.0353     4.0368   3.312806   3.313572    34.9677    34.9751     2.0120  260.39111     0.0000     0.0000     2.0052     4.6712     3.0058     0.0000     0.0371     0.1201          1 0.0000e+00
   1932.229   1285.437   1269.971     4.0365     4.0357   3.312961   3.313517    34.9683    34.9757     2.0117  260.06975     0.0000     0.0000     2.0049     4.6711     3.0166     0.0000     0.0362     0.1197          1 0.0000e+00
   1932.729   1285.145   1269.684     4.0379     4.0364   3.313072   3.313475    34.9683    34.9747     2.0115  259.80278     0.0000     0.0000     2.0047     4.6709     3.0297     0.0000     0.0362     0.1184          1 0.0000e+00
   1933.229   1284.816   1269.363     4.0386     4.0379   3.313114   3.313633    34.9682    34.9750     2.0107  259.32858     0.0000     0.0000     2.0040     4.6714     3.0444     0.0000     0.0359     0.1174          1 0.0000e+00
   1933.729   1284.447   1269.000     4.0399     4.0387   3.313228   3.313719    34.9684    34.9754     2.0104  259.19116     0.0000     0.0000     2.0037     4.6710     3.0626     0.0000     0.0357     0.1189          1 0.0000e+00
   1934.229   1284.038   1268.593     4.0419     4.0393   3.313400   3.313689    34.9684    34.9747     2.0109  259.36933     0.0000     0.0000     2.0042     4.6715     3.0796     0.0000     0.0358     0.1210          1 0.0000e+00
   1934.729   1283.589   1268.153     4.0503     4.0445   3.314202   3.314273    34.9691    34.9761     2.0104  259.46035     0.0000     0.0000     2.0037     4.6709     3.0965     0.0000     0.0362     0.1200          1 0.0000e+00
   1935.229   1283.119   1267.687     4.0582     4.0576   3.314898   3.314957    34.9689    34.9702     2.0108  259.64479     0.0000     0.0000     2.0041     4.6708     3.1194     0.0000     0.0375     0.1173          1 0.0000e+00
   1935.729   1282.647   1267.224     4.0824     4.0937   3.317316   3.318144    34.9713    34.9689     2.0105  259.30706     0.0000     0.0000     2.0038     4.6708     3.1407     0.0000     0.0366     0.1172          1 0.0000e+00
   1936.229   1282.179   1266.754     4.1107     4.1146   3.319914   3.320266    34.9715    34.9714     2.0112  259.25020     0.0000     0.0000     2.0044     4.6713     3.1643     0.0000     0.0357     0.1171          1 0.0000e+00
   1936.729   1281.735   1266.323     4.1378     4.1366   3.322399   3.322305    34.9717    34.9720     2.0115  259.33911     0.0000     0.0000     2.0047     4.6711     3.1889     0.0000     0.0354     0.1173          1 0.0000e+00
   1937.229   1281.307   1265.904     4.1414     4.1533   3.322733   3.323862    34.9721    34.9725     2.0124  259.76054     0.0000     0.0000     2.0056     4.6709     3.2099     0.0000     0.0354     0.1212          1 0.0000e+00
   1937.729   1280.897   1265.483     4.1555     4.1584   3.324115   3.324621    34.9735    34.9763     2.0136  260.18123     0.0000     0.0000     2.0067     4.6712     3.2276     0.0000     0.0354     0.1210          1 0.0000e+00
   1938.229   1280.514   1265.130     4.1662     4.1624   3.325083   3.324991    34.9737    34.9768     2.0143  260.39610     0.0000     0.0000     2.0074     4.6709     3.2450     0.0000     0.0369     0.1199          1 0.0000e+00
   1938.729   1280.146   1264.759     4.1608     4.1724   3.324531   3.325874    34.9735    34.9767     2.0148  260.48699     0.0000     0.0000     2.0079     4.6714     3.2631     0.0000     0.0369     0.1198          1 0.0000e+00
   1939.229   1279.805   1264.418     4.1675     4.1791   3.325296   3.326440    34.9755    34.9765     2.0154  260.32084     0.0000     0.0000     2.0085     4.6712     3.2798     0.0000     0.0358     0.1197          1 0.0000e+00
   1939.729   1279.478   1264.102     4.1813     4.1777   3.326489   3.326576    34.9749    34.9799     2.0154  259.98526     0.0000     0.0000     2.0085     4.6716     3.2978     0.0000     0.0354     0.1197          1 0.0000e+00
   1940.229   1279.163   1263.790     4.1789     4.1842   3.326236   3.326914    34.9750    34.9772     2.0156  259.85172     0.0000     0.0000     2.0087     4.6710     3.3109     0.0000     0.0354     0.1188          1 0.0000e+00
   1940.729   1278.853   1263.489     4.1810     4.1957   3.326458   3.328038    34.9757    34.9783     2.0150  259.39917     0.0000     0.0000     2.0081     4.6708     3.3252     0.0000     0.0354     0.1184          1 0.0000e+00
   1941.229   1278.536   1263.172     4.1963     4.1968   3.327912   3.328360    34.9764    34.9812     2.0143  258.72519     0.0000     0.0000     2.0074     4.6712     3.3408     0.0000     0.0361     0.1176          1 0.0000e+00
   1941.729   1278.203   1262.847     4.2016     4.1929   3.328319   3.327936    34.9759    34.9808     2.0139  258.34735     0.0000     0.0000     2.0070     4.6709     3.3554     0.0000     0.0366     0.1167          1 0.0000e+00
   1942.229   1277.858   1262.504     4.2010     4.1933   3.328397   3.328044    34.9778    34.9821     2.0135  258.21943     0.0000     0.0000     2.0066     4.6707     3.3703     0.0000     0.0361     0.1159          1 0.0000e+00
   1942.729   1277.511   1262.166     4.2083     4.1944   3.329008   3.327970    34.9774    34.9803     2.0127  258.05233     0.0000     0.0000     2.0058     4.6711     3.3892     0.0000     0.0354     0.1148          1 0.0000e+00
   1943.229   1277.158   1261.815     4.2092     4.2109   3.329003   3.329454    34.9767    34.9802     2.0118  257.71594     0.0000     0.0000     2.0050     4.6711     3.4079     0.0000     0.0354     0.1163          1 0.0000e+00
   1943.729   1276.799   1261.463     4.2185     4.2137   3.329912   3.329760    34.9776    34.9811     2.0116  257.61617     0.0000     0.0000     2.0048     4.6708     3.4208     0.0000     0.0354     0.1197          1 0.0000e+00
   1944.229   1276.429   1261.098     4.2228     4.2250   3.330257   3.330717    34.9774    34.9804     2.0116  257.78310     0.0000     0.0000     2.0048     4.6706     3.4409     0.0000     0.0354     0.1196          1 0.0000e+00
   1944.729   1276.042   1260.717     4.2216     4.2272   3.330249   3.331034    34.9790    34.9821     2.0117  258.18019     0.0000     0.0000     2.0049     4.6711     3.4548     0.0000     0.0354     0.1185          1 0.0000e+00
   1945.229   1275.641   1260.322     4.2358     4.2345   3.331469   3.331608    34.9783    34.9814     2.0113  258.08920     0.0000     0.0000     2.0045     4.6707     3.4744     0.0000     0.0354     0.1183          1 0.0000e+00
   1945.729   1275.227   1259.917     4.2407     4.2383   3.331948   3.332066    34.9790    34.9829     2.0109  257.91142     0.0000     0.0000     2.0041     4.6709     3.4914     0.0000     0.0354     0.1150          1 0.0000e+00
   1946.229   1274.809   1259.498     4.2431     4.2452   3.332232   3.332621    34.9801    34.9824     2.0105  257.57040     0.0000     0.0000     2.0037     4.6707     3.5118     0.0000     0.0354     0.1149          1 0.0000e+00
   1946.729   1274.393   1259.093     4.2480     4.2458   3.332605   3.332732    34.9795    34.9834     2.0104  257.48999     0.0000     0.0000     2.0036     4.6706     3.5335     0.0000     0.0351     0.1150          1 0.0000e+00
   1947.229   1273.978   1258.683     4.2518     4.2534   3.332974   3.333454    34.9801    34.9840     2.0094  257.17814     0.0000     0.0000     2.0025     4.6701     3.5501     0.0000     0.0349     0.1151          1 0.0000e+00
   1947.729   1273.561   1258.272     4.2559     4.2532   3.333335   3.333458    34.9803    34.9847     2.0089  256.95670     0.0000     0.0000     2.0020     4.6702     3.5711     0.0000     0.0363     0.1166          1 0.0000e+00
   1948.229   1273.134   1257.857     4.2535     4.2578   3.333094   3.333863    34.9805    34.9848     2.0090  256.93720     0.0000     0.0000     2.0021     4.6707     3.5903     0.0000     0.0366     0.1166          1 0.0000e+00
   1948.729   1272.699   1257.422     4.2599     4.2580   3.333695   3.333962    34.9810    34.9861     2.0092  257.21501     0.0000     0.0000     2.0023     4.6702     3.6103     0.0000     0.0351     0.1155          1 0.0000e+00
   1949.229   1272.248   1256.977     4.2611     4.2611   3.333758   3.334137    34.9808    34.9852     2.0092  257.51869     0.0000     0.0000     2.0023     4.6699     3.6315     0.0000     0.0345     0.1151          1 0.0000e+00
   1949.729   1271.799   1256.538     4.2621     4.2625   3.333841   3.334319    34.9810    34.9862     2.0093  257.68213     0.0000     0.0000     2.0024     4.6702     3.6519     0.0000     0.0343     0.1168          1 0.0000e+00
   1950.229   1271.351   1256.097     4.2614     4.2631   3.333773   3.334371    34.9813    34.9865     2.0093  257.62068     0.0000     0.0000     2.0024     4.6703     3.6750     0.0000     0.0342     0.1184          1 0.0000e+00
   1950.729   1270.911   1255.659     4.2644     4.2633   3.334026   3.334376    34.9814    34.9867     2.0095  257.61199     0.0000     0.0000     2.0026     4.6704     3.6972     0.0000     0.0342     0.1169          1 0.0000e+00
   1951.229   1270.492   1255.243     4.2699     4.2674   3.334554   3.334656    34.9819    34.9859     2.0093  257.50656     0.0000     0.0000     2.0024     4.6700     3.7175     0.0000     0.0342     0.1148          1 0.0000e+00
   1951.729   1270.107   1254.872     4.2704     4.2778   3.334517   3.335583    34.9813    34.9858     2.0085  257.14808     0.0000     0.0000     2.0016     4.6705     3.7335     0.0000     0.0342     0.1153          1 0.0000e+00
   1952.229   1269.742   1254.508     4.2782     4.2774   3.335392   3.335640    34.9834    34.9872     2.0080  256.62103     0.0000     0.0000     2.0011     4.6703     3.7515     0.0000     0.0342     0.1168          1 0.0000e+00
   1952.729   1269.411   1254.179     4.2986     4.2862   3.337228   3.336249    34.9831    34.9851     2.0073  256.13890     0.0000     0.0000     2.0005     4.6699     3.7710     0.0000     0.0342     0.1164          1 0.0000e+00
   1953.229   1269.112   1253.885     4.3085     4.3064   3.338076   3.338044    34.9827    34.9846     2.0078  256.30077     0.0000     0.0000     2.0009     4.6702     3.7852     0.0000     0.0342     0.1148          1 0.0000e+00
   1953.729   1268.846   1253.629     4.3017     4.3072   3.337388   3.338415    34.9822    34.9882     2.0081  256.85673     0.0000     0.0000     2.0012     4.6698     3.7995     0.0000     0.0342     0.1148          1 0.0000e+00
   1954.229   1268.598   1253.385     4.3055     4.2984   3.337875   3.337908    34.9841    34.9921     2.0081  257.11311     0.0000     0.0000     2.0012     4.6701     3.8103     0.0000     0.0342     0.1148          1 0.0000e+00
   1954.729   1268.357   1253.152     4.3143     4.2857   3.338524   3.336763    34.9824    34.9927     2.0083  257.14133     0.0000     0.0000     2.0014     4.6702     3.8223     0.0000     0.0342     0.1149          1 0.0000e+00
   1955.229   1268.099   1252.892     4.3182     4.3003   3.339091   3.337653    34.9851    34.9876     2.0084  257.06511     0.0000     0.0000     2.0015     4.6697     3.8343     0.0000     0.0353     0.1171          1 0.0000e+00
   1955.729   1267.795   1252.598     4.3100     4.3099   3.338344   3.338471    34.9856    34.9870     2.0089  257.20254     0.0000     0.0000     2.0020     4.6698     3.8456     0.0000     0.0354     0.1173          1 0.0000e+00
   1956.229   1267.444   1252.252     4.3223     4.3161   3.339581   3.339119    34.9870    34.9882     2.0084  256.99191     0.0000     0.0000     2.0015     4.6700     3.8612     0.0000     0.0342     0.1170          1 0.0000e+00
   1956.729   1267.057   1251.864     4.3222     4.3303   3.339359   3.340329    34.9849    34.9873     2.0086  256.90161     0.0000     0.0000     2.0017     4.6696     3.8776     0.0000     0.0340     0.1168          1 0.0000e+00
   1957.229   1266.622   1251.443     4.3416     4.3391   3.341343   3.341176    34.9874    34.9881     2.0090  256.79578     0.0000     0.0000     2.0021     4.6700     3.8981     0.0000     0.0341     0.1168          1 0.0000e+00
   1957.729   1266.159   1250.981     4.3291     4.3594   3.339925   3.342946    34.9847    34.9872     2.0091  257.00578     0.0000     0.0000     2.0022     4.6696     3.9203     0.0000     0.0335     0.1170          1 0.0000e+00
   1958.229   1265.688   1250.520     4.3568     4.3645   3.342702   3.343650    34.9876    34.9904     2.0091  256.91361     0.0000     0.0000     2.0022     4.6694     3.9426     0.0000     0.0343     0.1157          1 0.0000e+00
   1958.729   1265.204   1250.036     4.3662     4.3662   3.343485   3.343842    34.9870    34.9912     2.0093  256.83779     0.0000     0.0000     2.0024     4.6698     3.9641     0.0000     0.0352     0.1148          1 0.0000e+00
   1959.229   1264.751   1249.593     4.3673     4.3693   3.343588   3.344109    34.9874    34.9914     2.0091  256.59790     0.0000     0.0000     2.0022     4.6695     3.9856     0.0000     0.0351     0.1156          1 0.0000e+00
   1959.729   1264.320   1249.166     4.3702     4.3733   3.343849   3.344473    34.9878    34.9917     2.0093  256.55111     0.0000     0.0000     2.0024     4.6693     4.0056     0.0000     0.0348     0.1168          1 0.0000e+00
   1960.229   1263.912   1248.770     4.3692     4.3747   3.343743   3.344653    34.9880    34.9927     2.0094  256.60461     0.0000     0.0000     2.0025     4.6694     4.0278     0.0000     0.0342     0.1163          1 0.0000e+00
   1960.729   1263.525   1248.384     4.3732     4.3751   3.344111   3.344687    34.9882    34.9930     2.0093  256.57115     0.0000     0.0000     2.0024     4.6696     4.0450     0.0000     0.0330     0.1149          1 0.0000e+00
   1961.229   1263.148   1248.015     4.3754     4.3743   3.344320   3.344612    34.9887    34.9933     2.0094  256.53771     0.0000     0.0000     2.0024     4.6697     4.0641     0.0000     0.0336     0.1147          1 0.0000e+00
   1961.729   1262.778   1247.652     4.3811     4.3793   3.344854   3.345001    34.9891    34.9927     2.0089  256.26837     0.0000     0.0000     2.0019     4.6699     4.0806     0.0000     0.0365     0.1136          1 0.0000e+00
   1962.229   1262.400   1247.277     4.3837     4.3816   3.345029   3.345246    34.9887    34.9934     2.0083  255.86387     0.0000     0.0000     2.0014     4.6696     4.0992     0.0000     0.0361     0.1139          1 0.0000e+00
   1962.729   1262.020   1246.902     4.3851     4.3826   3.345165   3.345327    34.9890    34.9936     2.0077  255.56551     0.0000     0.0000     2.0008     4.6696     4.1183     0.0000     0.0328     0.1168          1 0.0000e+00
   1963.229   1261.634   1246.529     4.3856     4.3852   3.345210   3.345561    34.9893    34.9938     2.0076  255.44744     0.0000     0.0000     2.0007     4.6694     4.1332     0.0000     0.0325     0.1168          1 0.0000e+00
   1963.729   1261.260   1246.156     4.3919     4.3870   3.345825   3.345727    34.9900    34.9942     2.0077  255.70207     0.0000     0.0000     2.0008     4.6695     4.1523     0.0000     0.0341     0.1173          1 0.0000e+00
   1964.229   1260.895   1245.791     4.3932     4.3949   3.345859   3.346335    34.9894    34.9931     2.0074  255.76757     0.0000     0.0000     2.0005     4.6697     4.1703     0.0000     0.0342     0.1172          1 0.0000e+00
   1964.729   1260.530   1245.440     4.3965     4.3969   3.346201   3.346620    34.9901    34.9945     2.0072  255.76548     0.0000     0.0000     2.0003     4.6693     4.1884     0.0000     0.0322     0.1182          1 0.0000e+00
   1965.229   1260.158   1245.074     4.3998     4.3989   3.346488   3.346806    34.9901    34.9948     2.0070  255.56692     0.0000     0.0000     2.0001     4.6695     4.2079     0.0000     0.0317     0.1185          1 0.0000e+00
