odissea/cruise_data/ce25007/data/ctd/ce25007_027.cnv
* Sea-Bird SBE 9 Data File:
* FileName = C:\CE_CTD_Data\2025_CTD_Data\CE25007\CE25007_027.hdr
* Software Version Seasave V 7.26.7.121
* Temperature SN = 4382
* Conductivity SN = 2796
* Number of Bytes Per Scan = 40
* Number of Voltage Words = 5
* Number of Scans Averaged by the Deck Unit = 1
* NMEA Latitude = 54 30.09 N
* NMEA Longitude = 022 29.13 W
* NMEA UTC (Time) = May 16 2025 17:47:50
* NMEA baud rate = 4800
** Cruise: CE18001
** PSO: Caroline Cusack
** CTD operator:
** Technician:
** Cast No:
** Station:
** Event No:
** Sea state:
** Wind speed:
** Sounding depth
# nquan = 21
# nvalues = 1090                        
# units = specified
# name 0 = timeS: Time, Elapsed [seconds]
# name 1 = prDM: Pressure, Digiquartz [db]
# name 2 = depSM: Depth [salt water, m]
# name 3 = t090C: Temperature [ITS-90, deg C]
# name 4 = t190C: Temperature, 2 [ITS-90, deg C]
# name 5 = c0S/m: Conductivity [S/m]
# name 6 = c1S/m: Conductivity, 2 [S/m]
# name 7 = sal00: Salinity, Practical [PSU]
# name 8 = sal11: Salinity, Practical, 2 [PSU]
# name 9 = sbeox0V: Oxygen raw, SBE 43 [V]
# name 10 = sbeox0Mm/L: Oxygen, SBE 43 [umol/l]
# name 11 = v0: Voltage 0
# name 12 = v1: Voltage 1
# name 13 = v2: Voltage 2
# name 14 = v3: Voltage 3
# name 15 = v4: Voltage 4
# name 16 = v5: Voltage 5
# name 17 = v6: Voltage 6
# name 18 = v7: Voltage 7
# name 19 = pumps: Pump Status
# name 20 = flag: flag
# span 0 =      0.229,    544.667       
# span 1 =     -0.338,     13.410       
# span 2 =     -0.368,     13.313       
# span 3 =    11.6071,    14.5641       
# span 4 =    11.6035,    14.7122       
# span 5 =   0.054054,   4.267547       
# span 6 =   0.063836,   4.155831       
# span 7 =     0.3431,    35.9690       
# span 8 =     0.3918,    36.4709       
# span 9 =     2.1621,     2.9345       
# span 10 =  195.16519,  341.22023      
# span 11 =     0.0000,     0.0000      
# span 12 =     0.0000,     0.0000      
# span 13 =     2.1621,     2.9345      
# span 14 =     0.0036,     4.8495      
# span 15 =     0.0127,     4.9984      
# span 16 =     0.0000,     0.0000      
# span 17 =     0.0122,     0.3590      
# span 18 =     0.0586,     2.8239      
# span 19 =          0,          1      
# span 20 = 0.0000e+00, 0.0000e+00      
# interval = seconds: 0.5               
# start_time = May 16 2025 17:47:50 [NMEA time, header]
# bad_flag = -9.990e-29
*END*
[from data line 138]
     69.229     -0.269     -0.261    14.4989    14.6956   0.524111   0.096536     3.6058     0.6026     2.7839  319.19057     0.0000     0.0000     2.7839     4.8284     4.9977     0.0000     0.0220     0.0923          0 0.0000e+00
     69.729     -0.257     -0.264    14.5027    14.6970   0.549483   0.102955     3.7932     0.6443     2.7839  318.79596     0.0000     0.0000     2.7839     4.8292     4.9975     0.0000     0.0222     0.0927          0 0.0000e+00
     70.229     -0.238     -0.229    14.5077    14.6990   0.778541   0.139320     5.5133     0.8849     2.7837  315.37758     0.0000     0.0000     2.7837     4.8291     4.9978     0.0000     0.0220     0.0976          0 0.0000e+00
     70.729     -0.222     -0.219    14.5117    14.6987   2.109301   0.639914    16.1891     4.4711     2.7839  295.33109     0.0000     0.0000     2.7839     4.8303     4.9976     0.0000     0.0220     0.0976          0 0.0000e+00
     71.229     -0.210     -0.208    14.5146    14.6948   2.253833   1.519392    17.3981    11.2855     2.7833  292.98299     0.0000     0.0000     2.7833     4.8302     4.9976     0.0000     0.0208     0.0950          0 0.0000e+00
     71.729     -0.204     -0.205    14.5206    14.6872   2.700304   1.698718    21.2717    12.7266     2.7831  286.12363     0.0000     0.0000     2.7831     4.8308     4.9976     0.0000     0.0208     0.0949          0 0.0000e+00
     72.229     -0.206     -0.199    14.5243    14.6832   4.267547   1.465657    35.2073    10.8510     2.7828  262.33833     0.0000     0.0000     2.7828     4.8318     4.9976     0.0000     0.0239     0.0928          0 0.0000e+00
     72.729     -0.225     -0.224    14.5177    14.6860   4.146140   0.446712    34.1068     3.0616     2.7829  264.22105     0.0000     0.0000     2.7829     4.8321     4.9977     0.0000     0.0244     0.0925          0 0.0000e+00
     73.229     -0.246     -0.245    14.4908    14.6907   2.846532   0.170765    22.5003     1.0949     2.7828  283.99972     0.0000     0.0000     2.7828     4.8322     4.9977     0.0000     0.0225     0.0942          0 0.0000e+00
     73.729     -0.268     -0.267    14.4575    14.6896   0.945194   0.134385     6.9000     0.8514     2.7829  313.03737     0.0000     0.0000     2.7829     4.8322     4.9978     0.0000     0.0221     0.0947          0 0.0000e+00
     74.229     -0.284     -0.280    14.4479    14.6818   0.689595   0.122028     4.8423     0.7699     2.7828  316.94769     0.0000     0.0000     2.7828     4.8322     4.9977     0.0000     0.0223     0.0940          0 0.0000e+00
     74.729     -0.279     -0.276    14.4529    14.6769   0.640012   0.136777     4.4698     0.8679     2.7832  317.74814     0.0000     0.0000     2.7832     4.8315     4.9977     0.0000     0.0221     0.0937          0 0.0000e+00
     75.229     -0.259     -0.245    14.4638    14.6779   0.615841   0.219361     4.2893     1.4551     2.7834  318.09391     0.0000     0.0000     2.7834     4.8313     4.9976     0.0000     0.0256     0.0947          0 0.0000e+00
     75.729     -0.259     -0.272    14.4687    14.6761   0.784451   0.521656     5.5775     3.5836     2.7837  315.63253     0.0000     0.0000     2.7837     4.8297     4.9978     0.0000     0.0293     0.0961          0 0.0000e+00
     76.229     -0.236     -0.234    14.4727    14.6675   2.121182   0.403060    16.3060     2.7165     2.7821  295.15630     0.0000     0.0000     2.7821     4.8293     4.9977     0.0000     0.0267     0.0968          0 0.0000e+00
     76.729     -0.225     -0.222    14.4738    14.6554   2.193328   0.344488    16.9063     2.2985     2.7634  290.38946     0.0000     0.0000     2.7634     4.8299     4.9977     0.0000     0.0220     0.0975          0 0.0000e+00
     77.229     -0.223     -0.216    14.4730    14.6486   2.231994   0.380196    17.2328     2.5547     2.7255  280.67740     0.0000     0.0000     2.7255     4.8300     4.9978     0.0000     0.0220     0.0961          0 0.0000e+00
     77.729     -0.231     -0.232    14.4747    14.6476   2.261510   0.297176    17.4813     1.9673     2.6863  269.27056     0.0000     0.0000     2.6863     4.8307     4.9976     0.0000     0.0221     0.0913          0 0.0000e+00
     78.229     -0.231     -0.228    14.4718    14.6495   2.001703   0.321484    15.3097     2.1368     2.6568  265.24933     0.0000     0.0000     2.6568     4.8324     4.9976     0.0000     0.0219     0.0912          0 0.0000e+00
     78.729     -0.232     -0.231    14.4688    14.6517   1.115162   0.330900     8.1872     2.2031     2.6379  275.53398     0.0000     0.0000     2.6379     4.8319     4.9976     0.0000     0.0208     0.0912          0 0.0000e+00
     79.229     -0.231     -0.228    14.4715    14.6535   1.741967   0.348769    13.1848     2.3289     2.6282  269.67202     0.0000     0.0000     2.6282     4.8322     4.9977     0.0000     0.0208     0.0912          0 0.0000e+00
     79.729     -0.236     -0.235    14.4742    14.6549   0.987701   0.376353     7.2543     2.5269     2.6262  284.02806     0.0000     0.0000     2.6262     4.8313     4.9977     0.0000     0.0243     0.0974          0 0.0000e+00
     80.229     -0.227     -0.228    14.4724    14.6560   1.416376   0.362659    10.6297     2.4275     2.6289  282.25655     0.0000     0.0000     2.6289     4.8313     4.9977     0.0000     0.0243     0.0974          0 0.0000e+00
     80.729     -0.221     -0.221    14.4695    14.6560   1.737335   0.319709    13.1179     2.1233     2.6301  280.59977     0.0000     0.0000     2.6301     4.8310     4.9976     0.0000     0.0254     0.0976          0 0.0000e+00
     81.229     -0.213     -0.206    14.4576    14.6563   1.779864   0.320242    13.4699     2.1270     2.6210  279.15161     0.0000     0.0000     2.6210     4.8306     4.9977     0.0000     0.0256     0.0977          0 0.0000e+00
     81.729     -0.208     -0.217    14.4444    14.6566   1.814146   0.321225    13.7558     2.1339     2.6086  275.23181     0.0000     0.0000     2.6086     4.8297     4.9977     0.0000     0.0230     0.0953          0 0.0000e+00
     82.229     -0.174     -0.255    14.4368    14.6571   1.877341   0.432191    14.2830     2.9297     2.6037  271.90650     0.0000     0.0000     2.6037     4.8297     4.9976     0.0000     0.0221     0.0947          0 0.0000e+00
     82.729     -0.245     -0.259    14.4347    14.6589   1.908976   0.414652    14.5467     2.8011     2.6077  272.54568     0.0000     0.0000     2.6077     4.8297     4.9976     0.0000     0.0254     0.0967          0 0.0000e+00
     83.229     -0.238     -0.233    14.4339    14.6597   2.036403   0.343789    15.6065     2.2982     2.6159  274.61513     0.0000     0.0000     2.6159     4.8302     4.9976     0.0000     0.0269     0.0980          0 0.0000e+00
     83.729     -0.228     -0.220    14.4371    14.6589   2.047560   0.336647    15.6982     2.2466     2.6202  277.31410     0.0000     0.0000     2.6202     4.8306     4.9975     0.0000     0.0238     0.0941          0 0.0000e+00
     84.229     -0.236     -0.231    14.4201    14.6586   2.002830   0.255179    15.3315     1.6738     2.6235  279.01261     0.0000     0.0000     2.6235     4.8306     4.9976     0.0000     0.0208     0.0900          0 0.0000e+00
     84.729     -0.243     -0.244    14.3993    14.6593   1.969962   0.224070    15.0657     1.4584     2.6284  279.79076     0.0000     0.0000     2.6284     4.8304     4.9976     0.0000     0.0221     0.0923          0 0.0000e+00
     85.229     -0.235     -0.231    14.3982    14.6595   1.999508   0.257831    15.3126     1.6908     2.6345  280.06650     0.0000     0.0000     2.6345     4.8307     4.9978     0.0000     0.0244     0.0961          0 0.0000e+00
     85.729     -0.231     -0.230    14.3922    14.6591   1.987087   0.234790    15.2113     1.5321     2.6415  281.65503     0.0000     0.0000     2.6415     4.8310     4.9976     0.0000     0.0235     0.0962          0 0.0000e+00
     86.229     -0.228     -0.235    14.3907    14.6590   1.988596   0.240213    15.2244     1.5691     2.6489  283.06500     0.0000     0.0000     2.6489     4.8306     4.9976     0.0000     0.0208     0.0977          0 0.0000e+00
     86.729     -0.229     -0.214    14.3862    14.6588   1.974416   0.225999    15.1078     1.4713     2.6561  284.49573     0.0000     0.0000     2.6561     4.8308     4.9976     0.0000     0.0214     0.0977          0 0.0000e+00
     87.229     -0.235     -0.235    14.3785    14.6587   1.953851   0.218188    14.9393     1.4177     2.6624  285.69375     0.0000     0.0000     2.6624     4.8310     4.9976     0.0000     0.0256     0.0983          0 0.0000e+00
     87.729     -0.237     -0.238    14.3805    14.6583   1.953611   0.228691    14.9364     1.4897     2.6688  286.40022     0.0000     0.0000     2.6688     4.8311     4.9977     0.0000     0.0256     0.0984          0 0.0000e+00
     88.229     -0.226     -0.222    14.3825    14.6576   1.971726   0.246649    15.0866     1.6135     2.6739  286.56149     0.0000     0.0000     2.6739     4.8315     4.9977     0.0000     0.0244     0.0957          0 0.0000e+00
     88.729     -0.221     -0.220    14.3865    14.6569   1.981055   0.253626    15.1627     1.6618     2.6789  286.78804     0.0000     0.0000     2.6789     4.8313     4.9977     0.0000     0.0244     0.0960          0 0.0000e+00
     89.229     -0.223     -0.219    14.3822    14.6562   1.973308   0.234968    15.0998     1.5330     2.6827  287.12761     0.0000     0.0000     2.6827     4.8316     4.9977     0.0000     0.0243     0.0982          0 0.0000e+00
     89.729     -0.225     -0.225    14.3752    14.6555   1.975063   0.264891    15.1172     1.7400     2.6863  287.33133     0.0000     0.0000     2.6863     4.8322     4.9977     0.0000     0.0244     0.0983          0 0.0000e+00
     90.229     -0.226     -0.228    14.3665    14.6545   1.977038   0.255495    15.1372     1.6750     2.6897  287.55079     0.0000     0.0000     2.6897     4.8320     4.9976     0.0000     0.0280     0.0966          0 0.0000e+00
     90.729     -0.218     -0.214    14.3635    14.6534   1.994546   0.285174    15.2846     1.8814     2.6925  287.47405     0.0000     0.0000     2.6925     4.8321     4.9976     0.0000     0.0293     0.0962          0 0.0000e+00
     91.229     -0.215     -0.212    14.3535    14.6522   1.992267   0.288178    15.2696     1.9026     2.6953  287.77423     0.0000     0.0000     2.6953     4.8325     4.9977     0.0000     0.0260     0.0970          0 0.0000e+00
     91.729     -0.222     -0.219    14.3119    14.6512   1.962069   0.243901    15.0344     1.5954     2.6971  288.51717     0.0000     0.0000     2.6971     4.8326     4.9977     0.0000     0.0244     0.0977          0 0.0000e+00
     92.229     -0.235     -0.230    14.2578    14.6501   1.927340   0.218488    14.7664     1.4202     2.6993  289.46724     0.0000     0.0000     2.6993     4.8328     4.9976     0.0000     0.0218     0.0977          0 0.0000e+00
     92.729     -0.239     -0.238    14.2005    14.6489   1.920377   0.237457    14.7313     1.5506     2.7012  289.99039     0.0000     0.0000     2.7012     4.8329     4.9980     0.0000     0.0195     0.0977          0 0.0000e+00
     93.229     -0.235     -0.235    14.1469    14.6479   1.912505   0.290700    14.6866     1.9241     2.7028  290.55491     0.0000     0.0000     2.7028     4.8331     4.9976     0.0000     0.0218     0.0956          0 0.0000e+00
     93.729     -0.234     -0.233    14.0657    14.6467   1.845317   0.179464    14.1568     1.1556     2.7049  292.23901     0.0000     0.0000     2.7049     4.8337     4.9977     0.0000     0.0256     0.0927          0 0.0000e+00
     94.229     -0.239     -0.240    14.0059    14.6443   1.771722   0.147740    13.5653     0.9414     2.7061  293.79330     0.0000     0.0000     2.7061     4.8342     4.9977     0.0000     0.0247     0.0939          0 0.0000e+00
     94.729     -0.220     -0.203    13.9485    14.6418   1.790368   0.138361    13.7429     0.8790     2.7071  293.84996     0.0000     0.0000     2.7071     4.8342     4.9980     0.0000     0.0221     0.0981          0 0.0000e+00
     95.229     -0.245     -0.254    13.9095    14.6397   1.611077   0.147166    12.2755     0.9379     2.7082  296.81210     0.0000     0.0000     2.7082     4.8344     4.9978     0.0000     0.0226     0.0978          0 0.0000e+00
     95.729     -0.242     -0.242    13.8746    14.6389   1.806320   0.151084    13.9025     0.9639     2.7092  294.06979     0.0000     0.0000     2.7092     4.8350     4.9977     0.0000     0.0269     0.0959          0 0.0000e+00
     96.229     -0.230     -0.226    13.8354    14.6350   1.848575   0.160231    14.2713     1.0260     2.7106  293.83846     0.0000     0.0000     2.7106     4.8351     4.9980     0.0000     0.0269     0.0960          0 0.0000e+00
     96.729     -0.219     -0.215    13.7941    14.6301   1.859400   0.166880    14.3779     1.0706     2.7116  294.08299     0.0000     0.0000     2.7116     4.8346     4.9978     0.0000     0.0269     0.0925          0 0.0000e+00
     97.229     -0.211     -0.207    13.7410    14.6199   1.861487   0.175246    14.4161     1.1290     2.7129  294.52320     0.0000     0.0000     2.7129     4.8344     4.9977     0.0000     0.0271     0.0926          0 0.0000e+00
     97.729     -0.215     -0.214    13.6883    14.6158   1.914116   0.285945    14.8810     1.9057     2.7143  294.21018     0.0000     0.0000     2.7143     4.8346     4.9978     0.0000     0.0247     0.0986          0 0.0000e+00
     98.229     -0.218     -0.217    13.6399    14.6085   1.903424   0.280249    14.8095     1.8530     2.7157  294.85285     0.0000     0.0000     2.7157     4.8354     4.9976     0.0000     0.0244     0.0994          0 0.0000e+00
     98.729     -0.221     -0.219    13.5899    14.5960   1.927737   0.229853    15.0355     1.5010     2.7170  294.97489     0.0000     0.0000     2.7170     4.8353     4.9976     0.0000     0.0197     0.0904          0 0.0000e+00
     99.229     -0.211     -0.209    13.5292    14.5898   1.929574   0.439209    15.0754     3.0010     2.7182  295.44833     0.0000     0.0000     2.7182     4.8356     4.9976     0.0000     0.0183     0.0879          0 0.0000e+00
     99.729     -0.208     -0.204    13.4858    14.5790   1.916959   0.288951    14.9853     1.9125     2.7195  295.99840     0.0000     0.0000     2.7195     4.8357     4.9976     0.0000     0.0222     0.0932          0 0.0000e+00
    100.229     -0.209     -0.210    13.4477    14.5665   1.924049   0.293890    15.0605     1.9496     2.7207  296.22885     0.0000     0.0000     2.7207     4.8357     4.9975     0.0000     0.0244     0.0962          0 0.0000e+00
    100.729     -0.217     -0.209    13.4044    14.5588   1.929276   0.759516    15.1223     5.3925     2.7222  296.60857     0.0000     0.0000     2.7222     4.8364     4.9977     0.0000     0.0226     0.0931          0 0.0000e+00
    101.229     -0.228     -0.230    13.3771    14.5574   1.921080   0.866804    15.0629     6.2451     2.7229  297.00074     0.0000     0.0000     2.7229     4.8368     4.9976     0.0000     0.0208     0.0913          0 0.0000e+00
    101.729     -0.222     -0.223    13.3408    14.5319   1.904595   0.821934    14.9364     5.9188     2.7244  297.61112     0.0000     0.0000     2.7244     4.8369     4.9978     0.0000     0.0213     0.0946          0 0.0000e+00
    102.229     -0.220     -0.216    13.3130    14.4950   1.940893   0.599160    15.2575     4.1887     2.7249  297.20513     0.0000     0.0000     2.7249     4.8369     4.9977     0.0000     0.0220     0.0997          0 0.0000e+00
    102.729     -0.218     -0.214    13.2920    14.4578   1.939403   0.594885    15.2526     4.1513     2.7257  297.36784     0.0000     0.0000     2.7257     4.8374     4.9977     0.0000     0.0214     0.0983          0 0.0000e+00
