odissea/cruise_data/ce25007/data/ctd/ce25007_001.cnv
* Sea-Bird SBE 9 Data File:
* FileName = C:\CE_CTD_Data\2025_CTD_Data\CE25007\CE25007_001.hdr
* Software Version Seasave V 7.26.7.121
* Temperature SN = 4382
* Conductivity SN = 2796
* Number of Bytes Per Scan = 40
* Number of Voltage Words = 5
* Number of Scans Averaged by the Deck Unit = 1
* NMEA Latitude = 53 00.15 N
* NMEA Longitude = 014 14.00 W
* NMEA UTC (Time) = May 09 2025 18:33:44
* NMEA baud rate = 4800
** Cruise: CE18001
** PSO: Caroline Cusack
** CTD operator:
** Technician:
** Cast No:
** Station:
** Event No:
** Sea state:
** Wind speed:
** Sounding depth
# nquan = 21
# nvalues = 3149                        
# units = specified
# name 0 = timeS: Time, Elapsed [seconds]
# name 1 = prDM: Pressure, Digiquartz [db]
# name 2 = depSM: Depth [salt water, m]
# name 3 = t090C: Temperature [ITS-90, deg C]
# name 4 = t190C: Temperature, 2 [ITS-90, deg C]
# name 5 = c0S/m: Conductivity [S/m]
# name 6 = c1S/m: Conductivity, 2 [S/m]
# name 7 = sal00: Salinity, Practical [PSU]
# name 8 = sal11: Salinity, Practical, 2 [PSU]
# name 9 = sbeox0V: Oxygen raw, SBE 43 [V]
# name 10 = sbeox0Mm/L: Oxygen, SBE 43 [umol/l]
# name 11 = v0: Voltage 0
# name 12 = v1: Voltage 1
# name 13 = v2: Voltage 2
# name 14 = v3: Voltage 3
# name 15 = v4: Voltage 4
# name 16 = v5: Voltage 5
# name 17 = v6: Voltage 6
# name 18 = v7: Voltage 7
# name 19 = pumps: Pump Status
# name 20 = flag: flag
# span 0 =      0.229,   1574.042       
# span 1 =     -0.341,    210.448       
# span 2 =     -0.390,    208.490       
# span 3 =    10.8190,    15.8480       
# span 4 =    10.8188,    15.9034       
# span 5 =   0.011668,   4.222864       
# span 6 =   0.000461,   4.215862       
# span 7 =     0.0659,    35.6350       
# span 8 =     0.0110,    35.5313       
# span 9 =     2.1863,     3.0822       
# span 10 =  189.85677,  361.12773      
# span 11 =     0.0000,     0.0000      
# span 12 =     0.0000,     0.0000      
# span 13 =     2.1863,     3.0813      
# span 14 =     0.4664,     4.7567      
# span 15 =     0.0411,     4.9977      
# span 16 =     0.0000,     0.0000      
# span 17 =     0.0073,     4.9302      
# span 18 =     0.0074,     4.9521      
# span 19 =          0,          1      
# span 20 = 0.0000e+00, 0.0000e+00      
# interval = seconds: 0.5               
# start_time = May 09 2025 18:33:44 [NMEA time, header]
# bad_flag = -9.990e-29
*END*
[from data line 828]
    414.229    179.995    178.324    10.8373    10.8370   3.943872   3.944459    35.4746    35.4808     2.4803  250.13145     0.0000     0.0000     2.4804     4.7164     1.9303     0.0000     0.0368     0.1156          1 0.0000e+00
    414.729    180.491    178.819    10.8363    10.8346   3.943776   3.944233    35.4744    35.4806     2.4781  249.71386     0.0000     0.0000     2.4781     4.7157     1.9047     0.0000     0.0366     0.1163          1 0.0000e+00
    415.229    180.974    179.298    10.8327    10.8324   3.943448   3.944007    35.4743    35.4803     2.4766  249.39178     0.0000     0.0000     2.4766     4.7136     1.8820     0.0000     0.0367     0.1182          1 0.0000e+00
    415.729    181.454    179.769    10.8315    10.8309   3.943339   3.943889    35.4742    35.4803     2.4752  249.23536     0.0000     0.0000     2.4753     4.7101     1.8619     0.0000     0.0367     0.1183          1 0.0000e+00
    416.229    181.952    180.264    10.8301    10.8301   3.943235   3.943840    35.4743    35.4804     2.4735  249.10409     0.0000     0.0000     2.4735     4.7040     1.8363     0.0000     0.0356     0.1196          1 0.0000e+00
    416.729    182.465    180.771    10.8299    10.8295   3.943216   3.943795    35.4741    35.4802     2.4716  248.90614     0.0000     0.0000     2.4716     4.6997     1.8121     0.0000     0.0356     0.1197          1 0.0000e+00
    417.229    182.981    181.285    10.8291    10.8287   3.943155   3.943729    35.4740    35.4801     2.4698  248.61563     0.0000     0.0000     2.4698     4.6974     1.7891     0.0000     0.0366     0.1205          1 0.0000e+00
    417.729    183.474    181.771    10.8285    10.8288   3.943118   3.943744    35.4739    35.4799     2.4686  248.46382     0.0000     0.0000     2.4687     4.6962     1.7649     0.0000     0.0366     0.1206          1 0.0000e+00
    418.229    183.947    182.241    10.8265    10.8265   3.942964   3.943566    35.4740    35.4802     2.4677  248.50473     0.0000     0.0000     2.4677     4.6951     1.7423     0.0000     0.0381     0.1217          1 0.0000e+00
    418.729    184.398    182.689    10.8265    10.8259   3.942989   3.943549    35.4741    35.4803     2.4665  248.53879     0.0000     0.0000     2.4665     4.6924     1.7211     0.0000     0.0383     0.1221          1 0.0000e+00
    419.229    184.843    183.124    10.8266    10.8261   3.942998   3.943563    35.4739    35.4800     2.4661  248.63031     0.0000     0.0000     2.4661     4.6924     1.7002     0.0000     0.0362     0.1221          1 0.0000e+00
    419.729    185.298    183.577    10.8261    10.8259   3.942993   3.943567    35.4741    35.4800     2.4651  248.56453     0.0000     0.0000     2.4651     4.6926     1.6791     0.0000     0.0354     0.1221          1 0.0000e+00
    420.229    185.779    184.049    10.8257    10.8256   3.942969   3.943589    35.4739    35.4802     2.4640  248.45332     0.0000     0.0000     2.4641     4.6925     1.6567     0.0000     0.0362     0.1240          1 0.0000e+00
    420.729    186.285    184.555    10.8247    10.8258   3.942913   3.943620    35.4742    35.4802     2.4636  248.43769     0.0000     0.0000     2.4637     4.6903     1.6334     0.0000     0.0366     0.1252          1 0.0000e+00
    421.229    186.808    185.069    10.8236    10.8237   3.942832   3.943463    35.4741    35.4803     2.4622  248.26442     0.0000     0.0000     2.4623     4.6824     1.6096     0.0000     0.0384     0.1260          1 0.0000e+00
    421.729    187.358    185.617    10.8228    10.8224   3.942773   3.943354    35.4741    35.4803     2.4615  248.15099     0.0000     0.0000     2.4615     4.6800     1.5834     0.0000     0.0403     0.1270          1 0.0000e+00
    422.229    187.921    186.172    10.8213    10.8211   3.942663   3.943251    35.4742    35.4803     2.4615  248.24071     0.0000     0.0000     2.4615     4.6785     1.5574     0.0000     0.0399     0.1270          1 0.0000e+00
    422.729    188.493    186.744    10.8205    10.8196   3.942600   3.943135    35.4741    35.4803     2.4606  248.25902     0.0000     0.0000     2.4606     4.6752     1.5291     0.0000     0.0391     0.1278          1 0.0000e+00
    423.229    189.044    187.290    10.8199    10.8192   3.942575   3.943129    35.4741    35.4803     2.4598  248.20910     0.0000     0.0000     2.4598     4.6743     1.5037     0.0000     0.0384     0.1277          1 0.0000e+00
    423.729    189.575    187.815    10.8195    10.8193   3.942558   3.943163    35.4741    35.4803     2.4587  247.95564     0.0000     0.0000     2.4587     4.6745     1.4776     0.0000     0.0354     0.1289          1 0.0000e+00
    424.229    190.083    188.318    10.8195    10.8194   3.942583   3.943189    35.4740    35.4803     2.4578  247.76793     0.0000     0.0000     2.4579     4.6710     1.4541     0.0000     0.0358     0.1291          1 0.0000e+00
    424.729    190.576    188.805    10.8197    10.8194   3.942618   3.943210    35.4739    35.4802     2.4570  247.73520     0.0000     0.0000     2.4571     4.6675     1.4307     0.0000     0.0391     0.1321          1 0.0000e+00
    425.229    191.047    189.273    10.8196    10.8195   3.942626   3.943242    35.4739    35.4802     2.4564  247.68900     0.0000     0.0000     2.4565     4.6642     1.4081     0.0000     0.0391     0.1321          1 0.0000e+00
    425.729    191.499    189.720    10.8196    10.8194   3.942663   3.943260    35.4740    35.4802     2.4557  247.67047     0.0000     0.0000     2.4557     4.6626     1.3849     0.0000     0.0367     0.1314          1 0.0000e+00
    426.229    191.932    190.146    10.8196    10.8195   3.942683   3.943275    35.4740    35.4801     2.4557  247.72284     0.0000     0.0000     2.4557     4.6585     1.3634     0.0000     0.0366     0.1311          1 0.0000e+00
    426.729    192.347    190.560    10.8197    10.8196   3.942706   3.943308    35.4740    35.4801     2.4557  247.88848     0.0000     0.0000     2.4557     4.6557     1.3438     0.0000     0.0378     0.1331          1 0.0000e+00
    427.229    192.763    190.968    10.8197    10.8196   3.942735   3.943325    35.4741    35.4800     2.4561  248.13164     0.0000     0.0000     2.4562     4.6517     1.3253     0.0000     0.0380     0.1336          1 0.0000e+00
    427.729    193.202    191.400    10.8198    10.8196   3.942753   3.943353    35.4739    35.4802     2.4554  248.11416     0.0000     0.0000     2.4554     4.6489     1.3030     0.0000     0.0389     0.1342          1 0.0000e+00
    428.229    193.664    191.857    10.8200    10.8197   3.942801   3.943383    35.4740    35.4801     2.4549  247.93102     0.0000     0.0000     2.4549     4.6468     1.2851     0.0000     0.0391     0.1347          1 0.0000e+00
    428.729    194.158    192.351    10.8202    10.8198   3.942836   3.943413    35.4739    35.4801     2.4546  247.77156     0.0000     0.0000     2.4546     4.6405     1.2595     0.0000     0.0378     0.1357          1 0.0000e+00
    429.229    194.687    192.875    10.8200    10.8199   3.942852   3.943455    35.4740    35.4801     2.4550  247.86913     0.0000     0.0000     2.4550     4.6400     1.2356     0.0000     0.0366     0.1368          1 0.0000e+00
    429.729    195.248    193.426    10.8203    10.8201   3.942901   3.943487    35.4739    35.4800     2.4552  248.10009     0.0000     0.0000     2.4552     4.6389     1.2108     0.0000     0.0366     0.1378          1 0.0000e+00
    430.229    195.828    194.006    10.8203    10.8200   3.942930   3.943497    35.4739    35.4799     2.4554  248.25792     0.0000     0.0000     2.4554     4.6381     1.1825     0.0000     0.0366     0.1392          1 0.0000e+00
    430.729    196.431    194.598    10.8199    10.8195   3.942918   3.943483    35.4740    35.4800     2.4553  248.27189     0.0000     0.0000     2.4553     4.6374     1.1550     0.0000     0.0370     0.1387          1 0.0000e+00
    431.229    197.045    195.213    10.8198    10.8192   3.942935   3.943497    35.4739    35.4801     2.4548  248.11244     0.0000     0.0000     2.4548     4.6364     1.1241     0.0000     0.0387     0.1373          1 0.0000e+00
    431.729    197.633    195.793    10.8204    10.8193   3.943028   3.943531    35.4740    35.4800     2.4540  247.85705     0.0000     0.0000     2.4540     4.6366     1.0959     0.0000     0.0382     0.1363          1 0.0000e+00
    432.229    198.186    196.340    10.8206    10.8202   3.943059   3.943637    35.4738    35.4800     2.4532  247.59523     0.0000     0.0000     2.4532     4.6370     1.0702     0.0000     0.0366     0.1336          1 0.0000e+00
    432.729    198.687    196.846    10.8200    10.8195   3.943016   3.943589    35.4737    35.4800     2.4530  247.55889     0.0000     0.0000     2.4530     4.6364     1.0456     0.0000     0.0366     0.1335          1 0.0000e+00
    433.229    199.146    197.292    10.8198    10.8195   3.943011   3.943606    35.4737    35.4799     2.4532  247.74605     0.0000     0.0000     2.4532     4.6368     1.0221     0.0000     0.0366     0.1346          1 0.0000e+00
    433.729    199.568    197.710    10.8201    10.8202   3.943081   3.943698    35.4738    35.4800     2.4536  248.01044     0.0000     0.0000     2.4536     4.6341     1.0015     0.0000     0.0366     0.1346          1 0.0000e+00
    434.229    199.978    198.112    10.8203    10.8202   3.943098   3.943705    35.4737    35.4798     2.4538  248.20911     0.0000     0.0000     2.4538     4.6336     0.9820     0.0000     0.0355     0.1374          1 0.0000e+00
    434.729    200.403    198.535    10.8206    10.8204   3.943160   3.943752    35.4738    35.4799     2.4538  248.19089     0.0000     0.0000     2.4538     4.6327     0.9623     0.0000     0.0354     0.1370          1 0.0000e+00
    435.229    200.833    198.963    10.8206    10.8205   3.943176   3.943784    35.4738    35.4800     2.4537  248.13386     0.0000     0.0000     2.4537     4.6339     0.9413     0.0000     0.0381     0.1365          1 0.0000e+00
    435.729    201.243    199.364    10.8207    10.8205   3.943214   3.943807    35.4739    35.4800     2.4538  248.12330     0.0000     0.0000     2.4538     4.6343     0.9211     0.0000     0.0385     0.1366          1 0.0000e+00
    436.229    201.633    199.755    10.8209    10.8207   3.943245   3.943851    35.4738    35.4800     2.4531  248.00813     0.0000     0.0000     2.4531     4.6344     0.9021     0.0000     0.0373     0.1365          1 0.0000e+00
    436.729    202.002    200.125    10.8213    10.8210   3.943299   3.943896    35.4738    35.4800     2.4530  247.88676     0.0000     0.0000     2.4530     4.6345     0.8854     0.0000     0.0366     0.1368          1 0.0000e+00
    437.229    202.343    200.455    10.8213    10.8211   3.943316   3.943913    35.4738    35.4799     2.4524  247.75651     0.0000     0.0000     2.4524     4.6334     0.8671     0.0000     0.0359     0.1367          1 0.0000e+00
    437.729    202.672    200.787    10.8214    10.8212   3.943333   3.943928    35.4737    35.4798     2.4519  247.66788     0.0000     0.0000     2.4519     4.6333     0.8510     0.0000     0.0354     0.1365          1 0.0000e+00
    438.229    202.997    201.100    10.8214    10.8212   3.943344   3.943944    35.4737    35.4798     2.4518  247.69524     0.0000     0.0000     2.4518     4.6327     0.8358     0.0000     0.0354     0.1363          1 0.0000e+00
    438.729    203.349    201.449    10.8215    10.8213   3.943363   3.943969    35.4736    35.4798     2.4518  247.75542     0.0000     0.0000     2.4518     4.6319     0.8202     0.0000     0.0354     0.1365          1 0.0000e+00
    439.229    203.733    201.828    10.8215    10.8214   3.943389   3.944003    35.4736    35.4800     2.4518  247.86647     0.0000     0.0000     2.4518     4.6316     0.8041     0.0000     0.0356     0.1358          1 0.0000e+00
    439.729    204.151    202.247    10.8216    10.8214   3.943415   3.944008    35.4736    35.4798     2.4524  248.03965     0.0000     0.0000     2.4524     4.6321     0.7853     0.0000     0.0354     0.1333          1 0.0000e+00
    440.229    204.582    202.674    10.8216    10.8215   3.943436   3.944038    35.4736    35.4798     2.4527  248.20850     0.0000     0.0000     2.4527     4.6307     0.7656     0.0000     0.0357     0.1330          1 0.0000e+00
    440.729    204.994    203.076    10.8216    10.8215   3.943461   3.944062    35.4737    35.4799     2.4520  248.12529     0.0000     0.0000     2.4520     4.6295     0.7455     0.0000     0.0367     0.1323          1 0.0000e+00
    441.229    205.375    203.461    10.8217    10.8215   3.943482   3.944074    35.4736    35.4798     2.4522  248.05168     0.0000     0.0000     2.4522     4.6305     0.7258     0.0000     0.0368     0.1325          1 0.0000e+00
    441.729    205.714    203.813    10.8216    10.8216   3.943495   3.944102    35.4737    35.4798     2.4519  247.88207     0.0000     0.0000     2.4519     4.6309     0.7083     0.0000     0.0390     0.1364          1 0.0000e+00
    442.229    205.974    204.061    10.8218    10.8217   3.943538   3.944126    35.4738    35.4799     2.4518  247.88034     0.0000     0.0000     2.4518     4.6318     0.6926     0.0000     0.0390     0.1363          1 0.0000e+00
    442.729    206.126    204.211    10.8220    10.8218   3.943543   3.944135    35.4735    35.4798     2.4519  247.97615     0.0000     0.0000     2.4519     4.6301     0.6822     0.0000     0.0356     0.1370          1 0.0000e+00
    443.229    206.171    204.252    10.8221    10.8220   3.943559   3.944149    35.4737    35.4796     2.4519  248.00300     0.0000     0.0000     2.4519     4.6282     0.6767     0.0000     0.0356     0.1370          1 0.0000e+00
    443.729    206.139    204.214    10.8221    10.8219   3.943539   3.944152    35.4735    35.4798     2.4518  247.99341     0.0000     0.0000     2.4518     4.6290     0.6743     0.0000     0.0355     0.1366          1 0.0000e+00
    444.229    206.074    204.153    10.8221    10.8218   3.943518   3.944116    35.4733    35.4796     2.4519  248.00754     0.0000     0.0000     2.4519     4.6289     0.6762     0.0000     0.0355     0.1367          1 0.0000e+00
    444.729    206.004    204.086    10.8220    10.8217   3.943515   3.944112    35.4734    35.4797     2.4519  248.01799     0.0000     0.0000     2.4519     4.6280     0.6798     0.0000     0.0378     0.1367          1 0.0000e+00
    445.229    205.913    203.988    10.8221    10.8217   3.943516   3.944102    35.4733    35.4796     2.4518  247.99347     0.0000     0.0000     2.4518     4.6275     0.6836     0.0000     0.0391     0.1367          1 0.0000e+00
    445.729    205.803    203.884    10.8221    10.8218   3.943511   3.944122    35.4733    35.4798     2.4516  247.94501     0.0000     0.0000     2.4516     4.6271     0.6881     0.0000     0.0390     0.1367          1 0.0000e+00
    446.229    205.695    203.774    10.8220    10.8219   3.943512   3.944127    35.4735    35.4798     2.4507  247.73528     0.0000     0.0000     2.4507     4.6284     0.6934     0.0000     0.0389     0.1369          1 0.0000e+00
    446.729    205.599    203.677    10.8221    10.8219   3.943498   3.944109    35.4733    35.4797     2.4507  247.66013     0.0000     0.0000     2.4507     4.6288     0.6990     0.0000     0.0380     0.1370          1 0.0000e+00
    447.229    205.531    203.611    10.8220    10.8219   3.943493   3.944111    35.4733    35.4797     2.4510  247.72677     0.0000     0.0000     2.4510     4.6318     0.7033     0.0000     0.0366     0.1367          1 0.0000e+00
    447.729    205.507    203.586    10.8220    10.8218   3.943509   3.944093    35.4735    35.4796     2.4509  247.85091     0.0000     0.0000     2.4509     4.6307     0.7053     0.0000     0.0376     0.1379          1 0.0000e+00
