odissea/cruise_data/ce25007/data/ctd/ce25007_012.cnv
* Sea-Bird SBE 9 Data File:
* FileName = C:\CE_CTD_Data\2025_CTD_Data\CE25007\CE25007_012.hdr
* Software Version Seasave V 7.26.7.121
* Temperature SN = 4382
* Conductivity SN = 2796
* Number of Bytes Per Scan = 40
* Number of Voltage Words = 5
* Number of Scans Averaged by the Deck Unit = 1
* NMEA Latitude = 53 41.50 N
* NMEA Longitude = 016 35.12 W
* NMEA UTC (Time) = May 13 2025 23:44:20
* NMEA baud rate = 4800
** Cruise: CE18001
** PSO: Caroline Cusack
** CTD operator:
** Technician:
** Cast No:
** Station:
** Event No:
** Sea state:
** Wind speed:
** Sounding depth
# nquan = 21
# nvalues = 16917                       
# units = specified
# name 0 = timeS: Time, Elapsed [seconds]
# name 1 = prDM: Pressure, Digiquartz [db]
# name 2 = depSM: Depth [salt water, m]
# name 3 = t090C: Temperature [ITS-90, deg C]
# name 4 = t190C: Temperature, 2 [ITS-90, deg C]
# name 5 = c0S/m: Conductivity [S/m]
# name 6 = c1S/m: Conductivity, 2 [S/m]
# name 7 = sal00: Salinity, Practical [PSU]
# name 8 = sal11: Salinity, Practical, 2 [PSU]
# name 9 = sbeox0V: Oxygen raw, SBE 43 [V]
# name 10 = sbeox0Mm/L: Oxygen, SBE 43 [umol/l]
# name 11 = v0: Voltage 0
# name 12 = v1: Voltage 1
# name 13 = v2: Voltage 2
# name 14 = v3: Voltage 3
# name 15 = v4: Voltage 4
# name 16 = v5: Voltage 5
# name 17 = v6: Voltage 6
# name 18 = v7: Voltage 7
# name 19 = pumps: Pump Status
# name 20 = flag: flag
# span 0 =      0.229,   8458.167       
# span 1 =     -0.305,   2467.695       
# span 2 =     -0.336,   2431.446       
# span 3 =     2.5590,    15.1105       
# span 4 =     2.5575,    15.0953       
# span 5 =   0.017132,   4.234734       
# span 6 =   0.019792,   4.206497       
# span 7 =     0.1030,    35.8443       
# span 8 =     0.1207,    35.8681       
# span 9 =     1.6547,     2.8991       
# span 10 =  168.96267,  340.08503      
# span 11 =     0.0000,     0.0000      
# span 12 =     0.0000,     0.0000      
# span 13 =     1.6447,     2.8963      
# span 14 =     0.0036,     4.7805      
# span 15 =     0.0488,     4.9999      
# span 16 =     0.0000,     0.0000      
# span 17 =     0.0114,     0.8647      
# span 18 =     0.0911,     2.2248      
# span 19 =          0,          1      
# span 20 = 0.0000e+00, 0.0000e+00      
# interval = seconds: 0.5               
# start_time = May 13 2025 23:44:20 [NMEA time, header]
# bad_flag = -9.990e-29
*END*
[from data line 15242]
   7621.229    265.359    262.823    11.3742    11.3572   3.998751   3.997511    35.4647    35.4693     2.3608  236.50206     0.0000     0.0000     2.3503     4.7740     4.9986     0.0000     0.0301     0.1076          1 0.0000e+00
   7621.729    265.046    262.518    11.3730    11.3612   3.998627   3.998171    35.4648    35.4721     2.3615  236.20814     0.0000     0.0000     2.3510     4.7732     4.9987     0.0000     0.0293     0.1083          1 0.0000e+00
   7622.229    264.739    262.216    11.3734    11.3751   3.998650   3.999312    35.4649    35.4698     2.3621  236.03307     0.0000     0.0000     2.3516     4.7735     4.9983     0.0000     0.0295     0.1076          1 0.0000e+00
   7622.729    264.423    261.902    11.3739    11.3710   3.998600   3.998891    35.4641    35.4699     2.3626  235.98359     0.0000     0.0000     2.3521     4.7748     4.9985     0.0000     0.0305     0.1073          1 0.0000e+00
   7623.229    264.080    261.567    11.3740    11.3723   3.998606   3.999001    35.4642    35.4699     2.3615  235.63885     0.0000     0.0000     2.3510     4.7747     4.9987     0.0000     0.0304     0.1069          1 0.0000e+00
   7623.729    263.714    261.205    11.3743    11.3723   3.998591   3.998980    35.4641    35.4699     2.3613  235.33534     0.0000     0.0000     2.3508     4.7746     4.9985     0.0000     0.0293     0.1070          1 0.0000e+00
   7624.229    263.312    260.802    11.3741    11.3745   3.998550   3.999095    35.4640    35.4691     2.3612  235.18504     0.0000     0.0000     2.3507     4.7741     4.9986     0.0000     0.0293     0.1072          1 0.0000e+00
   7624.729    262.877    260.374    11.3741    11.3738   3.998512   3.998955    35.4638    35.4686     2.3618  235.38302     0.0000     0.0000     2.3513     4.7745     4.9984     0.0000     0.0293     0.1094          1 0.0000e+00
   7625.229    262.413    259.912    11.3736    11.3747   3.998333   3.999031    35.4628    35.4687     2.3630  235.83121     0.0000     0.0000     2.3526     4.7726     4.9984     0.0000     0.0293     0.1093          1 0.0000e+00
   7625.729    261.938    259.445    11.3742    11.3762   3.998398   3.999163    35.4631    35.4688     2.3641  236.16737     0.0000     0.0000     2.3537     4.7730     4.9985     0.0000     0.0293     0.1093          1 0.0000e+00
   7626.229    261.460    258.964    11.3756    11.3786   3.998511   3.999402    35.4631    35.4691     2.3656  236.48234     0.0000     0.0000     2.3551     4.7742     4.9984     0.0000     0.0293     0.1089          1 0.0000e+00
   7626.729    261.011    258.521    11.3774    11.3795   3.998703   3.999486    35.4635    35.4692     2.3670  236.70686     0.0000     0.0000     2.3565     4.7740     4.9987     0.0000     0.0293     0.1077          1 0.0000e+00
   7627.229    260.594    258.114    11.3785    11.3798   3.998774   3.999480    35.4633    35.4691     2.3689  237.05201     0.0000     0.0000     2.3585     4.7742     4.9983     0.0000     0.0293     0.1069          1 0.0000e+00
   7627.729    260.202    257.715    11.3785    11.3804   3.998784   3.999524    35.4636    35.4692     2.3702  237.26849     0.0000     0.0000     2.3598     4.7739     4.9983     0.0000     0.0293     0.1073          1 0.0000e+00
   7628.229    259.839    257.363    11.3795    11.3805   3.998860   3.999522    35.4636    35.4691     2.3717  237.45009     0.0000     0.0000     2.3612     4.7734     4.9987     0.0000     0.0293     0.1077          1 0.0000e+00
   7628.729    259.504    257.036    11.3786    11.3805   3.998761   3.999513    35.4636    35.4692     2.3732  237.56612     0.0000     0.0000     2.3627     4.7744     4.9987     0.0000     0.0293     0.1074          1 0.0000e+00
   7629.229    259.182    256.711    11.3784    11.3805   3.998721   3.999483    35.4636    35.4692     2.3743  237.66801     0.0000     0.0000     2.3639     4.7740     4.9984     0.0000     0.0293     0.1079          1 0.0000e+00
   7629.729    258.847    256.388    11.3771    11.3805   3.998599   3.999463    35.4638    35.4691     2.3743  237.51068     0.0000     0.0000     2.3639     4.7740     4.9983     0.0000     0.0293     0.1076          1 0.0000e+00
   7630.229    258.478    256.018    11.3786    11.3808   3.998719   3.999442    35.4638    35.4688     2.3742  237.21649     0.0000     0.0000     2.3638     4.7739     4.9988     0.0000     0.0293     0.1072          1 0.0000e+00
   7630.729    258.072    255.618    11.3798    11.3811   3.998775   3.999467    35.4634    35.4690     2.3743  236.95458     0.0000     0.0000     2.3639     4.7740     4.9986     0.0000     0.0295     0.1076          1 0.0000e+00
   7631.229    257.631    255.181    11.3808    11.3808   3.998844   3.999411    35.4633    35.4689     2.3745  236.90764     0.0000     0.0000     2.3641     4.7741     4.9985     0.0000     0.0305     0.1094          1 0.0000e+00
   7631.729    257.158    254.710    11.3829    11.3832   3.999047   3.999671    35.4634    35.4694     2.3753  237.07620     0.0000     0.0000     2.3649     4.7744     4.9985     0.0000     0.0304     0.1096          1 0.0000e+00
   7632.229    256.681    254.240    11.3854    11.3867   3.999267   3.999958    35.4634    35.4690     2.3762  237.32596     0.0000     0.0000     2.3658     4.7752     4.9986     0.0000     0.0293     0.1090          1 0.0000e+00
   7632.729    256.212    253.774    11.3856    11.3888   3.999314   4.000198    35.4638    35.4696     2.3767  237.49531     0.0000     0.0000     2.3663     4.7741     4.9987     0.0000     0.0293     0.1093          1 0.0000e+00
   7633.229    255.776    253.338    11.3885    11.3907   3.999575   4.000356    35.4639    35.4695     2.3771  237.50176     0.0000     0.0000     2.3667     4.7738     4.9985     0.0000     0.0305     0.1072          1 0.0000e+00
   7633.729    255.373    252.938    11.3893    11.3892   3.999626   4.000145    35.4638    35.4690     2.3772  237.36474     0.0000     0.0000     2.3668     4.7742     4.9984     0.0000     0.0305     0.1072          1 0.0000e+00
   7634.229    255.008    252.581    11.3887    11.3879   3.999525   3.999938    35.4636    35.4685     2.3771  237.23578     0.0000     0.0000     2.3667     4.7739     4.9982     0.0000     0.0305     0.1058          1 0.0000e+00
   7634.729    254.677    252.248    11.3883    11.3870   3.999473   3.999839    35.4637    35.4686     2.3777  237.26814     0.0000     0.0000     2.3673     4.7739     4.9984     0.0000     0.0305     0.1054          1 0.0000e+00
   7635.229    254.375    251.959    11.3876    11.3875   3.999395   3.999881    35.4637    35.4687     2.3780  237.34067     0.0000     0.0000     2.3676     4.7735     4.9985     0.0000     0.0297     0.1045          1 0.0000e+00
   7635.729    254.074    251.660    11.3867    11.3863   3.999275   3.999688    35.4635    35.4681     2.3784  237.45078     0.0000     0.0000     2.3680     4.7730     4.9986     0.0000     0.0293     0.1042          1 0.0000e+00
   7636.229    253.740    251.329    11.3847    11.3851   3.998974   3.999529    35.4627    35.4678     2.3778  237.31731     0.0000     0.0000     2.3674     4.7733     4.9985     0.0000     0.0293     0.1117          1 0.0000e+00
   7636.729    253.367    250.964    11.3826    11.3841   3.998617   3.999346    35.4614    35.4672     2.3775  237.09265     0.0000     0.0000     2.3671     4.7735     4.9984     0.0000     0.0293     0.1171          1 0.0000e+00
   7637.229    252.969    250.568    11.3823    11.3841   3.998534   3.999357    35.4611    35.4675     2.3771  236.92586     0.0000     0.0000     2.3667     4.7743     4.9986     0.0000     0.0293     0.1123          1 0.0000e+00
   7637.729    252.538    250.138    11.3822    11.3814   3.998508   3.998930    35.4611    35.4661     2.3763  236.71037     0.0000     0.0000     2.3659     4.7730     4.9986     0.0000     0.0293     0.1071          1 0.0000e+00
   7638.229    252.090    249.688    11.3802    11.3811   3.998128   3.998798    35.4595    35.4653     2.3755  236.55271     0.0000     0.0000     2.3651     4.7725     4.9982     0.0000     0.0293     0.1072          1 0.0000e+00
   7638.729    251.652    249.263    11.3787    11.3790   3.997877   3.998486    35.4587    35.4645     2.3754  236.51563     0.0000     0.0000     2.3650     4.7737     4.9984     0.0000     0.0293     0.1078          1 0.0000e+00
   7639.229    251.237    248.848    11.3789    11.3798   3.997899   3.998539    35.4589    35.4644     2.3753  236.60653     0.0000     0.0000     2.3649     4.7738     4.9983     0.0000     0.0293     0.1083          1 0.0000e+00
   7639.729    250.844    248.457    11.3794    11.3811   3.997927   3.998665    35.4589    35.4646     2.3749  236.60165     0.0000     0.0000     2.3645     4.7735     4.9984     0.0000     0.0293     0.1091          1 0.0000e+00
   7640.229    250.461    248.079    11.3800    11.3836   3.998041   3.998952    35.4596    35.4652     2.3753  236.71432     0.0000     0.0000     2.3649     4.7712     4.9985     0.0000     0.0291     0.1090          1 0.0000e+00
   7640.729    250.084    247.710    11.3807    11.3870   3.998122   3.999308    35.4599    35.4654     2.3746  236.65227     0.0000     0.0000     2.3643     4.7700     4.9985     0.0000     0.0269     0.1071          1 0.0000e+00
   7641.229    249.690    247.324    11.3821    11.3882   3.998224   3.999455    35.4597    35.4659     2.3742  236.51339     0.0000     0.0000     2.3639     4.7736     4.9986     0.0000     0.0270     0.1069          1 0.0000e+00
   7641.729    249.274    246.905    11.3845    11.3940   3.998467   4.000111    35.4599    35.4668     2.3732  236.24461     0.0000     0.0000     2.3628     4.7737     4.9984     0.0000     0.0292     0.1075          1 0.0000e+00
   7642.229    248.848    246.485    11.3866    11.3970   3.998672   4.000370    35.4601    35.4667     2.3730  236.08463     0.0000     0.0000     2.3626     4.7746     4.9984     0.0000     0.0293     0.1075          1 0.0000e+00
   7642.729    248.422    246.059    11.3916    11.3990   3.999234   4.000518    35.4610    35.4665     2.3724  236.02538     0.0000     0.0000     2.3620     4.7736     4.9986     0.0000     0.0293     0.1069          1 0.0000e+00
   7643.229    248.025    245.667    11.3965    11.3967   3.999670   4.000237    35.4606    35.4661     2.3719  235.92698     0.0000     0.0000     2.3615     4.7735     4.9983     0.0000     0.0293     0.1068          1 0.0000e+00
   7643.729    247.657    245.302    11.3953    11.3972   3.999505   4.000251    35.4603    35.4659     2.3708  235.75197     0.0000     0.0000     2.3604     4.7740     4.9984     0.0000     0.0293     0.1074          1 0.0000e+00
   7644.229    247.317    244.968    11.3939    11.3977   3.999373   4.000267    35.4606    35.4658     2.3697  235.50526     0.0000     0.0000     2.3594     4.7742     4.9984     0.0000     0.0293     0.1076          1 0.0000e+00
   7644.729    246.990    244.646    11.3909    11.3983   3.999086   4.000337    35.4609    35.4661     2.3693  235.41475     0.0000     0.0000     2.3590     4.7736     4.9984     0.0000     0.0293     0.1072          1 0.0000e+00
   7645.229    246.642    244.306    11.3956    11.3999   3.999528   4.000531    35.4608    35.4665     2.3682  235.26207     0.0000     0.0000     2.3579     4.7738     4.9985     0.0000     0.0293     0.1069          1 0.0000e+00
   7645.729    246.259    243.925    11.3978    11.4025   3.999709   4.000788    35.4606    35.4667     2.3671  235.08519     0.0000     0.0000     2.3567     4.7743     4.9984     0.0000     0.0293     0.1079          1 0.0000e+00
   7646.229    245.842    243.513    11.3975    11.4044   3.999671   4.000959    35.4607    35.4668     2.3669  235.06644     0.0000     0.0000     2.3565     4.7741     4.9982     0.0000     0.0293     0.1088          1 0.0000e+00
   7646.729    245.384    243.057    11.4002    11.4021   3.999949   4.000669    35.4610    35.4664     2.3659  234.94335     0.0000     0.0000     2.3555     4.7737     4.9984     0.0000     0.0293     0.1095          1 0.0000e+00
   7647.229    244.897    242.576    11.4012    11.4024   4.000002   4.000633    35.4608    35.4660     2.3655  234.91342     0.0000     0.0000     2.3551     4.7734     4.9984     0.0000     0.0293     0.1101          1 0.0000e+00
   7647.729    244.410    242.090    11.4016    11.4028   3.999964   4.000651    35.4603    35.4660     2.3645  234.80212     0.0000     0.0000     2.3542     4.7736     4.9983     0.0000     0.0293     0.1094          1 0.0000e+00
   7648.229    243.947    241.629    11.4009    11.4044   3.999902   4.000776    35.4606    35.4659     2.3644  234.77967     0.0000     0.0000     2.3541     4.7732     4.9986     0.0000     0.0293     0.1080          1 0.0000e+00
   7648.729    243.505    241.192    11.4016    11.4016   3.999857   4.000342    35.4597    35.4645     2.3643  234.89353     0.0000     0.0000     2.3540     4.7728     4.9985     0.0000     0.0295     0.1076          1 0.0000e+00
   7649.229    243.099    240.793    11.3970    11.3859   3.999205   3.998348    35.4580    35.4605     2.3646  235.02674     0.0000     0.0000     2.3543     4.7730     4.9983     0.0000     0.0329     0.1079          1 0.0000e+00
   7649.729    242.722    240.414    11.3869    11.3808   3.997892   3.997642    35.4551    35.4587     2.3644  235.17617     0.0000     0.0000     2.3541     4.7735     4.9985     0.0000     0.0329     0.1075          1 0.0000e+00
   7650.229    242.380    240.082    11.3830    11.3668   3.997522   3.995873    35.4554    35.4552     2.3643  235.15972     0.0000     0.0000     2.3540     4.7731     4.9983     0.0000     0.0272     0.1069          1 0.0000e+00
   7650.729    242.068    239.770    11.3802    11.3673   3.997155   3.995983    35.4547    35.4558     2.3637  235.01262     0.0000     0.0000     2.3534     4.7734     4.9985     0.0000     0.0269     0.1072          1 0.0000e+00
   7651.229    241.772    239.478    11.3728    11.3665   3.996299   3.995863    35.4536    35.4554     2.3647  235.14843     0.0000     0.0000     2.3544     4.7737     4.9982     0.0000     0.0290     0.1071          1 0.0000e+00
   7651.729    241.467    239.181    11.3761    11.3638   3.996797   3.995426    35.4554    35.4539     2.3671  235.73503     0.0000     0.0000     2.3567     4.7735     4.9982     0.0000     0.0293     0.1071          1 0.0000e+00
   7652.229    241.131    238.851    11.3734    11.3695   3.995891   3.996161    35.4492    35.4557     2.3704  236.77401     0.0000     0.0000     2.3601     4.7742     4.9983     0.0000     0.0293     0.1072          1 0.0000e+00
   7652.729    240.768    238.483    11.3582    11.3602   3.994057   3.994767    35.4462    35.4511     2.3742  237.92226     0.0000     0.0000     2.3639     4.7740     4.9986     0.0000     0.0293     0.1071          1 0.0000e+00
   7653.229    240.383    238.105    11.3463    11.3447   3.992602   3.992904    35.4435    35.4481     2.3769  238.59436     0.0000     0.0000     2.3666     4.7739     4.9985     0.0000     0.0293     0.1086          1 0.0000e+00
   7653.729    239.968    237.701    11.3439    11.3469   3.992304   3.993312    35.4431    35.4501     2.3793  238.81751     0.0000     0.0000     2.3689     4.7735     4.9984     0.0000     0.0293     0.1088          1 0.0000e+00
   7654.229    239.529    237.259    11.3460    11.3405   3.992452   3.992236    35.4427    35.4458     2.3811  238.76029     0.0000     0.0000     2.3708     4.7736     4.9986     0.0000     0.0293     0.1091          1 0.0000e+00
   7654.729    239.087    236.822    11.3380    11.3330   3.991490   3.991392    35.4411    35.4450     2.3837  238.91723     0.0000     0.0000     2.3733     4.7733     4.9982     0.0000     0.0293     0.1091          1 0.0000e+00
