odissea/cruise_data/ce25007/data/ctd/ce25007_003.cnv
* Sea-Bird SBE 9 Data File:
* FileName = C:\CE_CTD_Data\2025_CTD_Data\CE25007\CE25007_003.hdr
* Software Version Seasave V 7.26.7.121
* Temperature SN = 4382
* Conductivity SN = 2796
* Number of Bytes Per Scan = 40
* Number of Voltage Words = 5
* Number of Scans Averaged by the Deck Unit = 1
* NMEA Latitude = 52 59.98 N
* NMEA Longitude = 014 48.81 W
* NMEA UTC (Time) = May 09 2025 22:31:07
* NMEA baud rate = 4800
** Cruise: CE18001
** PSO: Caroline Cusack
** CTD operator:
** Technician:
** Cast No:
** Station:
** Event No:
** Sea state:
** Wind speed:
** Sounding depth
# nquan = 21
# nvalues = 7455                        
# units = specified
# name 0 = timeS: Time, Elapsed [seconds]
# name 1 = prDM: Pressure, Digiquartz [db]
# name 2 = depSM: Depth [salt water, m]
# name 3 = t090C: Temperature [ITS-90, deg C]
# name 4 = t190C: Temperature, 2 [ITS-90, deg C]
# name 5 = c0S/m: Conductivity [S/m]
# name 6 = c1S/m: Conductivity, 2 [S/m]
# name 7 = sal00: Salinity, Practical [PSU]
# name 8 = sal11: Salinity, Practical, 2 [PSU]
# name 9 = sbeox0V: Oxygen raw, SBE 43 [V]
# name 10 = sbeox0Mm/L: Oxygen, SBE 43 [umol/l]
# name 11 = v0: Voltage 0
# name 12 = v1: Voltage 1
# name 13 = v2: Voltage 2
# name 14 = v3: Voltage 3
# name 15 = v4: Voltage 4
# name 16 = v5: Voltage 5
# name 17 = v6: Voltage 6
# name 18 = v7: Voltage 7
# name 19 = pumps: Pump Status
# name 20 = flag: flag
# span 0 =      0.229,   3727.146       
# span 1 =     -0.347,    748.676       
# span 2 =     -0.345,    740.740       
# span 3 =     9.0844,    13.6721       
# span 4 =     9.0843,    14.0627       
# span 5 =   0.017890,   4.166912       
# span 6 =   0.116402,   4.188664       
# span 7 =     0.1101,    35.6016       
# span 8 =     0.7460,    35.7857       
# span 9 =     1.8370,     2.9652       
# span 10 =  186.50033,  342.88251      
# span 11 =     0.0000,     0.0000      
# span 12 =     0.0000,     0.0000      
# span 13 =     1.8352,     2.9652      
# span 14 =     0.0036,     4.7814      
# span 15 =     0.2799,     5.0000      
# span 16 =     0.0000,     0.0000      
# span 17 =     0.0098,     0.6252      
# span 18 =     0.0794,     0.9731      
# span 19 =          0,          1      
# span 20 = 0.0000e+00, 0.0000e+00      
# interval = seconds: 0.5               
# start_time = May 09 2025 22:31:07 [NMEA time, header]
# bad_flag = -9.990e-29
*END*
[from data line 5587]
   2793.729    382.117    378.394    10.7720    10.7724   3.944803   3.945454    35.4553    35.4615     2.3506  240.73039     0.0000     0.0000     2.3455     4.6772     4.9940     0.0000     0.0305     0.1273          1 0.0000e+00
   2794.229    382.055    378.327    10.7720    10.7723   3.944799   3.945459    35.4552    35.4616     2.3498  240.56323     0.0000     0.0000     2.3447     4.6824     4.9939     0.0000     0.0298     0.1267          1 0.0000e+00
   2794.729    381.994    378.269    10.7717    10.7720   3.944736   3.945410    35.4550    35.4615     2.3494  240.36493     0.0000     0.0000     2.3443     4.6847     4.9940     0.0000     0.0293     0.1262          1 0.0000e+00
   2795.229    381.940    378.211    10.7710    10.7712   3.944668   3.945308    35.4550    35.4613     2.3494  240.30950     0.0000     0.0000     2.3443     4.6838     4.9939     0.0000     0.0300     0.1279          1 0.0000e+00
   2795.729    381.910    378.181    10.7708    10.7708   3.944646   3.945270    35.4550    35.4613     2.3495  240.41067     0.0000     0.0000     2.3444     4.6835     4.9939     0.0000     0.0307     0.1295          1 0.0000e+00
   2796.229    381.916    378.191    10.7708    10.7707   3.944651   3.945280    35.4551    35.4615     2.3499  240.64434     0.0000     0.0000     2.3448     4.6850     4.9939     0.0000     0.0301     0.1294          1 0.0000e+00
   2796.729    381.958    378.231    10.7714    10.7709   3.944730   3.945317    35.4552    35.4616     2.3505  240.86247     0.0000     0.0000     2.3454     4.6833     4.9939     0.0000     0.0293     0.1294          1 0.0000e+00
   2797.229    382.028    378.298    10.7723    10.7715   3.944829   3.945401    35.4553    35.4618     2.3506  240.92572     0.0000     0.0000     2.3455     4.6825     4.9938     0.0000     0.0296     0.1292          1 0.0000e+00
   2797.729    382.121    378.384    10.7728    10.7723   3.944880   3.945481    35.4552    35.4617     2.3506  240.89436     0.0000     0.0000     2.3455     4.6833     4.9939     0.0000     0.0306     0.1283          1 0.0000e+00
   2798.229    382.220    378.501    10.7729    10.7725   3.944888   3.945477    35.4552    35.4616     2.3495  240.51996     0.0000     0.0000     2.3444     4.6832     4.9939     0.0000     0.0309     0.1283          1 0.0000e+00
   2798.729    382.273    378.550    10.7728    10.7728   3.944867   3.945508    35.4551    35.4615     2.3494  240.32904     0.0000     0.0000     2.3443     4.6840     4.9939     0.0000     0.0330     0.1272          1 0.0000e+00
   2799.229    382.254    378.530    10.7725    10.7727   3.944850   3.945502    35.4552    35.4616     2.3487  240.17995     0.0000     0.0000     2.3437     4.6841     4.9940     0.0000     0.0329     0.1274          1 0.0000e+00
   2799.729    382.186    378.458    10.7725    10.7725   3.944826   3.945484    35.4550    35.4616     2.3490  240.29402     0.0000     0.0000     2.3439     4.6844     4.9938     0.0000     0.0293     0.1282          1 0.0000e+00
   2800.229    382.075    378.351    10.7716    10.7722   3.944732   3.945428    35.4550    35.4614     2.3482  240.25804     0.0000     0.0000     2.3432     4.6721     4.9940     0.0000     0.0293     0.1285          1 0.0000e+00
   2800.729    381.946    378.217    10.7710    10.7719   3.944664   3.945404    35.4549    35.4615     2.3477  240.12225     0.0000     0.0000     2.3427     4.6742     4.9939     0.0000     0.0325     0.1275          1 0.0000e+00
   2801.229    381.841    378.115    10.7708    10.7719   3.944650   3.945421    35.4551    35.4617     2.3481  240.20264     0.0000     0.0000     2.3431     4.6839     4.9939     0.0000     0.0330     0.1271          1 0.0000e+00
   2801.729    381.782    378.052    10.7712    10.7726   3.944692   3.945491    35.4551    35.4618     2.3489  240.46210     0.0000     0.0000     2.3438     4.6834     4.9939     0.0000     0.0302     0.1290          1 0.0000e+00
   2802.229    381.776    378.044    10.7711    10.7728   3.944697   3.945497    35.4553    35.4617     2.3493  240.74149     0.0000     0.0000     2.3442     4.6836     4.9939     0.0000     0.0293     0.1295          1 0.0000e+00
   2802.729    381.829    378.101    10.7713    10.7727   3.944698   3.945490    35.4551    35.4616     2.3494  240.81465     0.0000     0.0000     2.3443     4.6835     4.9938     0.0000     0.0302     0.1282          1 0.0000e+00
   2803.229    381.933    378.208    10.7715    10.7724   3.944727   3.945455    35.4551    35.4616     2.3494  240.71139     0.0000     0.0000     2.3443     4.6840     4.9939     0.0000     0.0305     0.1271          1 0.0000e+00
   2803.729    382.072    378.338    10.7715    10.7733   3.944725   3.945602    35.4550    35.4621     2.3494  240.60932     0.0000     0.0000     2.3443     4.6846     4.9939     0.0000     0.0317     0.1289          1 0.0000e+00
   2804.229    382.250    378.521    10.7726    10.7762   3.944864   3.945946    35.4552    35.4626     2.3494  240.56149     0.0000     0.0000     2.3443     4.6842     4.9939     0.0000     0.0330     0.1308          1 0.0000e+00
   2804.729    382.437    378.710    10.7745    10.7748   3.945075   3.945766    35.4554    35.4620     2.3496  240.60511     0.0000     0.0000     2.3445     4.6843     4.9939     0.0000     0.0317     0.1294          1 0.0000e+00
   2805.229    382.581    378.856    10.7751    10.7736   3.945147   3.945652    35.4555    35.4620     2.3494  240.56147     0.0000     0.0000     2.3443     4.6842     4.9940     0.0000     0.0293     0.1271          1 0.0000e+00
   2805.729    382.645    378.918    10.7746    10.7741   3.945110   3.945711    35.4556    35.4622     2.3492  240.50267     0.0000     0.0000     2.3441     4.6845     4.9940     0.0000     0.0297     0.1270          1 0.0000e+00
   2806.229    382.626    378.898    10.7740    10.7740   3.945044   3.945702    35.4555    35.4621     2.3489  240.40260     0.0000     0.0000     2.3438     4.6838     4.9940     0.0000     0.0305     0.1274          1 0.0000e+00
   2806.729    382.528    378.802    10.7740    10.7743   3.945023   3.945709    35.4553    35.4619     2.3483  240.25521     0.0000     0.0000     2.3433     4.6838     4.9939     0.0000     0.0304     0.1275          1 0.0000e+00
   2807.229    382.379    378.654    10.7737    10.7739   3.944978   3.945653    35.4553    35.4618     2.3494  240.46580     0.0000     0.0000     2.3443     4.6843     4.9939     0.0000     0.0293     0.1296          1 0.0000e+00
   2807.729    382.193    378.465    10.7727    10.7740   3.944856   3.945678    35.4551    35.4621     2.3494  240.62003     0.0000     0.0000     2.3443     4.6822     4.9939     0.0000     0.0293     0.1297          1 0.0000e+00
   2808.229    382.003    378.270    10.7728    10.7745   3.944870   3.945718    35.4553    35.4621     2.3501  240.86521     0.0000     0.0000     2.3450     4.6821     4.9939     0.0000     0.0293     0.1286          1 0.0000e+00
   2808.729    381.854    378.127    10.7725    10.7747   3.944848   3.945722    35.4554    35.4620     2.3503  240.88860     0.0000     0.0000     2.3452     4.6831     4.9939     0.0000     0.0293     0.1284          1 0.0000e+00
   2809.229    381.752    378.021    10.7721    10.7732   3.944767   3.945547    35.4550    35.4618     2.3507  240.92941     0.0000     0.0000     2.3456     4.6837     4.9940     0.0000     0.0293     0.1295          1 0.0000e+00
   2809.729    381.712    377.981    10.7715    10.7725   3.944714   3.945460    35.4552    35.4616     2.3507  240.90725     0.0000     0.0000     2.3456     4.6845     4.9939     0.0000     0.0293     0.1294          1 0.0000e+00
   2810.229    381.732    378.006    10.7719    10.7728   3.944773   3.945516    35.4553    35.4619     2.3515  241.00466     0.0000     0.0000     2.3465     4.6842     4.9940     0.0000     0.0293     0.1278          1 0.0000e+00
   2810.729    381.801    378.073    10.7721    10.7726   3.944799   3.945478    35.4554    35.4617     2.3517  241.04863     0.0000     0.0000     2.3467     4.6841     4.9939     0.0000     0.0293     0.1272          1 0.0000e+00
   2811.229    381.870    378.155    10.7735    10.7726   3.944946   3.945489    35.4554    35.4617     2.3510  240.88711     0.0000     0.0000     2.3459     4.6836     4.9939     0.0000     0.0301     0.1268          1 0.0000e+00
   2811.729    381.891    378.170    10.7730    10.7727   3.944888   3.945499    35.4552    35.4618     2.3506  240.62655     0.0000     0.0000     2.3455     4.6836     4.9939     0.0000     0.0305     0.1263          1 0.0000e+00
   2812.229    381.848    378.127    10.7727    10.7731   3.944865   3.945526    35.4554    35.4617     2.3506  240.50119     0.0000     0.0000     2.3455     4.6839     4.9939     0.0000     0.0300     0.1286          1 0.0000e+00
   2812.729    381.773    378.044    10.7725    10.7729   3.944824   3.945517    35.4552    35.4617     2.3504  240.51311     0.0000     0.0000     2.3453     4.6836     4.9942     0.0000     0.0293     0.1310          1 0.0000e+00
   2813.229    381.729    378.001    10.7727    10.7728   3.944852   3.945502    35.4553    35.4617     2.3502  240.56975     0.0000     0.0000     2.3451     4.6841     4.9941     0.0000     0.0293     0.1287          1 0.0000e+00
   2813.729    381.762    378.030    10.7723    10.7732   3.944801   3.945547    35.4551    35.4618     2.3494  240.36519     0.0000     0.0000     2.3443     4.6829     4.9939     0.0000     0.0293     0.1246          1 0.0000e+00
   2814.229    381.875    378.145    10.7725    10.7735   3.944849   3.945597    35.4554    35.4619     2.3494  240.30636     0.0000     0.0000     2.3443     4.6836     4.9939     0.0000     0.0296     0.1255          1 0.0000e+00
   2814.729    382.063    378.331    10.7736    10.7736   3.944961   3.945618    35.4553    35.4620     2.3495  240.39268     0.0000     0.0000     2.3444     4.6831     4.9940     0.0000     0.0307     0.1283          1 0.0000e+00
   2815.229    382.303    378.571    10.7742    10.7739   3.945051   3.945675    35.4555    35.4621     2.3493  240.47727     0.0000     0.0000     2.3442     4.6835     4.9940     0.0000     0.0305     0.1284          1 0.0000e+00
   2815.729    382.559    378.832    10.7739    10.7734   3.945009   3.945624    35.4553    35.4620     2.3494  240.53730     0.0000     0.0000     2.3443     4.6842     4.9939     0.0000     0.0305     0.1284          1 0.0000e+00
   2816.229    382.771    379.044    10.7737    10.7736   3.945020   3.945647    35.4555    35.4620     2.3495  240.56270     0.0000     0.0000     2.3444     4.6843     4.9939     0.0000     0.0306     0.1283          1 0.0000e+00
   2816.729    382.907    379.180    10.7740    10.7736   3.945047   3.945655    35.4554    35.4620     2.3494  240.58361     0.0000     0.0000     2.3443     4.6839     4.9939     0.0000     0.0293     0.1283          1 0.0000e+00
   2817.229    382.920    379.194    10.7739    10.7737   3.945037   3.945653    35.4554    35.4619     2.3494  240.58270     0.0000     0.0000     2.3443     4.6829     4.9939     0.0000     0.0293     0.1284          1 0.0000e+00
   2817.729    382.808    379.083    10.7740    10.7738   3.945051   3.945662    35.4555    35.4619     2.3494  240.55461     0.0000     0.0000     2.3443     4.6835     4.9939     0.0000     0.0293     0.1282          1 0.0000e+00
   2818.229    382.591    378.866    10.7740    10.7738   3.945023   3.945642    35.4554    35.4618     2.3494  240.54173     0.0000     0.0000     2.3443     4.6838     4.9939     0.0000     0.0293     0.1283          1 0.0000e+00
   2818.729    382.294    378.566    10.7737    10.7736   3.944967   3.945609    35.4552    35.4618     2.3494  240.54789     0.0000     0.0000     2.3443     4.6836     4.9939     0.0000     0.0293     0.1275          1 0.0000e+00
   2819.229    381.981    378.254    10.7730    10.7732   3.944879   3.945560    35.4552    35.4618     2.3494  240.54197     0.0000     0.0000     2.3443     4.6838     4.9939     0.0000     0.0293     0.1270          1 0.0000e+00
   2819.729    381.675    377.948    10.7726    10.7728   3.944811   3.945498    35.4551    35.4618     2.3494  240.53501     0.0000     0.0000     2.3443     4.6834     4.9939     0.0000     0.0293     0.1279          1 0.0000e+00
   2820.229    381.411    377.683    10.7728    10.7726   3.944841   3.945475    35.4552    35.4618     2.3495  240.54998     0.0000     0.0000     2.3444     4.6830     4.9940     0.0000     0.0293     0.1283          1 0.0000e+00
   2820.729    381.230    377.500    10.7728    10.7728   3.944844   3.945488    35.4554    35.4619     2.3496  240.57693     0.0000     0.0000     2.3445     4.6833     4.9938     0.0000     0.0293     0.1289          1 0.0000e+00
   2821.229    381.161    377.434    10.7731    10.7729   3.944875   3.945503    35.4554    35.4619     2.3494  240.53331     0.0000     0.0000     2.3443     4.6829     4.9939     0.0000     0.0293     0.1296          1 0.0000e+00
   2821.729    381.220    377.494    10.7728    10.7728   3.944855   3.945491    35.4555    35.4618     2.3495  240.53491     0.0000     0.0000     2.3444     4.6828     4.9939     0.0000     0.0293     0.1299          1 0.0000e+00
   2822.229    381.376    377.655    10.7722    10.7728   3.944785   3.945490    35.4552    35.4618     2.3496  240.53469     0.0000     0.0000     2.3445     4.6821     4.9939     0.0000     0.0293     0.1306          1 0.0000e+00
   2822.729    381.597    377.866    10.7722    10.7726   3.944772   3.945479    35.4551    35.4618     2.3500  240.66238     0.0000     0.0000     2.3449     4.6800     4.9940     0.0000     0.0293     0.1296          1 0.0000e+00
   2823.229    381.840    378.117    10.7723    10.7726   3.944807   3.945489    35.4552    35.4617     2.3498  240.69520     0.0000     0.0000     2.3447     4.6767     4.9939     0.0000     0.0293     0.1260          1 0.0000e+00
   2823.729    382.075    378.350    10.7731    10.7729   3.944918   3.945536    35.4554    35.4619     2.3499  240.70863     0.0000     0.0000     2.3448     4.6817     4.9940     0.0000     0.0293     0.1263          1 0.0000e+00
   2824.229    382.296    378.572    10.7739    10.7734   3.945010   3.945619    35.4555    35.4620     2.3494  240.50825     0.0000     0.0000     2.3443     4.6829     4.9939     0.0000     0.0293     0.1283          1 0.0000e+00
   2824.729    382.482    378.755    10.7741    10.7738   3.945035   3.945654    35.4554    35.4620     2.3494  240.43128     0.0000     0.0000     2.3443     4.6823     4.9938     0.0000     0.0293     0.1282          1 0.0000e+00
   2825.229    382.605    378.885    10.7741    10.7739   3.945042   3.945663    35.4554    35.4619     2.3494  240.45716     0.0000     0.0000     2.3443     4.6827     4.9940     0.0000     0.0305     0.1273          1 0.0000e+00
   2825.729    382.625    378.894    10.7736    10.7736   3.945008   3.945641    35.4556    35.4620     2.3495  240.54100     0.0000     0.0000     2.3444     4.6832     4.9939     0.0000     0.0305     0.1272          1 0.0000e+00
   2826.229    382.541    378.818    10.7734    10.7735   3.944973   3.945633    35.4555    35.4620     2.3501  240.72393     0.0000     0.0000     2.3450     4.6836     4.9940     0.0000     0.0275     0.1273          1 0.0000e+00
   2826.729    382.372    378.649    10.7732    10.7736   3.944926   3.945616    35.4552    35.4618     2.3494  240.63057     0.0000     0.0000     2.3443     4.6831     4.9938     0.0000     0.0270     0.1273          1 0.0000e+00
   2827.229    382.162    378.431    10.7728    10.7730   3.944857   3.945537    35.4551    35.4617     2.3494  240.54527     0.0000     0.0000     2.3443     4.6830     4.9939     0.0000     0.0286     0.1288          1 0.0000e+00
