odissea/cruise_data/ce25007/data/ctd/ce25007_015.cnv
* Sea-Bird SBE 9 Data File:
* FileName = C:\CE_CTD_Data\2025_CTD_Data\CE25007\CE25007_015.hdr
* Software Version Seasave V 7.26.7.121
* Temperature SN = 4382
* Conductivity SN = 2796
* Number of Bytes Per Scan = 40
* Number of Voltage Words = 5
* Number of Scans Averaged by the Deck Unit = 1
* NMEA Latitude = 54 22.74 N
* NMEA Longitude = 017 34.74 W
* NMEA UTC (Time) = May 14 2025 16:16:26
* NMEA baud rate = 4800
** Cruise: CE18001
** PSO: Caroline Cusack
** CTD operator:
** Technician:
** Cast No:
** Station:
** Event No:
** Sea state:
** Wind speed:
** Sounding depth
# nquan = 21
# nvalues = 12860                       
# units = specified
# name 0 = timeS: Time, Elapsed [seconds]
# name 1 = prDM: Pressure, Digiquartz [db]
# name 2 = depSM: Depth [salt water, m]
# name 3 = t090C: Temperature [ITS-90, deg C]
# name 4 = t190C: Temperature, 2 [ITS-90, deg C]
# name 5 = c0S/m: Conductivity [S/m]
# name 6 = c1S/m: Conductivity, 2 [S/m]
# name 7 = sal00: Salinity, Practical [PSU]
# name 8 = sal11: Salinity, Practical, 2 [PSU]
# name 9 = sbeox0V: Oxygen raw, SBE 43 [V]
# name 10 = sbeox0Mm/L: Oxygen, SBE 43 [umol/l]
# name 11 = v0: Voltage 0
# name 12 = v1: Voltage 1
# name 13 = v2: Voltage 2
# name 14 = v3: Voltage 3
# name 15 = v4: Voltage 4
# name 16 = v5: Voltage 5
# name 17 = v6: Voltage 6
# name 18 = v7: Voltage 7
# name 19 = pumps: Pump Status
# name 20 = flag: flag
# span 0 =      0.229,   6429.563       
# span 1 =     -0.241,   1840.932       
# span 2 =     -0.242,   1816.443       
# span 3 =     3.2511,    20.6193       
# span 4 =     3.2556,    18.3500       
# span 5 =  -0.006038,   4.220911       
# span 6 =  -0.004634,   4.146299       
# span 7 =     0.0196,    36.5851       
# span 8 =     0.0232,    35.9224       
# span 9 =     1.8756,     2.8073       
# span 10 =  178.07000,  333.18493      
# span 11 =     0.0000,     0.0000      
# span 12 =     0.0000,     0.0000      
# span 13 =     1.8670,     2.8012      
# span 14 =     0.0037,     4.8482      
# span 15 =     0.4637,     4.9991      
# span 16 =     0.0000,     0.0000      
# span 17 =     0.0085,     4.9403      
# span 18 =     0.0379,     0.5226      
# span 19 =          0,          1      
# span 20 = 0.0000e+00, 0.0000e+00      
# interval = seconds: 0.5               
# start_time = May 14 2025 16:16:26 [NMEA time, header]
# bad_flag = -9.990e-29
*END*
[from data line 1449]
    724.729    393.704    389.799     9.8827     9.8830   3.849458   3.850112    35.3488    35.3552     1.9876  196.40013     0.0000     0.0000     1.9880     4.7827     4.9949     0.0000     0.0293     0.1073          1 0.0000e+00
    725.229    394.228    390.324     9.8818     9.8816   3.849389   3.849982    35.3486    35.3548     1.9865  196.38504     0.0000     0.0000     1.9869     4.7835     4.9950     0.0000     0.0293     0.1088          1 0.0000e+00
    725.729    394.777    390.865     9.8817     9.8816   3.849385   3.849997    35.3484    35.3547     1.9853  196.45460     0.0000     0.0000     1.9857     4.7831     4.9951     0.0000     0.0293     0.1094          1 0.0000e+00
    726.229    395.324    391.411     9.8814     9.8815   3.849381   3.850012    35.3483    35.3546     1.9839  196.40857     0.0000     0.0000     1.9843     4.7829     4.9951     0.0000     0.0293     0.1063          1 0.0000e+00
    726.729    395.856    391.931     9.8808     9.8816   3.849330   3.850040    35.3481    35.3546     1.9823  196.17696     0.0000     0.0000     1.9827     4.7832     4.9950     0.0000     0.0293     0.1046          1 0.0000e+00
    727.229    396.378    392.448     9.8800     9.8788   3.849279   3.849748    35.3480    35.3540     1.9816  196.07878     0.0000     0.0000     1.9820     4.7834     4.9950     0.0000     0.0293     0.1052          1 0.0000e+00
    727.729    396.891    392.963     9.8790     9.8788   3.849196   3.849770    35.3478    35.3539     1.9804  195.99953     0.0000     0.0000     1.9808     4.7836     4.9950     0.0000     0.0293     0.1055          1 0.0000e+00
    728.229    397.413    393.471     9.8783     9.8779   3.849137   3.849691    35.3477    35.3537     1.9802  196.13261     0.0000     0.0000     1.9806     4.7833     4.9949     0.0000     0.0293     0.1047          1 0.0000e+00
    728.729    397.947    394.000     9.8782     9.8780   3.849152   3.849757    35.3476    35.3539     1.9801  196.36806     0.0000     0.0000     1.9805     4.7837     4.9951     0.0000     0.0293     0.1037          1 0.0000e+00
    729.229    398.490    394.532     9.8806     9.8805   3.849472   3.850081    35.3481    35.3544     1.9800  196.55046     0.0000     0.0000     1.9804     4.7837     4.9946     0.0000     0.0296     0.1047          1 0.0000e+00
    729.729    399.042    395.095     9.8817     9.8816   3.849616   3.850224    35.3483    35.3546     1.9797  196.62575     0.0000     0.0000     1.9801     4.7832     4.9949     0.0000     0.0305     0.1085          1 0.0000e+00
    730.229    399.571    395.611     9.8821     9.8817   3.849683   3.850263    35.3482    35.3545     1.9797  196.59844     0.0000     0.0000     1.9801     4.7839     4.9948     0.0000     0.0303     0.1078          1 0.0000e+00
    730.729    400.080    396.112     9.8826     9.8818   3.849740   3.850266    35.3480    35.3542     1.9791  196.50341     0.0000     0.0000     1.9795     4.7838     4.9951     0.0000     0.0293     0.1073          1 0.0000e+00
    731.229    400.566    396.592     9.8823     9.8821   3.849720   3.850303    35.3478    35.3540     1.9789  196.45969     0.0000     0.0000     1.9793     4.7843     4.9949     0.0000     0.0293     0.1073          1 0.0000e+00
    731.729    401.031    397.057     9.8826     9.8821   3.849769   3.850328    35.3478    35.3540     1.9788  196.48446     0.0000     0.0000     1.9792     4.7838     4.9948     0.0000     0.0329     0.1074          1 0.0000e+00
    732.229    401.476    397.485     9.8811     9.8805   3.849623   3.850160    35.3475    35.3537     1.9787  196.50670     0.0000     0.0000     1.9791     4.7833     4.9951     0.0000     0.0330     0.1074          1 0.0000e+00
    732.729    401.917    397.937     9.8811     9.8809   3.849654   3.850236    35.3476    35.3538     1.9788  196.61775     0.0000     0.0000     1.9792     4.7835     4.9950     0.0000     0.0308     0.1074          1 0.0000e+00
    733.229    402.368    398.369     9.8814     9.8815   3.849699   3.850326    35.3475    35.3538     1.9788  196.66139     0.0000     0.0000     1.9792     4.7840     4.9949     0.0000     0.0305     0.1074          1 0.0000e+00
    733.729    402.841    398.843     9.8829     9.8831   3.849898   3.850537    35.3479    35.3542     1.9789  196.68901     0.0000     0.0000     1.9792     4.7840     4.9950     0.0000     0.0296     0.1073          1 0.0000e+00
    734.229    403.335    399.330     9.8845     9.8841   3.850125   3.850686    35.3483    35.3545     1.9787  196.64719     0.0000     0.0000     1.9790     4.7845     4.9950     0.0000     0.0293     0.1074          1 0.0000e+00
    734.729    403.845    399.827     9.8839     9.8837   3.850084   3.850681    35.3483    35.3545     1.9788  196.63346     0.0000     0.0000     1.9791     4.7844     4.9949     0.0000     0.0300     0.1059          1 0.0000e+00
    735.229    404.364    400.361     9.8844     9.8843   3.850162   3.850760    35.3483    35.3545     1.9785  196.60816     0.0000     0.0000     1.9788     4.7726     4.9951     0.0000     0.0305     0.1048          1 0.0000e+00
    735.729    404.878    400.859     9.8848     9.8845   3.850219   3.850816    35.3483    35.3547     1.9782  196.54638     0.0000     0.0000     1.9786     4.7767     4.9950     0.0000     0.0288     0.1059          1 0.0000e+00
    736.229    405.388    401.355     9.8855     9.8854   3.850340   3.850924    35.3485    35.3546     1.9777  196.44047     0.0000     0.0000     1.9781     4.7842     4.9950     0.0000     0.0269     0.1070          1 0.0000e+00
    736.729    405.897    401.866     9.8851     9.8841   3.850298   3.850810    35.3482    35.3544     1.9776  196.36538     0.0000     0.0000     1.9780     4.7841     4.9950     0.0000     0.0293     0.1067          1 0.0000e+00
    737.229    406.404    402.369     9.8826     9.8821   3.850129   3.850705    35.3488    35.3551     1.9776  196.45874     0.0000     0.0000     1.9780     4.7836     4.9950     0.0000     0.0330     0.1054          1 0.0000e+00
    737.729    406.925    402.874     9.8772     9.8797   3.849635   3.850481    35.3489    35.3550     1.9775  196.54923     0.0000     0.0000     1.9779     4.7836     4.9951     0.0000     0.0320     0.1063          1 0.0000e+00
    738.229    407.455    403.415     9.8650     9.8660   3.848369   3.849083    35.3479    35.3542     1.9775  196.65956     0.0000     0.0000     1.9779     4.7842     4.9947     0.0000     0.0293     0.1078          1 0.0000e+00
    738.729    407.992    403.935     9.8561     9.8538   3.847456   3.847835    35.3472    35.3534     1.9769  196.60403     0.0000     0.0000     1.9773     4.7844     4.9951     0.0000     0.0293     0.1079          1 0.0000e+00
    739.229    408.536    404.478     9.8397     9.8382   3.845807   3.846254    35.3464    35.3526     1.9758  196.36668     0.0000     0.0000     1.9762     4.7836     4.9950     0.0000     0.0293     0.1070          1 0.0000e+00
    739.729    409.077    405.006     9.8311     9.8291   3.844964   3.845382    35.3462    35.3524     1.9749  196.07324     0.0000     0.0000     1.9753     4.7837     4.9949     0.0000     0.0293     0.1068          1 0.0000e+00
    740.229    409.625    405.553     9.8286     9.8282   3.844740   3.845304    35.3460    35.3521     1.9732  195.66955     0.0000     0.0000     1.9736     4.7834     4.9949     0.0000     0.0305     0.1033          1 0.0000e+00
    740.729    410.164    406.091     9.8280     9.8285   3.844692   3.845348    35.3458    35.3520     1.9720  195.43520     0.0000     0.0000     1.9724     4.7833     4.9950     0.0000     0.0306     0.1032          1 0.0000e+00
    741.229    410.696    406.608     9.8270     9.8267   3.844603   3.845149    35.3455    35.3515     1.9703  195.12157     0.0000     0.0000     1.9707     4.7841     4.9949     0.0000     0.0294     0.1032          1 0.0000e+00
    741.729    411.216    407.134     9.8209     9.8207   3.843984   3.844579    35.3450    35.3513     1.9688  194.88274     0.0000     0.0000     1.9692     4.7836     4.9950     0.0000     0.0293     0.1032          1 0.0000e+00
    742.229    411.711    407.607     9.8198     9.8195   3.843905   3.844483    35.3449    35.3512     1.9680  194.83832     0.0000     0.0000     1.9684     4.7838     4.9949     0.0000     0.0302     0.1051          1 0.0000e+00
    742.729    412.189    408.100     9.8194     9.8193   3.843887   3.844485    35.3449    35.3511     1.9677  195.02108     0.0000     0.0000     1.9681     4.7834     4.9950     0.0000     0.0306     0.1054          1 0.0000e+00
    743.229    412.637    408.537     9.8191     9.8190   3.843887   3.844470    35.3448    35.3510     1.9670  195.17163     0.0000     0.0000     1.9674     4.7829     4.9948     0.0000     0.0298     0.1059          1 0.0000e+00
    743.729    413.072    408.960     9.8184     9.8180   3.843810   3.844379    35.3445    35.3507     1.9662  195.19554     0.0000     0.0000     1.9666     4.7834     4.9947     0.0000     0.0293     0.1054          1 0.0000e+00
    744.229    413.483    409.372     9.8160     9.8167   3.843591   3.844260    35.3444    35.3506     1.9657  195.10200     0.0000     0.0000     1.9661     4.7837     4.9949     0.0000     0.0293     0.1056          1 0.0000e+00
    744.729    413.902    409.772     9.8164     9.8151   3.843656   3.844117    35.3444    35.3505     1.9651  194.99790     0.0000     0.0000     1.9655     4.7843     4.9950     0.0000     0.0293     0.1058          1 0.0000e+00
    745.229    414.347    410.220     9.8153     9.8150   3.843545   3.844144    35.3441    35.3505     1.9645  194.94148     0.0000     0.0000     1.9649     4.7839     4.9950     0.0000     0.0293     0.1067          1 0.0000e+00
    745.729    414.819    410.691     9.8141     9.8139   3.843453   3.844027    35.3440    35.3502     1.9646  195.07068     0.0000     0.0000     1.9650     4.7837     4.9949     0.0000     0.0293     0.1079          1 0.0000e+00
    746.229    415.317    411.177     9.8126     9.8122   3.843329   3.843893    35.3440    35.3502     1.9642  195.16132     0.0000     0.0000     1.9646     4.7848     4.9950     0.0000     0.0293     0.1070          1 0.0000e+00
    746.729    415.850    411.709     9.8116     9.8116   3.843240   3.843850    35.3438    35.3501     1.9638  195.17672     0.0000     0.0000     1.9642     4.7844     4.9949     0.0000     0.0293     0.1046          1 0.0000e+00
    747.229    416.402    412.261     9.8106     9.8113   3.843177   3.843849    35.3438    35.3500     1.9633  195.04840     0.0000     0.0000     1.9637     4.7842     4.9950     0.0000     0.0293     0.1050          1 0.0000e+00
    747.729    416.970    412.815     9.8129     9.8132   3.843455   3.844079    35.3440    35.3502     1.9628  194.87404     0.0000     0.0000     1.9632     4.7840     4.9948     0.0000     0.0293     0.1072          1 0.0000e+00
    748.229    417.530    413.363     9.8123     9.8112   3.843371   3.843889    35.3436    35.3499     1.9623  194.80589     0.0000     0.0000     1.9626     4.7835     4.9948     0.0000     0.0293     0.1073          1 0.0000e+00
    748.729    418.074    413.911     9.8083     9.8083   3.842994   3.843584    35.3434    35.3495     1.9619  194.80559     0.0000     0.0000     1.9622     4.7795     4.9948     0.0000     0.0293     0.1058          1 0.0000e+00
    749.229    418.597    414.441     9.8020     9.8019   3.842354   3.842960    35.3429    35.3492     1.9619  194.92208     0.0000     0.0000     1.9622     4.7812     4.9949     0.0000     0.0293     0.1060          1 0.0000e+00
    749.729    419.096    414.911     9.7963     9.7965   3.841786   3.842407    35.3425    35.3486     1.9617  195.02196     0.0000     0.0000     1.9620     4.7839     4.9950     0.0000     0.0293     0.1058          1 0.0000e+00
    750.229    419.584    415.409     9.7829     9.7831   3.840373   3.841012    35.3412    35.3475     1.9608  194.96291     0.0000     0.0000     1.9612     4.7825     4.9949     0.0000     0.0293     0.1057          1 0.0000e+00
    750.729    420.052    415.866     9.7708     9.7701   3.839147   3.839672    35.3405    35.3466     1.9605  194.90125     0.0000     0.0000     1.9609     4.7822     4.9951     0.0000     0.0302     0.1051          1 0.0000e+00
    751.229    420.519    416.328     9.7571     9.7561   3.837783   3.838288    35.3398    35.3461     1.9594  194.70727     0.0000     0.0000     1.9598     4.7839     4.9949     0.0000     0.0305     0.1050          1 0.0000e+00
    751.729    420.997    416.804     9.7530     9.7528   3.837390   3.837974    35.3397    35.3459     1.9585  194.53339     0.0000     0.0000     1.9589     4.7837     4.9951     0.0000     0.0297     0.1046          1 0.0000e+00
    752.229    421.498    417.285     9.7506     9.7503   3.837143   3.837729    35.3392    35.3454     1.9580  194.41413     0.0000     0.0000     1.9584     4.7835     4.9948     0.0000     0.0293     0.1048          1 0.0000e+00
    752.729    422.023    417.813     9.7454     9.7455   3.836645   3.837265    35.3390    35.3452     1.9571  194.33589     0.0000     0.0000     1.9575     4.7838     4.9949     0.0000     0.0299     0.1067          1 0.0000e+00
    753.229    422.568    418.356     9.7429     9.7425   3.836407   3.836940    35.3386    35.3445     1.9558  194.18209     0.0000     0.0000     1.9562     4.7834     4.9949     0.0000     0.0305     0.1086          1 0.0000e+00
    753.729    423.130    418.911     9.7295     9.7300   3.835044   3.835680    35.3377    35.3438     1.9553  194.17838     0.0000     0.0000     1.9557     4.7840     4.9947     0.0000     0.0305     0.1076          1 0.0000e+00
    754.229    423.679    419.453     9.7250     9.7251   3.834646   3.835246    35.3377    35.3438     1.9546  194.12021     0.0000     0.0000     1.9550     4.7821     4.9951     0.0000     0.0305     0.1055          1 0.0000e+00
    754.729    424.207    419.976     9.7250     9.7242   3.834646   3.835157    35.3374    35.3435     1.9535  194.03171     0.0000     0.0000     1.9539     4.7775     4.9951     0.0000     0.0302     0.1065          1 0.0000e+00
    755.229    424.708    420.472     9.7237     9.7232   3.834530   3.835080    35.3372    35.3434     1.9524  193.84534     0.0000     0.0000     1.9528     4.7810     4.9950     0.0000     0.0293     0.1079          1 0.0000e+00
    755.729    425.184    420.948     9.7235     9.7235   3.834529   3.835131    35.3370    35.3432     1.9516  193.66217     0.0000     0.0000     1.9520     4.7836     4.9950     0.0000     0.0295     0.1082          1 0.0000e+00
    756.229    425.641    421.393     9.7238     9.7237   3.834585   3.835167    35.3369    35.3430     1.9509  193.57502     0.0000     0.0000     1.9513     4.7832     4.9947     0.0000     0.0305     0.1085          1 0.0000e+00
    756.729    426.087    421.832     9.7234     9.7236   3.834567   3.835192    35.3368    35.3431     1.9507  193.71115     0.0000     0.0000     1.9511     4.7833     4.9948     0.0000     0.0305     0.1082          1 0.0000e+00
    757.229    426.539    422.275     9.7228     9.7228   3.834521   3.835122    35.3367    35.3428     1.9502  193.82966     0.0000     0.0000     1.9505     4.7834     4.9951     0.0000     0.0293     0.1072          1 0.0000e+00
    757.729    427.015    422.757     9.7212     9.7205   3.834370   3.834902    35.3365    35.3426     1.9499  193.91750     0.0000     0.0000     1.9503     4.7839     4.9948     0.0000     0.0293     0.1074          1 0.0000e+00
    758.229    427.512    423.242     9.7152     9.7146   3.833763   3.834306    35.3360    35.3421     1.9494  193.87237     0.0000     0.0000     1.9498     4.7838     4.9949     0.0000     0.0293     0.1049          1 0.0000e+00
