odissea/cruise_data/ce25007/data/ctd/ce25007_017.cnv
* Sea-Bird SBE 9 Data File:
* FileName = C:\CE_CTD_Data\2025_CTD_Data\CE25007\CE25007_017.hdr
* Software Version Seasave V 7.26.7.121
* Temperature SN = 4382
* Conductivity SN = 2796
* Number of Bytes Per Scan = 40
* Number of Voltage Words = 5
* Number of Scans Averaged by the Deck Unit = 1
* NMEA Latitude = 54 36.64 N
* NMEA Longitude = 017 54.00 W
* NMEA UTC (Time) = May 14 2025 21:07:20
* NMEA baud rate = 4800
** Cruise: CE18001
** PSO: Caroline Cusack
** CTD operator:
** Technician:
** Cast No:
** Station:
** Event No:
** Sea state:
** Wind speed:
** Sounding depth
# nquan = 21
# nvalues = 10232                       
# units = specified
# name 0 = timeS: Time, Elapsed [seconds]
# name 1 = prDM: Pressure, Digiquartz [db]
# name 2 = depSM: Depth [salt water, m]
# name 3 = t090C: Temperature [ITS-90, deg C]
# name 4 = t190C: Temperature, 2 [ITS-90, deg C]
# name 5 = c0S/m: Conductivity [S/m]
# name 6 = c1S/m: Conductivity, 2 [S/m]
# name 7 = sal00: Salinity, Practical [PSU]
# name 8 = sal11: Salinity, Practical, 2 [PSU]
# name 9 = sbeox0V: Oxygen raw, SBE 43 [V]
# name 10 = sbeox0Mm/L: Oxygen, SBE 43 [umol/l]
# name 11 = v0: Voltage 0
# name 12 = v1: Voltage 1
# name 13 = v2: Voltage 2
# name 14 = v3: Voltage 3
# name 15 = v4: Voltage 4
# name 16 = v5: Voltage 5
# name 17 = v6: Voltage 6
# name 18 = v7: Voltage 7
# name 19 = pumps: Pump Status
# name 20 = flag: flag
# span 0 =      0.229,   5115.500       
# span 1 =     -0.300,   1340.083       
# span 2 =     -0.309,   1323.793       
# span 3 =     3.9706,    13.7892       
# span 4 =     3.9700,    13.6606       
# span 5 =   0.040515,   4.123621       
# span 6 =   0.051484,   4.127310       
# span 7 =     0.2548,    35.7729       
# span 8 =     0.3223,    35.7400       
# span 9 =     1.4748,     3.1229       
# span 10 =  136.34657,  337.69842      
# span 11 =     0.0000,     0.0000      
# span 12 =     0.0000,     0.0000      
# span 13 =     1.4765,     3.1229      
# span 14 =     0.0257,     4.7849      
# span 15 =     0.1801,     5.0000      
# span 16 =     0.0000,     0.0000      
# span 17 =     0.0208,     0.4510      
# span 18 =     0.0944,     2.4408      
# span 19 =          0,          1      
# span 20 = 0.0000e+00, 0.0000e+00      
# interval = seconds: 0.5               
# start_time = May 14 2025 21:07:20 [NMEA time, header]
# bad_flag = -9.990e-29
*END*
[from data line 7449]
   3724.729    355.468    351.966    10.6873    10.6887   3.933174   3.933978    35.4323    35.4390     2.4048  247.41535     0.0000     0.0000     2.3965     4.7748     4.9985     0.0000     0.0357     0.1079          1 0.0000e+00
   3725.229    355.480    351.978    10.6874    10.6875   3.933177   3.933836    35.4322    35.4389     2.4051  247.66151     0.0000     0.0000     2.3968     4.7749     4.9985     0.0000     0.0365     0.1077          1 0.0000e+00
   3725.729    355.557    352.059    10.6879    10.6880   3.933216   3.933901    35.4321    35.4389     2.4054  247.72185     0.0000     0.0000     2.3971     4.7740     4.9981     0.0000     0.0322     0.1089          1 0.0000e+00
   3726.229    355.692    352.190    10.6880    10.6874   3.933227   3.933869    35.4320    35.4391     2.4057  247.75431     0.0000     0.0000     2.3974     4.7740     4.9981     0.0000     0.0305     0.1092          1 0.0000e+00
   3726.729    355.870    352.368    10.6869    10.6867   3.933152   3.933829    35.4323    35.4393     2.4052  247.60065     0.0000     0.0000     2.3969     4.7753     4.9983     0.0000     0.0305     0.1084          1 0.0000e+00
   3727.229    356.077    352.581    10.6857    10.6856   3.933044   3.933723    35.4323    35.4393     2.4049  247.42372     0.0000     0.0000     2.3966     4.7745     4.9985     0.0000     0.0306     0.1075          1 0.0000e+00
   3727.729    356.261    352.757    10.6858    10.6854   3.933058   3.933702    35.4323    35.4391     2.4050  247.33980     0.0000     0.0000     2.3967     4.7746     4.9981     0.0000     0.0323     0.1078          1 0.0000e+00
   3728.229    356.404    352.908    10.6859    10.6851   3.933066   3.933690    35.4322    35.4393     2.4043  247.26527     0.0000     0.0000     2.3961     4.7741     4.9984     0.0000     0.0342     0.1078          1 0.0000e+00
   3728.729    356.491    352.990    10.6855    10.6845   3.933032   3.933631    35.4322    35.4392     2.4051  247.45204     0.0000     0.0000     2.3968     4.7741     4.9979     0.0000     0.0337     0.1077          1 0.0000e+00
   3729.229    356.506    353.005    10.6853    10.6846   3.933025   3.933641    35.4323    35.4392     2.4051  247.54319     0.0000     0.0000     2.3968     4.7734     4.9982     0.0000     0.0330     0.1077          1 0.0000e+00
   3729.729    356.445    352.942    10.6850    10.6844   3.932992   3.933612    35.4323    35.4391     2.4051  247.58565     0.0000     0.0000     2.3968     4.7736     4.9981     0.0000     0.0322     0.1075          1 0.0000e+00
   3730.229    356.336    352.837    10.6851    10.6855   3.932989   3.933696    35.4323    35.4390     2.4051  247.56286     0.0000     0.0000     2.3968     4.7739     4.9982     0.0000     0.0293     0.1066          1 0.0000e+00
   3730.729    356.181    352.678    10.6859    10.6856   3.933060   3.933721    35.4323    35.4392     2.4050  247.46388     0.0000     0.0000     2.3967     4.7744     4.9984     0.0000     0.0296     0.1073          1 0.0000e+00
   3731.229    356.033    352.531    10.6866    10.6868   3.933138   3.933806    35.4324    35.4389     2.4051  247.47640     0.0000     0.0000     2.3968     4.7743     4.9982     0.0000     0.0327     0.1093          1 0.0000e+00
   3731.729    355.920    352.415    10.6869    10.6870   3.933168   3.933826    35.4324    35.4390     2.4039  247.23910     0.0000     0.0000     2.3957     4.7747     4.9983     0.0000     0.0330     0.1090          1 0.0000e+00
   3732.229    355.850    352.346    10.6884    10.6884   3.933305   3.933937    35.4324    35.4387     2.4043  247.19738     0.0000     0.0000     2.3961     4.7745     4.9985     0.0000     0.0342     0.1092          1 0.0000e+00
   3732.729    355.814    352.313    10.6891    10.6898   3.933329   3.934058    35.4319    35.4385     2.4053  247.42840     0.0000     0.0000     2.3970     4.7744     4.9985     0.0000     0.0342     0.1088          1 0.0000e+00
   3733.229    355.810    352.309    10.6878    10.6901   3.933232   3.934093    35.4322    35.4387     2.4062  247.83944     0.0000     0.0000     2.3979     4.7744     4.9984     0.0000     0.0332     0.1092          1 0.0000e+00
   3733.729    355.831    352.332    10.6875    10.6888   3.933210   3.934009    35.4322    35.4390     2.4064  248.09050     0.0000     0.0000     2.3981     4.7742     4.9983     0.0000     0.0329     0.1092          1 0.0000e+00
   3734.229    355.870    352.368    10.6880    10.6879   3.933250   3.933932    35.4322    35.4392     2.4063  247.92439     0.0000     0.0000     2.3980     4.7740     4.9984     0.0000     0.0312     0.1079          1 0.0000e+00
   3734.729    355.926    352.427    10.6882    10.6876   3.933272   3.933903    35.4322    35.4391     2.4070  247.88874     0.0000     0.0000     2.3988     4.7738     4.9984     0.0000     0.0305     0.1080          1 0.0000e+00
   3735.229    356.002    352.498    10.6880    10.6877   3.933253   3.933918    35.4322    35.4392     2.4069  247.81280     0.0000     0.0000     2.3986     4.7746     4.9985     0.0000     0.0297     0.1076          1 0.0000e+00
   3735.729    356.098    352.594    10.6878    10.6877   3.933254   3.933911    35.4323    35.4391     2.4063  247.69393     0.0000     0.0000     2.3980     4.7737     4.9983     0.0000     0.0293     0.1076          1 0.0000e+00
   3736.229    356.205    352.704    10.6879    10.6877   3.933254   3.933915    35.4322    35.4391     2.4055  247.42840     0.0000     0.0000     2.3973     4.7733     4.9986     0.0000     0.0299     0.1085          1 0.0000e+00
   3736.729    356.314    352.812    10.6879    10.6875   3.933275   3.933909    35.4323    35.4392     2.4050  247.16023     0.0000     0.0000     2.3968     4.7746     4.9982     0.0000     0.0305     0.1078          1 0.0000e+00
   3737.229    356.394    352.893    10.6878    10.6875   3.933259   3.933905    35.4322    35.4391     2.4044  247.06740     0.0000     0.0000     2.3962     4.7741     4.9980     0.0000     0.0305     0.1086          1 0.0000e+00
   3737.729    356.445    352.937    10.6878    10.6875   3.933284   3.933919    35.4325    35.4392     2.4039  246.99712     0.0000     0.0000     2.3957     4.7738     4.9982     0.0000     0.0305     0.1093          1 0.0000e+00
   3738.229    356.462    352.961    10.6878    10.6872   3.933274   3.933893    35.4323    35.4393     2.4038  247.06398     0.0000     0.0000     2.3956     4.7740     4.9985     0.0000     0.0310     0.1088          1 0.0000e+00
   3738.729    356.450    352.951    10.6876    10.6869   3.933245   3.933847    35.4323    35.4391     2.4042  247.23988     0.0000     0.0000     2.3960     4.7747     4.9985     0.0000     0.0328     0.1077          1 0.0000e+00
   3739.229    356.399    352.895    10.6879    10.6874   3.933259   3.933901    35.4322    35.4392     2.4040  247.35298     0.0000     0.0000     2.3958     4.7737     4.9982     0.0000     0.0327     0.1079          1 0.0000e+00
   3739.729    356.314    352.813    10.6885    10.6881   3.933330   3.933959    35.4323    35.4391     2.4048  247.54831     0.0000     0.0000     2.3966     4.7742     4.9980     0.0000     0.0305     0.1069          1 0.0000e+00
   3740.229    356.195    352.696    10.6888    10.6885   3.933363   3.934002    35.4324    35.4392     2.4049  247.62014     0.0000     0.0000     2.3967     4.7739     4.9984     0.0000     0.0305     0.1073          1 0.0000e+00
   3740.729    356.064    352.559    10.6895    10.6894   3.933418   3.934071    35.4323    35.4390     2.4050  247.64967     0.0000     0.0000     2.3968     4.7745     4.9986     0.0000     0.0329     0.1079          1 0.0000e+00
   3741.229    355.948    352.443    10.6898    10.6900   3.933444   3.934124    35.4324    35.4390     2.4050  247.58222     0.0000     0.0000     2.3968     4.7746     4.9985     0.0000     0.0330     0.1079          1 0.0000e+00
   3741.729    355.880    352.376    10.6889    10.6903   3.933360   3.934154    35.4324    35.4390     2.4040  247.26822     0.0000     0.0000     2.3958     4.7731     4.9984     0.0000     0.0329     0.1071          1 0.0000e+00
   3742.229    355.867    352.367    10.6889    10.6906   3.933351   3.934157    35.4323    35.4388     2.4039  247.11418     0.0000     0.0000     2.3957     4.7728     4.9984     0.0000     0.0330     0.1071          1 0.0000e+00
   3742.729    355.906    352.404    10.6892    10.6901   3.933378   3.934130    35.4324    35.4390     2.4040  247.11669     0.0000     0.0000     2.3958     4.7734     4.9984     0.0000     0.0312     0.1070          1 0.0000e+00
   3743.229    355.985    352.479    10.6896    10.6893   3.933424   3.934077    35.4324    35.4392     2.4033  247.08806     0.0000     0.0000     2.3951     4.7734     4.9982     0.0000     0.0305     0.1070          1 0.0000e+00
   3743.729    356.072    352.577    10.6897    10.6890   3.933436   3.934042    35.4323    35.4391     2.4027  246.96921     0.0000     0.0000     2.3945     4.7738     4.9983     0.0000     0.0305     0.1071          1 0.0000e+00
   3744.229    356.125    352.626    10.6897    10.6895   3.933437   3.934097    35.4324    35.4391     2.4026  246.88260     0.0000     0.0000     2.3944     4.7741     4.9984     0.0000     0.0305     0.1071          1 0.0000e+00
   3744.729    356.129    352.635    10.6895    10.6887   3.933401   3.934019    35.4322    35.4391     2.4027  246.94825     0.0000     0.0000     2.3945     4.7746     4.9981     0.0000     0.0305     0.1089          1 0.0000e+00
   3745.229    356.071    352.575    10.6891    10.6885   3.933364   3.933987    35.4322    35.4391     2.4035  247.30809     0.0000     0.0000     2.3953     4.7738     4.9984     0.0000     0.0305     0.1105          1 0.0000e+00
   3745.729    355.941    352.447    10.6897    10.6884   3.933432   3.933989    35.4324    35.4393     2.4036  247.45259     0.0000     0.0000     2.3954     4.7725     4.9979     0.0000     0.0302     0.1095          1 0.0000e+00
   3746.229    355.744    352.253    10.6903    10.6899   3.933466   3.934094    35.4322    35.4388     2.4032  247.36743     0.0000     0.0000     2.3950     4.7709     4.9985     0.0000     0.0293     0.1076          1 0.0000e+00
   3746.729    355.478    351.986    10.6908    10.6906   3.933490   3.934143    35.4321    35.4389     2.4038  247.34732     0.0000     0.0000     2.3956     4.7727     4.9982     0.0000     0.0293     0.1080          1 0.0000e+00
   3747.229    355.156    351.669    10.6910    10.6906   3.933510   3.934134    35.4322    35.4389     2.4044  247.44253     0.0000     0.0000     2.3962     4.7733     4.9985     0.0000     0.0293     0.1079          1 0.0000e+00
   3747.729    354.790    351.306    10.6917    10.6910   3.933556   3.934156    35.4322    35.4388     2.4050  247.66710     0.0000     0.0000     2.3968     4.7724     4.9985     0.0000     0.0294     0.1078          1 0.0000e+00
   3748.229    354.404    350.916    10.6927    10.6918   3.933629   3.934206    35.4320    35.4388     2.4055  247.78266     0.0000     0.0000     2.3973     4.7734     4.9983     0.0000     0.0305     0.1072          1 0.0000e+00
   3748.729    354.022    350.546    10.6939    10.6927   3.933684   3.934254    35.4316    35.4386     2.4063  247.90477     0.0000     0.0000     2.3981     4.7744     4.9982     0.0000     0.0305     0.1072          1 0.0000e+00
   3749.229    353.642    350.167    10.6950    10.6932   3.933720   3.934283    35.4310    35.4385     2.4072  248.02390     0.0000     0.0000     2.3990     4.7741     4.9979     0.0000     0.0293     0.1072          1 0.0000e+00
   3749.729    353.269    349.791    10.6947    10.6933   3.933684   3.934260    35.4312    35.4383     2.4074  248.04983     0.0000     0.0000     2.3992     4.7732     4.9983     0.0000     0.0293     0.1071          1 0.0000e+00
   3750.229    352.900    349.438    10.6944    10.6935   3.933644   3.934253    35.4313    35.4382     2.4072  247.87070     0.0000     0.0000     2.3990     4.7719     4.9984     0.0000     0.0293     0.1076          1 0.0000e+00
   3750.729    352.531    349.062    10.6950    10.6943   3.933618   3.934248    35.4306    35.4376     2.4070  247.60454     0.0000     0.0000     2.3988     4.7725     4.9983     0.0000     0.0293     0.1077          1 0.0000e+00
   3751.229    352.175    348.714    10.6946    10.6941   3.933582   3.934230    35.4307    35.4377     2.4071  247.52683     0.0000     0.0000     2.3989     4.7733     4.9982     0.0000     0.0320     0.1073          1 0.0000e+00
   3751.729    351.814    348.362    10.6943    10.6940   3.933515   3.934167    35.4305    35.4373     2.4062  247.35819     0.0000     0.0000     2.3980     4.7729     4.9980     0.0000     0.0330     0.1070          1 0.0000e+00
   3752.229    351.443    347.992    10.6942    10.6940   3.933391   3.934118    35.4295    35.4370     2.4050  247.05722     0.0000     0.0000     2.3968     4.7731     4.9983     0.0000     0.0330     0.1083          1 0.0000e+00
   3752.729    351.066    347.614    10.6944    10.6940   3.933325   3.934085    35.4289    35.4369     2.4038  246.60781     0.0000     0.0000     2.3956     4.7735     4.9984     0.0000     0.0330     0.1094          1 0.0000e+00
   3753.229    350.701    347.254    10.6945    10.6938   3.933333   3.934039    35.4290    35.4368     2.4029  246.36263     0.0000     0.0000     2.3947     4.7736     4.9984     0.0000     0.0328     0.1097          1 0.0000e+00
   3753.729    350.347    346.907    10.6948    10.6936   3.933311   3.933977    35.4287    35.4365     2.4027  246.41951     0.0000     0.0000     2.3945     4.7733     4.9982     0.0000     0.0329     0.1102          1 0.0000e+00
   3754.229    350.010    346.580    10.6951    10.6938   3.933307   3.933953    35.4285    35.4363     2.4030  246.71995     0.0000     0.0000     2.3949     4.7737     4.9981     0.0000     0.0321     0.1095          1 0.0000e+00
   3754.729    349.679    346.238    10.6951    10.6941   3.933296   3.933942    35.4286    35.4359     2.4026  246.84427     0.0000     0.0000     2.3945     4.7739     4.9980     0.0000     0.0305     0.1082          1 0.0000e+00
   3755.229    349.360    345.935    10.6950    10.6944   3.933281   3.933929    35.4286    35.4358     2.4025  246.87867     0.0000     0.0000     2.3944     4.7747     4.9982     0.0000     0.0305     0.1084          1 0.0000e+00
   3755.729    349.033    345.607    10.6951    10.6941   3.933264   3.933921    35.4285    35.4361     2.4025  246.83884     0.0000     0.0000     2.3944     4.7745     4.9984     0.0000     0.0305     0.1091          1 0.0000e+00
   3756.229    348.673    345.252    10.6952    10.6943   3.933243   3.933897    35.4283    35.4358     2.4017  246.65697     0.0000     0.0000     2.3936     4.7744     4.9983     0.0000     0.0303     0.1091          1 0.0000e+00
   3756.729    348.278    344.862    10.6952    10.6942   3.933217   3.933841    35.4283    35.4355     2.4013  246.50846     0.0000     0.0000     2.3932     4.7746     4.9986     0.0000     0.0293     0.1075          1 0.0000e+00
   3757.229    347.846    344.438    10.6952    10.6944   3.933202   3.933813    35.4283    35.4352     2.4012  246.44931     0.0000     0.0000     2.3931     4.7748     4.9980     0.0000     0.0293     0.1080          1 0.0000e+00
   3757.729    347.383    343.972    10.6963    10.6946   3.933243   3.933809    35.4278    35.4352     2.4005  246.31313     0.0000     0.0000     2.3923     4.7739     4.9981     0.0000     0.0328     0.1093          1 0.0000e+00
   3758.229    346.898    343.500    10.6969    10.6953   3.933253   3.933816    35.4276    35.4349     2.4011  246.51191     0.0000     0.0000     2.3930     4.7737     4.9983     0.0000     0.0328     0.1092          1 0.0000e+00
