odissea/cruise_data/ce25007/data/ctd/ce25007_020.cnv
* Sea-Bird SBE 9 Data File:
* FileName = C:\CE_CTD_Data\2025_CTD_Data\CE25007\CE25007_020.hdr
* Software Version Seasave V 7.26.7.121
* Temperature SN = 4382
* Conductivity SN = 2796
* Number of Bytes Per Scan = 40
* Number of Voltage Words = 5
* Number of Scans Averaged by the Deck Unit = 1
* NMEA Latitude = 54 32.47 N
* NMEA Longitude = 019 18.45 W
* NMEA UTC (Time) = May 15 2025 07:29:00
* NMEA baud rate = 4800
** Cruise: CE18001
** PSO: Caroline Cusack
** CTD operator:
** Technician:
** Cast No:
** Station:
** Event No:
** Sea state:
** Wind speed:
** Sounding depth
# nquan = 21
# nvalues = 11844                       
# units = specified
# name 0 = timeS: Time, Elapsed [seconds]
# name 1 = prDM: Pressure, Digiquartz [db]
# name 2 = depSM: Depth [salt water, m]
# name 3 = t090C: Temperature [ITS-90, deg C]
# name 4 = t190C: Temperature, 2 [ITS-90, deg C]
# name 5 = c0S/m: Conductivity [S/m]
# name 6 = c1S/m: Conductivity, 2 [S/m]
# name 7 = sal00: Salinity, Practical [PSU]
# name 8 = sal11: Salinity, Practical, 2 [PSU]
# name 9 = sbeox0V: Oxygen raw, SBE 43 [V]
# name 10 = sbeox0Mm/L: Oxygen, SBE 43 [umol/l]
# name 11 = v0: Voltage 0
# name 12 = v1: Voltage 1
# name 13 = v2: Voltage 2
# name 14 = v3: Voltage 3
# name 15 = v4: Voltage 4
# name 16 = v5: Voltage 5
# name 17 = v6: Voltage 6
# name 18 = v7: Voltage 7
# name 19 = pumps: Pump Status
# name 20 = flag: flag
# span 0 =      0.229,   5921.521       
# span 1 =     -0.260,   1370.376       
# span 2 =     -0.267,   1353.633       
# span 3 =     4.3185,    14.6112       
# span 4 =     4.3187,    14.6945       
# span 5 =   0.012530,   4.133530       
# span 6 =   0.026396,   4.124182       
# span 7 =     0.0764,    35.6172       
# span 8 =     0.1593,    35.5318       
# span 9 =     1.8317,     2.8426       
# span 10 =  189.30969,  335.24042      
# span 11 =     0.0000,     0.0000      
# span 12 =     0.0000,     0.0000      
# span 13 =     1.8282,     2.8426      
# span 14 =     0.0035,     4.8450      
# span 15 =     0.3716,     5.0000      
# span 16 =     0.0000,     0.0000      
# span 17 =     0.0049,     0.4469      
# span 18 =     0.0769,     4.9512      
# span 19 =          0,          1      
# span 20 = 0.0000e+00, 0.0000e+00      
# interval = seconds: 0.5               
# start_time = May 15 2025 07:29:00 [NMEA time, header]
# bad_flag = -9.990e-29
*END*
[from data line 9104]
   4552.229    506.391    501.240    10.0748    10.0763   3.870132   3.870833    35.3203    35.3260     2.0503  208.03306     0.0000     0.0000     2.0416     4.7744     4.9979     0.0000     0.0269     0.1053          1 0.0000e+00
   4552.729    506.260    501.114    10.0740    10.0758   3.870063   3.870745    35.3204    35.3256     2.0502  208.00557     0.0000     0.0000     2.0415     4.7745     4.9982     0.0000     0.0279     0.1059          1 0.0000e+00
   4553.229    506.047    500.895    10.0773    10.0790   3.870362   3.871140    35.3203    35.3266     2.0502  208.03511     0.0000     0.0000     2.0415     4.7740     4.9980     0.0000     0.0305     0.1077          1 0.0000e+00
   4553.729    505.771    500.621    10.0836    10.0847   3.871066   3.871735    35.3213    35.3270     2.0502  207.99515     0.0000     0.0000     2.0415     4.7744     4.9980     0.0000     0.0303     0.1075          1 0.0000e+00
   4554.229    505.455    500.306    10.0854    10.0869   3.871256   3.871992    35.3216    35.3276     2.0506  208.09759     0.0000     0.0000     2.0419     4.7745     4.9981     0.0000     0.0293     0.1053          1 0.0000e+00
   4554.729    505.152    500.006    10.0865    10.0873   3.871374   3.872005    35.3219    35.3275     2.0505  208.08656     0.0000     0.0000     2.0418     4.7748     4.9979     0.0000     0.0293     0.1054          1 0.0000e+00
   4555.229    504.903    499.755    10.0860    10.0852   3.871288   3.871733    35.3216    35.3270     2.0512  208.25071     0.0000     0.0000     2.0425     4.7745     4.9979     0.0000     0.0305     0.1080          1 0.0000e+00
   4555.729    504.720    499.571    10.0849    10.0849   3.871185   3.871717    35.3217    35.3272     2.0513  208.30498     0.0000     0.0000     2.0426     4.7745     4.9981     0.0000     0.0305     0.1079          1 0.0000e+00
   4556.229    504.638    499.495    10.0849    10.0843   3.871191   3.871649    35.3218    35.3271     2.0514  208.32590     0.0000     0.0000     2.0427     4.7747     4.9980     0.0000     0.0305     0.1072          1 0.0000e+00
   4556.729    504.651    499.507    10.0853    10.0860   3.871212   3.871836    35.3216    35.3273     2.0514  208.24394     0.0000     0.0000     2.0427     4.7747     4.9980     0.0000     0.0305     0.1069          1 0.0000e+00
   4557.229    504.718    499.576    10.0851    10.0859   3.871202   3.871833    35.3217    35.3273     2.0514  208.17597     0.0000     0.0000     2.0427     4.7741     4.9983     0.0000     0.0296     0.1075          1 0.0000e+00
   4557.729    504.775    499.639    10.0839    10.0862   3.871054   3.871862    35.3213    35.3273     2.0515  208.18706     0.0000     0.0000     2.0428     4.7748     4.9981     0.0000     0.0293     0.1076          1 0.0000e+00
   4558.229    504.809    499.669    10.0831    10.0854   3.871024   3.871783    35.3219    35.3273     2.0514  208.16867     0.0000     0.0000     2.0427     4.7746     4.9979     0.0000     0.0293     0.1071          1 0.0000e+00
   4558.729    504.798    499.664    10.0822    10.0836   3.870849   3.871587    35.3210    35.3271     2.0514  208.16251     0.0000     0.0000     2.0427     4.7747     4.9981     0.0000     0.0293     0.1068          1 0.0000e+00
   4559.229    504.751    499.615    10.0818    10.0826   3.870829   3.871449    35.3212    35.3267     2.0514  208.15146     0.0000     0.0000     2.0427     4.7745     4.9980     0.0000     0.0281     0.1083          1 0.0000e+00
   4559.729    504.681    499.544    10.0789    10.0796   3.870507   3.871140    35.3209    35.3266     2.0511  208.10111     0.0000     0.0000     2.0424     4.7747     4.9977     0.0000     0.0269     0.1092          1 0.0000e+00
   4560.229    504.627    499.482    10.0757    10.0753   3.870164   3.870649    35.3206    35.3260     2.0513  208.12492     0.0000     0.0000     2.0426     4.7746     4.9981     0.0000     0.0283     0.1087          1 0.0000e+00
   4560.729    504.622    499.481    10.0759    10.0763   3.870197   3.870778    35.3207    35.3263     2.0513  208.14338     0.0000     0.0000     2.0426     4.7747     4.9979     0.0000     0.0305     0.1077          1 0.0000e+00
   4561.229    504.641    499.506    10.0752    10.0761   3.870122   3.870732    35.3207    35.3260     2.0506  207.99598     0.0000     0.0000     2.0419     4.7747     4.9982     0.0000     0.0302     0.1079          1 0.0000e+00
   4561.729    504.635    499.500    10.0742    10.0781   3.869989   3.870954    35.3203    35.3262     2.0503  207.89725     0.0000     0.0000     2.0416     4.7747     4.9977     0.0000     0.0293     0.1078          1 0.0000e+00
   4562.229    504.558    499.429    10.0750    10.0753   3.870097   3.870648    35.3206    35.3260     2.0502  207.79697     0.0000     0.0000     2.0415     4.7744     4.9982     0.0000     0.0295     0.1082          1 0.0000e+00
   4562.729    504.372    499.250    10.0763    10.0766   3.870192   3.870763    35.3204    35.3259     2.0500  207.81344     0.0000     0.0000     2.0413     4.7749     4.9982     0.0000     0.0305     0.1082          1 0.0000e+00
   4563.229    504.069    498.947    10.0776    10.0773   3.870352   3.870853    35.3209    35.3262     2.0502  207.91082     0.0000     0.0000     2.0415     4.7749     4.9978     0.0000     0.0305     0.1078          1 0.0000e+00
   4563.729    503.669    498.556    10.0812    10.0805   3.870719   3.871243    35.3212    35.3272     2.0502  207.96509     0.0000     0.0000     2.0415     4.7747     4.9977     0.0000     0.0293     0.1094          1 0.0000e+00
   4564.229    503.162    498.046    10.0828    10.0827   3.870845   3.871396    35.3211    35.3268     2.0503  207.98354     0.0000     0.0000     2.0416     4.7748     4.9979     0.0000     0.0293     0.1094          1 0.0000e+00
   4564.729    502.555    497.448    10.0799    10.0799   3.870504   3.871076    35.3208    35.3266     2.0503  208.01619     0.0000     0.0000     2.0416     4.7744     4.9980     0.0000     0.0293     0.1075          1 0.0000e+00
   4565.229    501.888    496.788    10.0820    10.0821   3.870774   3.871335    35.3218    35.3274     2.0505  207.99101     0.0000     0.0000     2.0418     4.7747     4.9979     0.0000     0.0293     0.1071          1 0.0000e+00
   4565.729    501.191    496.088    10.0967    10.1060   3.872355   3.873947    35.3234    35.3303     2.0505  207.92298     0.0000     0.0000     2.0418     4.7746     4.9980     0.0000     0.0302     0.1070          1 0.0000e+00
   4566.229    500.505    495.411    10.1116    10.1177   3.873957   3.875161    35.3252    35.3314     2.0514  208.03498     0.0000     0.0000     2.0427     4.7750     4.9980     0.0000     0.0305     0.1070          1 0.0000e+00
   4566.729    499.856    494.769    10.1231    10.1233   3.875182   3.875788    35.3265    35.3325     2.0523  208.25778     0.0000     0.0000     2.0437     4.7748     4.9980     0.0000     0.0297     0.1074          1 0.0000e+00
   4567.229    499.238    494.159    10.1294    10.1300   3.875778   3.876472    35.3267    35.3332     2.0531  208.46389     0.0000     0.0000     2.0445     4.7747     4.9980     0.0000     0.0293     0.1071          1 0.0000e+00
   4567.729    498.660    493.579    10.1322    10.1359   3.876160   3.877101    35.3281    35.3340     2.0541  208.68283     0.0000     0.0000     2.0455     4.7746     4.9979     0.0000     0.0293     0.1072          1 0.0000e+00
   4568.229    498.153    493.086    10.1355    10.1402   3.876450   3.877521    35.3280    35.3343     2.0550  208.79465     0.0000     0.0000     2.0463     4.7746     4.9981     0.0000     0.0293     0.1071          1 0.0000e+00
   4568.729    497.703    492.638    10.1430    10.1432   3.877279   3.877882    35.3293    35.3352     2.0559  208.83362     0.0000     0.0000     2.0472     4.7749     4.9980     0.0000     0.0293     0.1074          1 0.0000e+00
   4569.229    497.320    492.256    10.1448    10.1493   3.877406   3.878492    35.3291    35.3356     2.0566  208.88722     0.0000     0.0000     2.0479     4.7745     4.9983     0.0000     0.0293     0.1078          1 0.0000e+00
   4569.729    497.023    491.966    10.1315    10.1298   3.875743   3.876267    35.3256    35.3327     2.0574  209.02665     0.0000     0.0000     2.0487     4.7748     4.9977     0.0000     0.0293     0.1075          1 0.0000e+00
   4570.229    496.821    491.764    10.1146    10.1129   3.874146   3.874544    35.3264    35.3322     2.0577  209.10325     0.0000     0.0000     2.0490     4.7750     4.9978     0.0000     0.0293     0.1071          1 0.0000e+00
   4570.729    496.698    491.647    10.1244    10.1282   3.875174   3.876130    35.3272    35.3332     2.0580  208.94631     0.0000     0.0000     2.0493     4.7750     4.9980     0.0000     0.0295     0.1070          1 0.0000e+00
   4571.229    496.596    491.549    10.1301    10.1257   3.875801   3.875865    35.3279    35.3330     2.0577  208.74051     0.0000     0.0000     2.0490     4.7749     4.9981     0.0000     0.0305     0.1055          1 0.0000e+00
   4571.729    496.483    491.441    10.1275    10.1265   3.875450   3.875948    35.3270    35.3332     2.0578  208.62192     0.0000     0.0000     2.0491     4.7746     4.9981     0.0000     0.0305     0.1058          1 0.0000e+00
   4572.229    496.326    491.291    10.1325    10.1279   3.876041   3.876011    35.3282    35.3325     2.0575  208.47528     0.0000     0.0000     2.0488     4.7749     4.9980     0.0000     0.0305     0.1070          1 0.0000e+00
   4572.729    496.100    491.066    10.1252    10.1253   3.875275   3.875773    35.3278    35.3328     2.0575  208.44698     0.0000     0.0000     2.0488     4.7749     4.9977     0.0000     0.0305     0.1071          1 0.0000e+00
   4573.229    495.796    490.764    10.1251    10.1279   3.875237   3.875942    35.3276    35.3321     2.0575  208.48191     0.0000     0.0000     2.0488     4.7747     4.9979     0.0000     0.0305     0.1077          1 0.0000e+00
   4573.729    495.409    490.384    10.1281    10.1304   3.875504   3.876441    35.3276    35.3349     2.0580  208.60389     0.0000     0.0000     2.0493     4.7748     4.9980     0.0000     0.0305     0.1078          1 0.0000e+00
   4574.229    494.946    489.924    10.1411    10.1452   3.876998   3.877968    35.3301    35.3358     2.0576  208.51168     0.0000     0.0000     2.0489     4.7747     4.9979     0.0000     0.0305     0.1073          1 0.0000e+00
   4574.729    494.421    489.405    10.1443    10.1501   3.877290   3.878531    35.3301    35.3370     2.0578  208.51478     0.0000     0.0000     2.0491     4.7749     4.9978     0.0000     0.0305     0.1072          1 0.0000e+00
   4575.229    493.849    488.832    10.1627    10.1630   3.879264   3.879794    35.3321    35.3373     2.0580  208.40355     0.0000     0.0000     2.0493     4.7748     4.9981     0.0000     0.0305     0.1052          1 0.0000e+00
   4575.729    493.277    488.264    10.1695    10.1765   3.879833   3.881140    35.3314    35.3378     2.0582  208.39739     0.0000     0.0000     2.0496     4.7748     4.9980     0.0000     0.0305     0.1043          1 0.0000e+00
   4576.229    492.743    487.736    10.1645    10.1770   3.879333   3.881196    35.3317    35.3381     2.0596  208.75296     0.0000     0.0000     2.0509     4.7749     4.9979     0.0000     0.0299     0.1048          1 0.0000e+00
   4576.729    492.246    487.243    10.1721    10.1818   3.880159   3.881685    35.3328    35.3387     2.0603  209.00655     0.0000     0.0000     2.0516     4.7748     4.9980     0.0000     0.0293     0.1053          1 0.0000e+00
   4577.229    491.800    486.802    10.1778    10.1825   3.880667   3.881699    35.3326    35.3384     2.0613  209.24962     0.0000     0.0000     2.0526     4.7747     4.9978     0.0000     0.0293     0.1057          1 0.0000e+00
   4577.729    491.406    486.407    10.1748    10.1796   3.880408   3.881366    35.3332    35.3382     2.0614  209.20338     0.0000     0.0000     2.0527     4.7751     4.9978     0.0000     0.0293     0.1066          1 0.0000e+00
   4578.229    491.053    486.077    10.1710    10.1757   3.879895   3.880963    35.3320    35.3383     2.0624  209.25795     0.0000     0.0000     2.0537     4.7748     4.9981     0.0000     0.0293     0.1072          1 0.0000e+00
   4578.729    490.703    485.729    10.1675    10.1691   3.879668   3.880287    35.3334    35.3382     2.0625  209.19906     0.0000     0.0000     2.0538     4.7746     4.9982     0.0000     0.0293     0.1078          1 0.0000e+00
   4579.229    490.316    485.339    10.1739    10.1833   3.880182   3.881726    35.3324    35.3390     2.0628  209.14446     0.0000     0.0000     2.0541     4.7751     4.9978     0.0000     0.0293     0.1076          1 0.0000e+00
   4579.729    489.892    484.927    10.1817    10.1878   3.880989   3.882140    35.3332    35.3389     2.0637  209.21413     0.0000     0.0000     2.0550     4.7747     4.9981     0.0000     0.0293     0.1079          1 0.0000e+00
   4580.229    489.438    484.475    10.1882    10.1871   3.881660   3.882087    35.3337    35.3393     2.0639  209.20958     0.0000     0.0000     2.0552     4.7757     4.9979     0.0000     0.0293     0.1079          1 0.0000e+00
   4580.729    488.959    483.996    10.1905    10.1918   3.881834   3.882547    35.3335    35.3396     2.0645  209.29667     0.0000     0.0000     2.0559     4.7752     4.9981     0.0000     0.0293     0.1091          1 0.0000e+00
   4581.229    488.494    483.537    10.1928    10.1933   3.882076   3.882686    35.3341    35.3398     2.0648  209.30804     0.0000     0.0000     2.0562     4.7755     4.9979     0.0000     0.0293     0.1091          1 0.0000e+00
   4581.729    488.073    483.122    10.1938    10.1949   3.882164   3.882867    35.3342    35.3403     2.0656  209.36244     0.0000     0.0000     2.0569     4.7754     4.9978     0.0000     0.0293     0.1089          1 0.0000e+00
   4582.229    487.682    482.729    10.1940    10.1970   3.882172   3.883108    35.3343    35.3409     2.0661  209.47719     0.0000     0.0000     2.0574     4.7760     4.9977     0.0000     0.0293     0.1092          1 0.0000e+00
   4582.729    487.340    482.393    10.1972    10.2091   3.882531   3.884351    35.3349    35.3417     2.0662  209.41013     0.0000     0.0000     2.0575     4.7755     4.9980     0.0000     0.0293     0.1064          1 0.0000e+00
   4583.229    487.039    482.100    10.2020    10.2095   3.883018   3.884362    35.3353    35.3416     2.0669  209.49069     0.0000     0.0000     2.0582     4.7757     4.9980     0.0000     0.0293     0.1054          1 0.0000e+00
   4583.729    486.771    481.837    10.2029    10.2059   3.883076   3.883993    35.3352    35.3416     2.0670  209.39228     0.0000     0.0000     2.0583     4.7758     4.9977     0.0000     0.0301     0.1064          1 0.0000e+00
   4584.229    486.510    481.579    10.2029    10.2070   3.883036   3.884037    35.3350    35.3411     2.0675  209.47550     0.0000     0.0000     2.0588     4.7755     4.9979     0.0000     0.0305     0.1071          1 0.0000e+00
   4584.729    486.218    481.291    10.1988    10.2098   3.882668   3.884430    35.3356    35.3426     2.0681  209.57941     0.0000     0.0000     2.0594     4.7756     4.9981     0.0000     0.0305     0.1076          1 0.0000e+00
   4585.229    485.891    480.969    10.2069    10.2101   3.883505   3.884369    35.3362    35.3419     2.0687  209.72393     0.0000     0.0000     2.0600     4.7754     4.9980     0.0000     0.0305     0.1085          1 0.0000e+00
   4585.729    485.518    480.601    10.2138    10.2114   3.884278   3.884561    35.3373    35.3428     2.0696  209.88136     0.0000     0.0000     2.0610     4.7755     4.9977     0.0000     0.0301     0.1065          1 0.0000e+00
