odissea/cruise_data/ce25007/data/ctd/ce25007_001.cnv
* Sea-Bird SBE 9 Data File:
* FileName = C:\CE_CTD_Data\2025_CTD_Data\CE25007\CE25007_001.hdr
* Software Version Seasave V 7.26.7.121
* Temperature SN = 4382
* Conductivity SN = 2796
* Number of Bytes Per Scan = 40
* Number of Voltage Words = 5
* Number of Scans Averaged by the Deck Unit = 1
* NMEA Latitude = 53 00.15 N
* NMEA Longitude = 014 14.00 W
* NMEA UTC (Time) = May 09 2025 18:33:44
* NMEA baud rate = 4800
** Cruise: CE18001
** PSO: Caroline Cusack
** CTD operator:
** Technician:
** Cast No:
** Station:
** Event No:
** Sea state:
** Wind speed:
** Sounding depth
# nquan = 21
# nvalues = 3149                        
# units = specified
# name 0 = timeS: Time, Elapsed [seconds]
# name 1 = prDM: Pressure, Digiquartz [db]
# name 2 = depSM: Depth [salt water, m]
# name 3 = t090C: Temperature [ITS-90, deg C]
# name 4 = t190C: Temperature, 2 [ITS-90, deg C]
# name 5 = c0S/m: Conductivity [S/m]
# name 6 = c1S/m: Conductivity, 2 [S/m]
# name 7 = sal00: Salinity, Practical [PSU]
# name 8 = sal11: Salinity, Practical, 2 [PSU]
# name 9 = sbeox0V: Oxygen raw, SBE 43 [V]
# name 10 = sbeox0Mm/L: Oxygen, SBE 43 [umol/l]
# name 11 = v0: Voltage 0
# name 12 = v1: Voltage 1
# name 13 = v2: Voltage 2
# name 14 = v3: Voltage 3
# name 15 = v4: Voltage 4
# name 16 = v5: Voltage 5
# name 17 = v6: Voltage 6
# name 18 = v7: Voltage 7
# name 19 = pumps: Pump Status
# name 20 = flag: flag
# span 0 =      0.229,   1574.042       
# span 1 =     -0.341,    210.448       
# span 2 =     -0.390,    208.490       
# span 3 =    10.8190,    15.8480       
# span 4 =    10.8188,    15.9034       
# span 5 =   0.011668,   4.222864       
# span 6 =   0.000461,   4.215862       
# span 7 =     0.0659,    35.6350       
# span 8 =     0.0110,    35.5313       
# span 9 =     2.1863,     3.0822       
# span 10 =  189.85677,  361.12773      
# span 11 =     0.0000,     0.0000      
# span 12 =     0.0000,     0.0000      
# span 13 =     2.1863,     3.0813      
# span 14 =     0.4664,     4.7567      
# span 15 =     0.0411,     4.9977      
# span 16 =     0.0000,     0.0000      
# span 17 =     0.0073,     4.9302      
# span 18 =     0.0074,     4.9521      
# span 19 =          0,          1      
# span 20 = 0.0000e+00, 0.0000e+00      
# interval = seconds: 0.5               
# start_time = May 09 2025 18:33:44 [NMEA time, header]
# bad_flag = -9.990e-29
*END*
[from data line 2759]
   1379.729      6.439      6.384    13.6041    13.6041   4.210055   4.210692    35.5147    35.5208     3.0336  296.50913     0.0000     0.0000     3.0330     4.1432     4.9936     0.0000     0.2386     0.1372          1 0.0000e+00
   1380.229      6.644      6.594    13.6052    13.6048   4.210173   4.210777    35.5147    35.5208     3.0346  296.70619     0.0000     0.0000     3.0340     4.1443     4.9938     0.0000     0.2373     0.1380          1 0.0000e+00
   1380.729      6.782      6.727    13.6055    13.6032   4.210143   4.210622    35.5141    35.5208     3.0341  296.70355     0.0000     0.0000     3.0335     4.1449     4.9934     0.0000     0.2359     0.1383          1 0.0000e+00
   1381.229      6.857      6.800    13.6046    13.6037   4.210118   4.210676    35.5147    35.5208     3.0337  296.49137     0.0000     0.0000     3.0331     4.1455     4.9934     0.0000     0.2373     0.1380          1 0.0000e+00
   1381.729      6.879      6.822    13.6026    13.6030   4.209922   4.210599    35.5148    35.5207     3.0337  296.37185     0.0000     0.0000     3.0331     4.1440     4.9935     0.0000     0.2407     0.1374          1 0.0000e+00
   1382.229      6.858      6.805    13.6019    13.6025   4.209835   4.210524    35.5146    35.5205     3.0339  296.36728     0.0000     0.0000     3.0333     4.1434     4.9937     0.0000     0.2412     0.1379          1 0.0000e+00
   1382.729      6.787      6.728    13.6013    13.6023   4.209786   4.210521    35.5147    35.5207     3.0346  296.60586     0.0000     0.0000     3.0340     4.1439     4.9935     0.0000     0.2431     0.1399          1 0.0000e+00
   1383.229      6.677      6.618    13.6004    13.6000   4.209680   4.210282    35.5147    35.5207     3.0338  296.52059     0.0000     0.0000     3.0332     4.1433     4.9937     0.0000     0.2433     0.1398          1 0.0000e+00
   1383.729      6.528      6.473    13.6020    13.5999   4.209855   4.210258    35.5148    35.5207     3.0331  296.29230     0.0000     0.0000     3.0325     4.1419     4.9657     0.0000     0.2405     0.1378          1 0.0000e+00
   1384.229      6.351      6.294    13.6030    13.5953   4.209932   4.209786    35.5148    35.5206     3.0326  296.06145     0.0000     0.0000     3.0319     4.1434     4.4496     0.0000     0.2370     0.1374          1 0.0000e+00
   1384.729      6.204      6.146    13.6017    13.5913   4.209802   4.209369    35.5148    35.5207     3.0316  295.87056     0.0000     0.0000     3.0309     4.1438     4.9934     0.0000     0.2431     0.1376          1 0.0000e+00
   1385.229      6.113      6.051    13.5960    13.5886   4.209170   4.209103    35.5143    35.5207     3.0303  295.68433     0.0000     0.0000     3.0296     4.1435     4.9938     0.0000     0.2436     0.1378          1 0.0000e+00
   1385.729      6.066      6.012    13.5909    13.5866   4.208702   4.208919    35.5147    35.5209     3.0300  295.63626     0.0000     0.0000     3.0293     4.1434     4.9935     0.0000     0.2382     0.1385          1 0.0000e+00
   1386.229      6.055      5.998    13.5891    13.5871   4.208536   4.208971    35.5149    35.5209     3.0301  295.75062     0.0000     0.0000     3.0294     4.1422     4.9935     0.0000     0.2370     0.1387          1 0.0000e+00
   1386.729      6.101      6.038    13.5916    13.5887   4.208737   4.209112    35.5144    35.5206     3.0300  295.90924     0.0000     0.0000     3.0293     4.1429     4.9936     0.0000     0.2405     0.1379          1 0.0000e+00
   1387.229      6.196      6.142    13.5922    13.5897   4.208837   4.209207    35.5147    35.5205     3.0306  296.10876     0.0000     0.0000     3.0299     4.1437     4.9937     0.0000     0.2418     0.1375          1 0.0000e+00
   1387.729      6.321      6.262    13.5912    13.5911   4.208719   4.209368    35.5145    35.5206     3.0313  296.31835     0.0000     0.0000     3.0306     4.1443     4.9934     0.0000     0.2414     0.1382          1 0.0000e+00
   1388.229      6.477      6.421    13.5920    13.5932   4.208819   4.209589    35.5145    35.5207     3.0319  296.48828     0.0000     0.0000     3.0312     4.1439     4.9772     0.0000     0.2405     0.1389          1 0.0000e+00
   1388.729      6.646      6.582    13.5936    13.5991   4.209007   4.210192    35.5148    35.5206     3.0325  296.59897     0.0000     0.0000     3.0318     4.1439     4.5695     0.0000     0.2370     0.1402          1 0.0000e+00
   1389.229      6.792      6.744    13.5990    13.6028   4.209610   4.210563    35.5152    35.5205     3.0326  296.54346     0.0000     0.0000     3.0319     4.1435     4.9937     0.0000     0.2382     0.1420          1 0.0000e+00
   1389.729      6.870      6.816    13.6028    13.6026   4.209922   4.210494    35.5145    35.5200     3.0326  296.43559     0.0000     0.0000     3.0319     4.1441     4.9934     0.0000     0.2386     0.1413          1 0.0000e+00
   1390.229      6.864      6.807    13.5976    13.5992   4.209360   4.210220    35.5141    35.5208     3.0325  296.36506     0.0000     0.0000     3.0318     4.1437     4.9934     0.0000     0.2394     0.1397          1 0.0000e+00
   1390.729      6.788      6.735    13.5952    13.5991   4.209140   4.210205    35.5144    35.5207     3.0324  296.28687     0.0000     0.0000     3.0317     4.1442     4.9937     0.0000     0.2406     0.1395          1 0.0000e+00
   1391.229      6.647      6.592    13.5931    13.5954   4.208933   4.209785    35.5145    35.5204     3.0328  296.35542     0.0000     0.0000     3.0321     4.1438     4.9935     0.0000     0.2456     0.1388          1 0.0000e+00
   1391.729      6.459      6.403    13.5913    13.5909   4.208735   4.209349    35.5145    35.5206     3.0336  296.56925     0.0000     0.0000     3.0330     4.1426     4.9937     0.0000     0.2455     0.1388          1 0.0000e+00
   1392.229      6.279      6.215    13.5913    13.5889   4.208735   4.209130    35.5145    35.5205     3.0341  296.71287     0.0000     0.0000     3.0335     4.1419     4.9936     0.0000     0.2420     0.1373          1 0.0000e+00
   1392.729      6.144      6.086    13.5882    13.5853   4.208401   4.208787    35.5144    35.5207     3.0344  296.82285     0.0000     0.0000     3.0338     4.1417     4.9936     0.0000     0.2419     0.1374          1 0.0000e+00
   1393.229      6.063      6.005    13.5861    13.5851   4.208206   4.208725    35.5146    35.5204     3.0345  296.76577     0.0000     0.0000     3.0339     4.1424     4.9936     0.0000     0.2430     0.1396          1 0.0000e+00
   1393.729      6.046      5.984    13.5859    13.5819   4.208180   4.208405    35.5145    35.5205     3.0342  296.63888     0.0000     0.0000     3.0336     4.1432     4.9935     0.0000     0.2430     0.1398          1 0.0000e+00
   1394.229      6.117      6.060    13.5893    13.5834   4.208541   4.208564    35.5146    35.5205     3.0344  296.53567     0.0000     0.0000     3.0338     4.1426     4.9934     0.0000     0.2402     0.1394          1 0.0000e+00
   1394.729      6.238      6.182    13.5902    13.5849   4.208641   4.208711    35.5146    35.5203     3.0347  296.61676     0.0000     0.0000     3.0341     4.1416     4.9936     0.0000     0.2393     0.1396          1 0.0000e+00
   1395.229      6.346      6.291    13.5929    13.5857   4.208899   4.208815    35.5145    35.5205     3.0348  296.66402     0.0000     0.0000     3.0342     4.1435     4.9935     0.0000     0.2411     0.1414          1 0.0000e+00
   1395.729      6.428      6.375    13.5906    13.5868   4.208668   4.208909    35.5144    35.5203     3.0348  296.69594     0.0000     0.0000     3.0342     4.1441     4.9932     0.0000     0.2421     0.1421          1 0.0000e+00
   1396.229      6.484      6.426    13.5899    13.5874   4.208652   4.209014    35.5149    35.5207     3.0349  296.66141     0.0000     0.0000     3.0343     4.1446     3.8871     0.0000     0.2352     0.1395          1 0.0000e+00
   1396.729      6.529      6.470    13.5905    13.5879   4.208685   4.209040    35.5146    35.5204     3.0349  296.65134     0.0000     0.0000     3.0343     4.1441     4.9695     0.0000     0.2405     0.1378          1 0.0000e+00
   1397.229      6.574      6.518    13.5890    13.5882   4.208464   4.209098    35.5139    35.5206     3.0348  296.63155     0.0000     0.0000     3.0342     4.1438     4.9932     0.0000     0.2380     0.1385          1 0.0000e+00
   1397.729      6.611      6.555    13.5860    13.5876   4.208206   4.209009    35.5144    35.5203     3.0344  296.57128     0.0000     0.0000     3.0338     4.1446     4.2188     0.0000     0.2285     0.1397          1 0.0000e+00
   1398.229      6.623      6.565    13.5852    13.5842   4.208152   4.208691    35.5145    35.5206     3.0339  296.44029     0.0000     0.0000     3.0333     4.1447     4.9775     0.0000     0.2353     0.1396          1 0.0000e+00
   1398.729      6.606      6.555    13.5802    13.5861   4.207618   4.208857    35.5143    35.5203     3.0340  296.44741     0.0000     0.0000     3.0334     4.1422     4.9934     0.0000     0.2382     0.1397          1 0.0000e+00
   1399.229      6.555      6.500    13.5768    13.5854   4.207271   4.208835    35.5143    35.5208     3.0348  296.66417     0.0000     0.0000     3.0342     4.1410     4.8878     0.0000     0.2384     0.1395          1 0.0000e+00
   1399.729      6.469      6.412    13.5834    13.5733   4.208048   4.207748    35.5154    35.5221     3.0358  296.92087     0.0000     0.0000     3.0351     4.1376     4.9897     0.0000     0.2407     0.1389          1 0.0000e+00
   1400.229      6.346      6.293    13.5770    13.5797   4.207240   4.208245    35.5138    35.5208     3.0369  297.25638     0.0000     0.0000     3.0362     4.1415     4.9936     0.0000     0.2407     0.1391          1 0.0000e+00
   1400.729      6.206      6.148    13.5771    13.5782   4.207258   4.208122    35.5140    35.5210     3.0368  297.26656     0.0000     0.0000     3.0361     4.1437     4.9938     0.0000     0.2434     0.1387          1 0.0000e+00
   1401.229      6.091      6.030    13.5840    13.5778   4.208073   4.207992    35.5151    35.5202     3.0360  296.93179     0.0000     0.0000     3.0353     4.1421     4.9933     0.0000     0.2432     0.1388          1 0.0000e+00
   1401.729      6.031      5.977    13.5872    13.5807   4.208332   4.208384    35.5145    35.5212     3.0358  296.63951     0.0000     0.0000     3.0351     4.1416     4.9934     0.0000     0.2409     0.1390          1 0.0000e+00
   1402.229      6.034      5.967    13.5861    13.5782   4.208324   4.208123    35.5155    35.5211     3.0361  296.62510     0.0000     0.0000     3.0354     4.1403     4.9934     0.0000     0.2406     0.1390          1 0.0000e+00
   1402.729      6.106      6.049    13.5940    13.5790   4.209155   4.208150    35.5157    35.5205     3.0361  296.69590     0.0000     0.0000     3.0354     4.1417     4.9933     0.0000     0.2406     0.1388          1 0.0000e+00
   1403.229      6.219      6.168    13.5955    13.5893   4.209120   4.209219    35.5139    35.5207     3.0361  296.75975     0.0000     0.0000     3.0354     4.1427     4.9933     0.0000     0.2405     0.1388          1 0.0000e+00
   1403.729      6.320      6.270    13.5936    13.5970   4.209000   4.209918    35.5146    35.5199     3.0362  296.75496     0.0000     0.0000     3.0355     4.1427     4.9935     0.0000     0.2437     0.1395          1 0.0000e+00
   1404.229      6.375      6.321    13.5938    13.5963   4.208919   4.209917    35.5136    35.5205     3.0373  296.97287     0.0000     0.0000     3.0366     4.1433     4.9935     0.0000     0.2454     0.1400          1 0.0000e+00
   1404.729      6.382      6.331    13.5967    13.5951   4.209284   4.209737    35.5142    35.5200     3.0380  297.17441     0.0000     0.0000     3.0374     4.1436     4.9932     0.0000     0.2424     0.1399          1 0.0000e+00
   1405.229      6.344      6.289    13.5955    13.5943   4.209112   4.209629    35.5139    35.5198     3.0365  296.94546     0.0000     0.0000     3.0358     4.1424     4.9933     0.0000     0.2394     0.1394          1 0.0000e+00
   1405.729      6.308      6.245    13.5943    13.5899   4.209050   4.209221    35.5144    35.5202     3.0349  296.44922     0.0000     0.0000     3.0343     4.1410     4.9937     0.0000     0.2403     0.1395          1 0.0000e+00
   1406.229      6.336      6.270    13.5949    13.5924   4.209126   4.209479    35.5146    35.5202     3.0347  296.16107     0.0000     0.0000     3.0341     4.1415     4.9929     0.0000     0.2418     0.1398          1 0.0000e+00
   1406.729      6.444      6.384    13.5990    13.5929   4.209590   4.209605    35.5150    35.5209     3.0343  296.13412     0.0000     0.0000     3.0337     4.1415     4.9933     0.0000     0.2415     0.1392          1 0.0000e+00
   1407.229      6.604      6.546    13.6024    13.5930   4.209908   4.209576    35.5147    35.5205     3.0344  296.32228     0.0000     0.0000     3.0338     4.1434     4.9936     0.0000     0.2393     0.1373          1 0.0000e+00
   1407.729      6.755      6.698    13.6048    13.5998   4.210129   4.210288    35.5144    35.5206     3.0338  296.33043     0.0000     0.0000     3.0332     4.1338     4.9936     0.0000     0.2395     0.1372          1 0.0000e+00
   1408.229      6.862      6.804    13.6030    13.6005   4.209977   4.210375    35.5147    35.5207     3.0331  296.20523     0.0000     0.0000     3.0325     4.1229     4.9937     0.0000     0.2406     0.1376          1 0.0000e+00
   1408.729      6.909      6.857    13.6065    13.6032   4.210326   4.210643    35.5147    35.5206     3.0334  296.19819     0.0000     0.0000     3.0328     4.1387     4.9936     0.0000     0.2406     0.1373          1 0.0000e+00
   1409.229      6.897      6.837    13.6083    13.6009   4.210488   4.210394    35.5145    35.5205     3.0340  296.35671     0.0000     0.0000     3.0334     4.1424     4.9936     0.0000     0.2373     0.1387          1 0.0000e+00
   1409.729      6.823      6.770    13.6077    13.5992   4.210450   4.210284    35.5148    35.5212     3.0348  296.67322     0.0000     0.0000     3.0342     4.1429     4.9936     0.0000     0.2369     0.1386          1 0.0000e+00
   1410.229      6.692      6.636    13.6030    13.5974   4.209907   4.210015    35.5142    35.5204     3.0349  296.81353     0.0000     0.0000     3.0343     4.1426     4.9935     0.0000     0.2390     0.1408          1 0.0000e+00
   1410.729      6.515      6.457    13.5985    13.5964   4.209458   4.209922    35.5143    35.5207     3.0353  296.83731     0.0000     0.0000     3.0347     4.1434     4.9938     0.0000     0.2395     0.1409          1 0.0000e+00
   1411.229      6.340      6.280    13.5943    13.5913   4.209024   4.209353    35.5143    35.5202     3.0359  296.84085     0.0000     0.0000     3.0352     4.1376     4.9935     0.0000     0.2376     0.1381          1 0.0000e+00
   1411.729      6.211      6.149    13.5926    13.5917   4.208879   4.209438    35.5146    35.5207     3.0362  296.90756     0.0000     0.0000     3.0355     4.1364     4.9932     0.0000     0.2369     0.1372          1 0.0000e+00
   1412.229      6.133      6.074    13.5934    13.5929   4.208971   4.209553    35.5148    35.5207     3.0361  296.85614     0.0000     0.0000     3.0354     4.1420     4.9933     0.0000     0.2312     0.1388          1 0.0000e+00
   1412.729      6.120      6.065    13.5943    13.5936   4.209040   4.209605    35.5146    35.5205     3.0361  296.79997     0.0000     0.0000     3.0354     4.1429     4.9932     0.0000     0.2273     0.1394          1 0.0000e+00
   1413.229      6.164      6.102    13.5943    13.5921   4.209054   4.209459    35.5147    35.5205     3.0359  296.67546     0.0000     0.0000     3.0352     4.1431     4.9932     0.0000     0.2225     0.1388          1 0.0000e+00
