odissea/cruise_data/ce25007/data/ctd/ce25007_027.cnv
* Sea-Bird SBE 9 Data File:
* FileName = C:\CE_CTD_Data\2025_CTD_Data\CE25007\CE25007_027.hdr
* Software Version Seasave V 7.26.7.121
* Temperature SN = 4382
* Conductivity SN = 2796
* Number of Bytes Per Scan = 40
* Number of Voltage Words = 5
* Number of Scans Averaged by the Deck Unit = 1
* NMEA Latitude = 54 30.09 N
* NMEA Longitude = 022 29.13 W
* NMEA UTC (Time) = May 16 2025 17:47:50
* NMEA baud rate = 4800
** Cruise: CE18001
** PSO: Caroline Cusack
** CTD operator:
** Technician:
** Cast No:
** Station:
** Event No:
** Sea state:
** Wind speed:
** Sounding depth
# nquan = 21
# nvalues = 1090                        
# units = specified
# name 0 = timeS: Time, Elapsed [seconds]
# name 1 = prDM: Pressure, Digiquartz [db]
# name 2 = depSM: Depth [salt water, m]
# name 3 = t090C: Temperature [ITS-90, deg C]
# name 4 = t190C: Temperature, 2 [ITS-90, deg C]
# name 5 = c0S/m: Conductivity [S/m]
# name 6 = c1S/m: Conductivity, 2 [S/m]
# name 7 = sal00: Salinity, Practical [PSU]
# name 8 = sal11: Salinity, Practical, 2 [PSU]
# name 9 = sbeox0V: Oxygen raw, SBE 43 [V]
# name 10 = sbeox0Mm/L: Oxygen, SBE 43 [umol/l]
# name 11 = v0: Voltage 0
# name 12 = v1: Voltage 1
# name 13 = v2: Voltage 2
# name 14 = v3: Voltage 3
# name 15 = v4: Voltage 4
# name 16 = v5: Voltage 5
# name 17 = v6: Voltage 6
# name 18 = v7: Voltage 7
# name 19 = pumps: Pump Status
# name 20 = flag: flag
# span 0 =      0.229,    544.667       
# span 1 =     -0.338,     13.410       
# span 2 =     -0.368,     13.313       
# span 3 =    11.6071,    14.5641       
# span 4 =    11.6035,    14.7122       
# span 5 =   0.054054,   4.267547       
# span 6 =   0.063836,   4.155831       
# span 7 =     0.3431,    35.9690       
# span 8 =     0.3918,    36.4709       
# span 9 =     2.1621,     2.9345       
# span 10 =  195.16519,  341.22023      
# span 11 =     0.0000,     0.0000      
# span 12 =     0.0000,     0.0000      
# span 13 =     2.1621,     2.9345      
# span 14 =     0.0036,     4.8495      
# span 15 =     0.0127,     4.9984      
# span 16 =     0.0000,     0.0000      
# span 17 =     0.0122,     0.3590      
# span 18 =     0.0586,     2.8239      
# span 19 =          0,          1      
# span 20 = 0.0000e+00, 0.0000e+00      
# interval = seconds: 0.5               
# start_time = May 16 2025 17:47:50 [NMEA time, header]
# bad_flag = -9.990e-29
*END*
[from data line 276]
    138.229      6.066      6.009    12.1028    13.2097   4.060290   4.137660    35.4821    35.1801     2.4154  228.19294     0.0000     0.0000     2.4154     4.3117     4.9973     0.0000     0.2915     0.1345          0 0.0000e+00
    138.729      6.892      6.847    12.3171    13.2240   4.059195   4.127937    35.2629    35.0748     2.4115  227.36014     0.0000     0.0000     2.4115     4.3219     4.9972     0.0000     0.2912     0.1345          0 0.0000e+00
    139.229      7.657      7.585    12.3545    13.1606   4.057570   4.119927    35.2114    35.0596     2.3977  225.60057     0.0000     0.0000     2.3978     4.3236     4.9971     0.0000     0.3052     0.1333          0 0.0000e+00
    139.729      8.318      8.262    12.3676    13.0806   4.055560   4.114079    35.1799    35.0807     2.3788  221.43482     0.0000     0.0000     2.3788     4.3242     4.9969     0.0000     0.3055     0.1333          0 0.0000e+00
    140.229      8.852      8.775    12.3472    13.0009   4.056920   4.109593    35.2135    35.1142     2.3717  218.91530     0.0000     0.0000     2.3717     4.3256     4.9968     0.0000     0.3110     0.1343          0 0.0000e+00
    140.729      9.300      9.224    12.3325    12.9696   4.059983   4.109215    35.2580    35.1408     2.3841  222.06425     0.0000     0.0000     2.3841     4.3273     4.9967     0.0000     0.3123     0.1343          0 0.0000e+00
    141.229      9.680      9.597    12.2109    12.9474   4.062164   4.109639    35.3985    35.1664     2.4091  231.18835     0.0000     0.0000     2.4091     4.3268     4.9971     0.0000     0.3178     0.1336          0 0.0000e+00
    141.729     10.029      9.937    11.8306    12.9302   4.062851   4.110210    35.7786    35.1884     2.4320  241.36521     0.0000     0.0000     2.4320     4.3267     4.9972     0.0000     0.3199     0.1336          0 0.0000e+00
    142.229     10.362     10.267    11.8453    12.9077   4.064729   4.110703    35.7820    35.2148     2.4452  245.29911     0.0000     0.0000     2.4452     4.3266     4.9972     0.0000     0.3271     0.1334          0 0.0000e+00
    142.729     10.702     10.608    11.7946    12.7753   4.066200   4.110964    35.8465    35.3453     2.4477  243.89232     0.0000     0.0000     2.4477     4.3265     4.9972     0.0000     0.3321     0.1336          0 0.0000e+00
    143.229     11.005     10.918    11.7407    12.5889   4.067366   4.111019    35.9111    35.5256     2.4424  239.27945     0.0000     0.0000     2.4424     4.3262     4.9973     0.0000     0.3344     0.1329          0 0.0000e+00
    143.729     11.195     11.105    11.6907    12.8089   4.068233   4.111776    35.9690    35.3194     2.4312  233.96027     0.0000     0.0000     2.4312     4.3268     4.9973     0.0000     0.3370     0.1320          0 0.0000e+00
    144.229     11.297     11.198    11.7116    12.8734   4.069062   4.111779    35.9558    35.2574     2.4152  228.56511     0.0000     0.0000     2.4152     4.3264     4.9971     0.0000     0.3374     0.1333          0 0.0000e+00
    144.729     11.370     11.267    11.7756    12.6692   4.067815   4.112530    35.8793    35.4626     2.3971  223.74917     0.0000     0.0000     2.3971     4.3273     4.9972     0.0000     0.3382     0.1347          0 0.0000e+00
    145.229     11.466     11.359    11.7652    12.1729   4.065842   4.113722    35.8699    35.9594     2.3776  219.80197     0.0000     0.0000     2.3776     4.3270     4.9975     0.0000     0.3392     0.1353          0 0.0000e+00
    145.729     11.592     11.488    11.6858    11.8934   4.062999   4.112886    35.9205    36.2285     2.3581  216.80470     0.0000     0.0000     2.3581     4.3256     4.9969     0.0000     0.3431     0.1381          0 0.0000e+00
    146.229     11.714     11.611    11.6550    11.7331   4.057799   4.112488    35.8994    36.3840     2.3365  213.83043     0.0000     0.0000     2.3365     4.3241     4.9968     0.0000     0.3426     0.1381          0 0.0000e+00
    146.729     11.800     11.699    11.6418    11.6893   4.049759   4.112148    35.8327    36.4230     2.3141  210.72722     0.0000     0.0000     2.3141     4.3241     4.9968     0.0000     0.3370     0.1371          0 0.0000e+00
    147.229     11.840     11.738    11.6338    11.6652   4.043336   4.112012    35.7766    36.4443     2.2911  207.52321     0.0000     0.0000     2.2911     4.3268     4.9967     0.0000     0.3370     0.1369          0 0.0000e+00
    147.729     11.843     11.732    11.6319    11.6559   4.037406   4.113599    35.7195    36.4677     2.2696  204.70030     0.0000     0.0000     2.2696     4.3264     4.9965     0.0000     0.3358     0.1406          0 0.0000e+00
    148.229     11.822     11.715    11.6309    11.6630   4.029725   4.114803    35.6442    36.4709     2.2486  202.36179     0.0000     0.0000     2.2486     4.3266     4.9963     0.0000     0.3358     0.1407          0 0.0000e+00
    148.729     11.814     11.708    11.6296    11.7141   4.021269   4.114946    35.5616    36.4192     2.2292  200.52968     0.0000     0.0000     2.2292     4.3267     4.9965     0.0000     0.3377     0.1376          0 0.0000e+00
    149.229     11.857     11.745    11.6290    11.6743   4.015297   4.110728    35.5029    36.4163     2.2109  198.90702     0.0000     0.0000     2.2109     4.3268     4.9963     0.0000     0.3382     0.1369          0 0.0000e+00
    149.729     11.957     11.846    11.6290    11.6503   4.011083   4.092599    35.4609    36.2597     2.1931  197.30481     0.0000     0.0000     2.1931     4.3279     4.9964     0.0000     0.3382     0.1382          0 0.0000e+00
    150.229     12.094     11.982    11.6283    11.6354   4.006928   4.060889    35.4202    35.9595     2.1768  195.84437     0.0000     0.0000     2.1769     4.3266     4.9963     0.0000     0.3382     0.1381          0 0.0000e+00
    150.729     12.249     12.143    11.6275    11.6311   4.004468   4.041041    35.3964    35.7662     2.1657  195.28350     0.0000     0.0000     2.1657     4.3246     4.9963     0.0000     0.3369     0.1371          0 0.0000e+00
    151.229     12.377     12.269    11.6275    11.6296   4.003188   4.028263    35.3834    35.6404     2.1621  196.50521     0.0000     0.0000     2.1621     4.3256     4.9963     0.0000     0.3358     0.1364          0 0.0000e+00
    151.729     12.464     12.357    11.6276    11.6289   4.001435   4.021503    35.3658    35.5732     2.1688  200.21922     0.0000     0.0000     2.1688     4.3258     4.9963     0.0000     0.3347     0.1370          0 0.0000e+00
    152.229     12.482     12.376    11.6274    11.6282   4.000942   4.016611    35.3609    35.5246     2.1995  208.98322     0.0000     0.0000     2.1995     4.3263     4.9963     0.0000     0.3333     0.1380          0 0.0000e+00
    152.729     12.425     12.321    11.6278    11.6282   4.000598   4.014011    35.3570    35.4981     2.2516  223.21682     0.0000     0.0000     2.2516     4.3257     4.9967     0.0000     0.3333     0.1371          0 0.0000e+00
    153.229     12.311     12.204    11.6276    11.6284   4.001978   4.015165    35.3706    35.5084     2.3097  239.15877     0.0000     0.0000     2.3097     4.3236     4.9966     0.0000     0.3333     0.1345          0 0.0000e+00
    153.729     12.163     12.053    11.6277    11.6287   4.004510   4.032036    35.3954    35.6742     2.3615  251.38485     0.0000     0.0000     2.3615     4.3257     4.9967     0.0000     0.3361     0.1349          0 0.0000e+00
    154.229     12.017     11.906    11.6294    11.6421   4.014405   4.056560    35.4913    35.9027     2.4032  256.99292     0.0000     0.0000     2.4032     4.3275     4.9973     0.0000     0.3492     0.1370          0 0.0000e+00
    154.729     11.895     11.786    11.6335    11.6652   4.023429   4.061848    35.5763    35.9313     2.4296  256.57534     0.0000     0.0000     2.4296     4.3262     4.9972     0.0000     0.3491     0.1369          0 0.0000e+00
    155.229     11.800     11.692    11.6357    11.7306   4.026777   4.063630    35.6071    35.8833     2.4386  251.67395     0.0000     0.0000     2.4386     4.3262     4.9973     0.0000     0.3467     0.1335          0 0.0000e+00
    155.729     11.715     11.608    11.6372    11.8011   4.028843   4.066420    35.6260    35.8403     2.4323  243.57590     0.0000     0.0000     2.4324     4.3291     4.9971     0.0000     0.3468     0.1337          0 0.0000e+00
    156.229     11.625     11.523    11.6366    11.8717   4.030087   4.068003    35.6388    35.7857     2.4185  234.77429     0.0000     0.0000     2.4185     4.3288     4.9972     0.0000     0.3388     0.1403          0 0.0000e+00
    156.729     11.524     11.420    11.6384    11.9835   4.031238   4.069898    35.6483    35.6938     2.4016  227.41009     0.0000     0.0000     2.4016     4.3289     4.9968     0.0000     0.3382     0.1407          0 0.0000e+00
    157.229     11.430     11.319    11.6380    12.0750   4.031992   4.071090    35.6561    35.6156     2.3829  222.21822     0.0000     0.0000     2.3829     4.3285     4.9966     0.0000     0.3343     0.1343          0 0.0000e+00
    157.729     11.348     11.254    11.6362    12.0096   4.031664   4.071395    35.6546    35.6835     2.3617  218.16161     0.0000     0.0000     2.3617     4.3282     4.9968     0.0000     0.3333     0.1322          0 0.0000e+00
    158.229     11.273     11.168    11.6344    11.7905   4.030132   4.071158    35.6412    35.8981     2.3401  214.63045     0.0000     0.0000     2.3402     4.3253     4.9967     0.0000     0.3413     0.1340          0 0.0000e+00
    158.729     11.203     11.098    11.6313    11.7244   4.030170   4.070996    35.6446    35.9621     2.3199  211.63467     0.0000     0.0000     2.3199     4.3249     4.9966     0.0000     0.3454     0.1346          0 0.0000e+00
    159.229     11.165     11.063    11.6296    11.6875   4.032870   4.070189    35.6728    35.9905     2.3006  209.29575     0.0000     0.0000     2.3006     4.3245     4.9965     0.0000     0.3482     0.1340          0 0.0000e+00
    159.729     11.176     11.070    11.6300    11.6633   4.035589   4.069064    35.6992    36.0031     2.2819  207.40829     0.0000     0.0000     2.2819     4.3283     4.9964     0.0000     0.3504     0.1331          0 0.0000e+00
    160.229     11.248     11.138    11.6332    11.6441   4.036277   4.069522    35.7028    36.0265     2.2644  205.71468     0.0000     0.0000     2.2645     4.3288     4.9963     0.0000     0.3509     0.1333          0 0.0000e+00
    160.729     11.397     11.285    11.6338    11.6402   4.034774   4.070120    35.6872    36.0357     2.2470  203.97070     0.0000     0.0000     2.2470     4.3292     4.9963     0.0000     0.3516     0.1331          0 0.0000e+00
    161.229     11.626     11.519    11.6291    11.6354   4.030112   4.069440    35.6456    36.0333     2.2299  202.23404     0.0000     0.0000     2.2300     4.3287     4.9963     0.0000     0.3478     0.1338          0 0.0000e+00
    161.729     11.906     11.797    11.6273    11.6462   4.027585   4.072170    35.6222    36.0490     2.2127  200.33721     0.0000     0.0000     2.2128     4.3286     4.9963     0.0000     0.3382     0.1345          0 0.0000e+00
    162.229     12.197     12.091    11.6271    11.7457   4.028323   4.074776    35.6296    35.9749     2.1956  198.29472     0.0000     0.0000     2.1957     4.3288     4.9963     0.0000     0.3355     0.1343          0 0.0000e+00
    162.729     12.453     12.342    11.6271    11.9531   4.032056   4.074006    35.6662    35.7611     2.1797  196.36483     0.0000     0.0000     2.1797     4.3289     4.9963     0.0000     0.3199     0.1333          0 0.0000e+00
    163.229     12.659     12.555    11.6280    12.1009   4.035124   4.071432    35.6955    35.5904     2.1669  195.16519     0.0000     0.0000     2.1670     4.3268     4.9964     0.0000     0.3201     0.1335          0 0.0000e+00
    163.729     12.796     12.688    11.6318    12.2173   4.036777   4.069166    35.7080    35.4549     2.1654  196.44190     0.0000     0.0000     2.1654     4.3264     4.9963     0.0000     0.3223     0.1362          0 0.0000e+00
    164.229     12.840     12.736    11.6324    12.3463   4.037414   4.065177    35.7137    35.2913     2.1843  202.59339     0.0000     0.0000     2.1843     4.3257     4.9962     0.0000     0.3223     0.1361          0 0.0000e+00
    164.729     12.793     12.679    11.6340    12.4237   4.038011   4.061640    35.7180    35.1831     2.2238  214.42321     0.0000     0.0000     2.2239     4.3258     4.9963     0.0000     0.3256     0.1337          0 0.0000e+00
    165.229     12.682     12.578    11.6376    12.4130   4.038726   4.061685    35.7215    35.1948     2.2663  227.58342     0.0000     0.0000     2.2663     4.3259     4.9966     0.0000     0.3260     0.1333          0 0.0000e+00
    165.729     12.502     12.395    11.6513    12.3804   4.038619   4.064363    35.7069    35.2533     2.2956  235.66094     0.0000     0.0000     2.2956     4.3257     4.9964     0.0000     0.3289     0.1357          0 0.0000e+00
    166.229     12.279     12.168    11.6858    12.3798   4.037470   4.065242    35.6615    35.2632     2.3085  235.62789     0.0000     0.0000     2.3085     4.3264     4.9968     0.0000     0.3297     0.1365          0 0.0000e+00
    166.729     12.036     11.925    11.7895    12.3981   4.035765   4.066331    35.5425    35.2568     2.3090  229.56676     0.0000     0.0000     2.3090     4.3274     4.9965     0.0000     0.3375     0.1361          0 0.0000e+00
    167.229     11.803     11.695    11.9330    12.3951   4.036726   4.067602    35.4113    35.2728     2.3030  222.08520     0.0000     0.0000     2.3030     4.3269     4.9965     0.0000     0.3419     0.1365          0 0.0000e+00
    167.729     11.578     11.470    11.9713    12.1508   4.039828   4.067302    35.4049    35.5088     2.2983  217.18519     0.0000     0.0000     2.2983     4.3269     4.9966     0.0000     0.3438     0.1355          0 0.0000e+00
    168.229     11.376     11.272    12.0424    11.8556   4.042445   4.066412    35.3616    35.7907     2.3001  215.89914     0.0000     0.0000     2.3001     4.3270     4.9965     0.0000     0.3455     0.1346          0 0.0000e+00
    168.729     11.214     11.110    12.0716    11.7791   4.043621   4.066015    35.3454    35.8623     2.3070  217.88494     0.0000     0.0000     2.3070     4.3262     4.9965     0.0000     0.3402     0.1336          0 0.0000e+00
    169.229     11.098     10.994    12.0442    11.7693   4.042863   4.065775    35.3654    35.8692     2.3120  220.49135     0.0000     0.0000     2.3120     4.3257     4.9971     0.0000     0.3321     0.1319          0 0.0000e+00
    169.729     11.026     10.919    11.8531    11.6849   4.040722   4.065208    35.5324    35.9471     2.3126  221.94007     0.0000     0.0000     2.3126     4.3262     4.9969     0.0000     0.3345     0.1324          0 0.0000e+00
    170.229     11.012     10.913    11.6918    11.6533   4.038997   4.065367    35.6746    35.9796     2.3084  220.94476     0.0000     0.0000     2.3084     4.3266     4.9969     0.0000     0.3419     0.1332          0 0.0000e+00
    170.729     11.027     10.921    11.6614    11.7290   4.038557   4.066502    35.7003    35.9147     2.3001  218.05058     0.0000     0.0000     2.3001     4.3268     4.9967     0.0000     0.3416     0.1340          0 0.0000e+00
    171.229     11.080     10.974    11.6645    12.0431   4.040177   4.067882    35.7129    35.6170     2.2873  214.32364     0.0000     0.0000     2.2873     4.3264     4.9966     0.0000     0.3394     0.1393          0 0.0000e+00
    171.729     11.200     11.095    11.7798    12.2656   4.042459   4.068007    35.6211    35.4006     2.2721  210.18581     0.0000     0.0000     2.2721     4.3260     4.9966     0.0000     0.3394     0.1393          0 0.0000e+00
