odissea/cruise_data/ce25007/data/ctd/ce25007_002.cnv
* Sea-Bird SBE 9 Data File:
* FileName = C:\CE_CTD_Data\2025_CTD_Data\CE25007\CE25007_002.hdr
* Software Version Seasave V 7.26.7.121
* Temperature SN = 4382
* Conductivity SN = 2796
* Number of Bytes Per Scan = 40
* Number of Voltage Words = 5
* Number of Scans Averaged by the Deck Unit = 1
* NMEA Latitude = 52 59.84 N
* NMEA Longitude = 014 42.46 W
* NMEA UTC (Time) = May 09 2025 21:03:07
* NMEA baud rate = 4800
** Cruise: CE18001
** PSO: Caroline Cusack
** CTD operator:
** Technician:
** Cast No:
** Station:
** Event No:
** Sea state:
** Wind speed:
** Sounding depth
# nquan = 21
# nvalues = 4436                        
# units = specified
# name 0 = timeS: Time, Elapsed [seconds]
# name 1 = prDM: Pressure, Digiquartz [db]
# name 2 = depSM: Depth [salt water, m]
# name 3 = t090C: Temperature [ITS-90, deg C]
# name 4 = t190C: Temperature, 2 [ITS-90, deg C]
# name 5 = c0S/m: Conductivity [S/m]
# name 6 = c1S/m: Conductivity, 2 [S/m]
# name 7 = sal00: Salinity, Practical [PSU]
# name 8 = sal11: Salinity, Practical, 2 [PSU]
# name 9 = sbeox0V: Oxygen raw, SBE 43 [V]
# name 10 = sbeox0Mm/L: Oxygen, SBE 43 [umol/l]
# name 11 = v0: Voltage 0
# name 12 = v1: Voltage 1
# name 13 = v2: Voltage 2
# name 14 = v3: Voltage 3
# name 15 = v4: Voltage 4
# name 16 = v5: Voltage 5
# name 17 = v6: Voltage 6
# name 18 = v7: Voltage 7
# name 19 = pumps: Pump Status
# name 20 = flag: flag
# span 0 =      0.229,   2217.667       
# span 1 =     -0.351,    475.933       
# span 2 =     -0.359,    471.197       
# span 3 =    10.0549,    13.7177       
# span 4 =    10.0555,    13.9005       
# span 5 =   0.094711,   4.166032       
# span 6 =   0.028967,   4.185314       
# span 7 =     0.6229,    35.9332       
# span 8 =     0.1782,    36.0509       
# span 9 =     1.9962,     3.5963       
# span 10 =  174.53799,  398.36076      
# span 11 =     0.0000,     0.0000      
# span 12 =     0.0000,     0.0000      
# span 13 =     1.9962,     3.5963      
# span 14 =     0.0030,     4.7700      
# span 15 =     0.0510,     4.9988      
# span 16 =     0.0000,     0.0000      
# span 17 =     0.0208,     0.5543      
# span 18 =     0.0962,     0.9808      
# span 19 =          0,          1      
# span 20 = 0.0000e+00, 0.0000e+00      
# interval = seconds: 0.5               
# start_time = May 09 2025 21:03:07 [NMEA time, header]
# bad_flag = -9.990e-29
*END*
[from data line 138]
     69.229     -0.328     -0.329    13.6582    13.8171   0.519562   0.030452     3.6497     0.1870     2.7907  325.82170     0.0000     0.0000     2.7907     3.4857     4.9986     0.0000     0.0293     0.1202          0 0.0000e+00
     69.729     -0.326     -0.319    13.6602    13.8183   0.561246   0.030537     3.9630     0.1875     2.7907  325.16898     0.0000     0.0000     2.7907     3.4866     4.9986     0.0000     0.0293     0.1202          0 0.0000e+00
     70.229     -0.324     -0.324    13.6622    13.8196   0.618422   0.030735     4.3959     0.1887     2.7906  324.31493     0.0000     0.0000     2.7906     3.4872     4.9985     0.0000     0.0293     0.1198          0 0.0000e+00
     70.729     -0.323     -0.324    13.6639    13.8212   0.678093   0.030954     4.8511     0.1901     2.7908  323.44325     0.0000     0.0000     2.7908     3.4885     4.9982     0.0000     0.0281     0.1198          0 0.0000e+00
     71.229     -0.321     -0.314    13.6651    13.8229   0.715783   0.031101     5.1404     0.1910     2.7911  322.92736     0.0000     0.0000     2.7911     3.4884     4.9987     0.0000     0.0256     0.1189          0 0.0000e+00
     71.729     -0.318     -0.315    13.6669    13.8246   0.727004   0.031153     5.2266     0.1913     2.7911  322.75435     0.0000     0.0000     2.7911     3.4888     4.9987     0.0000     0.0263     0.1187          0 0.0000e+00
     72.229     -0.319     -0.317    13.6689    13.8261   0.709911   0.031086     5.0947     0.1909     2.7910  323.00725     0.0000     0.0000     2.7910     3.4910     4.9982     0.0000     0.0293     0.1189          0 0.0000e+00
     72.729     -0.319     -0.318    13.6708    13.8272   0.673587   0.030857     4.8156     0.1894     2.7909  323.47551     0.0000     0.0000     2.7909     3.4913     4.9984     0.0000     0.0291     0.1190          0 0.0000e+00
     73.229     -0.316     -0.313    13.6724    13.8279   0.634545   0.030531     4.5172     0.1874     2.7912  324.11440     0.0000     0.0000     2.7912     3.4937     4.9986     0.0000     0.0256     0.1189          0 0.0000e+00
     73.729     -0.315     -0.312    13.6740    13.8279   0.583702   0.030325     4.1311     0.1861     2.7911  324.87949     0.0000     0.0000     2.7911     3.4935     4.9985     0.0000     0.0256     0.1193          0 0.0000e+00
     74.229     -0.314     -0.308    13.6752    13.8278   0.537945   0.030216     3.7859     0.1854     2.7910  325.54843     0.0000     0.0000     2.7910     3.4937     4.9983     0.0000     0.0289     0.1178          0 0.0000e+00
     74.729     -0.318     -0.314    13.6756    13.8280   0.509811   0.030166     3.5749     0.1851     2.7909  325.89183     0.0000     0.0000     2.7909     3.4926     4.9983     0.0000     0.0293     0.1178          0 0.0000e+00
     75.229     -0.325     -0.324    13.6752    13.8288   0.508489   0.030334     3.5650     0.1862     2.7909  325.91061     0.0000     0.0000     2.7909     3.4918     4.9984     0.0000     0.0274     0.1188          0 0.0000e+00
     75.729     -0.330     -0.329    13.6746    13.8306   0.539765   0.031040     3.7998     0.1906     2.7908  325.43205     0.0000     0.0000     2.7908     3.4908     4.9986     0.0000     0.0269     0.1191          0 0.0000e+00
     76.229     -0.332     -0.328    13.6752    13.8329   0.621368   0.031563     4.4170     0.1938     2.7911  324.29480     0.0000     0.0000     2.7911     3.4910     4.9982     0.0000     0.0269     0.1183          0 0.0000e+00
     76.729     -0.334     -0.333    13.6754    13.8355   0.646362   0.031694     4.6071     0.1946     2.7906  323.82010     0.0000     0.0000     2.7906     3.4916     4.9985     0.0000     0.0269     0.1180          0 0.0000e+00
     77.229     -0.334     -0.328    13.6750    13.8380   0.646748   0.031725     4.6101     0.1948     2.7905  323.74915     0.0000     0.0000     2.7905     3.4903     4.9984     0.0000     0.0269     0.1176          0 0.0000e+00
     77.729     -0.330     -0.328    13.6746    13.8400   0.664983   0.031609     4.7495     0.1940     2.7908  323.48621     0.0000     0.0000     2.7908     3.4899     4.9983     0.0000     0.0269     0.1172          0 0.0000e+00
     78.229     -0.322     -0.322    13.6746    13.8413   0.685030   0.031418     4.9030     0.1928     2.7905  323.19109     0.0000     0.0000     2.7905     3.4902     4.9984     0.0000     0.0257     0.1172          0 0.0000e+00
     78.729     -0.317     -0.314    13.6732    13.8419   0.675594   0.031425     4.8324     0.1928     2.7910  323.48466     0.0000     0.0000     2.7910     3.4903     4.9986     0.0000     0.0243     0.1172          1 0.0000e+00
     79.229     -0.315     -0.308    13.6573    13.8435   0.567875   0.032087     4.0287     0.1970     2.7910  325.21934     0.0000     0.0000     2.7910     3.4909     4.9982     0.0000     0.0251     0.1175          0 0.0000e+00
     79.729     -0.315     -0.313    13.6614    13.8434   0.845913   0.031618     6.1516     0.1940     2.7912  320.99035     0.0000     0.0000     2.7912     3.4924     4.9984     0.0000     0.0270     0.1174          0 0.0000e+00
     80.229     -0.317     -0.319    13.6660    13.8426   0.777587   0.031394     5.6183     0.1927     2.7904  321.88176     0.0000     0.0000     2.7904     3.4938     4.9984     0.0000     0.0269     0.1176          0 0.0000e+00
     80.729     -0.318     -0.312    13.6697    13.8424   0.736753   0.031326     5.3017     0.1923     2.7853  321.13183     0.0000     0.0000     2.7853     3.4949     4.9985     0.0000     0.0269     0.1172          0 0.0000e+00
     81.229     -0.322     -0.318    13.6725    13.8426   0.716534   0.031285     5.1454     0.1920     2.7875  321.55119     0.0000     0.0000     2.7875     3.4952     4.9982     0.0000     0.0270     0.1172          0 0.0000e+00
     81.729     -0.322     -0.322    13.6738    13.8432   0.703392   0.031298     5.0441     0.1921     2.7876  322.03751     0.0000     0.0000     2.7876     3.4969     4.9983     0.0000     0.0269     0.1176          0 0.0000e+00
     82.229     -0.321     -0.318    13.6750    13.8436   0.699853   0.031212     5.0168     0.1916     2.7884  322.81702     0.0000     0.0000     2.7884     3.4972     4.9986     0.0000     0.0269     0.1177          0 0.0000e+00
     82.729     -0.318     -0.318    13.6764    13.8439   0.696943   0.031174     4.9942     0.1914     2.7908  323.40458     0.0000     0.0000     2.7908     3.4986     4.9983     0.0000     0.0269     0.1172          0 0.0000e+00
     83.229     -0.319     -0.313    13.6770    13.8442   0.679019   0.030907     4.8567     0.1897     2.7917  324.14378     0.0000     0.0000     2.7917     3.4981     4.9980     0.0000     0.0269     0.1172          0 0.0000e+00
     83.729     -0.323     -0.322    13.6760    13.8447   0.651580   0.030822     4.6470     0.1892     2.7910  324.38018     0.0000     0.0000     2.7910     3.4976     4.9985     0.0000     0.0246     0.1172          0 0.0000e+00
     84.229     -0.325     -0.321    13.6760    13.8451   0.611877   0.030822     4.3447     0.1892     2.7907  324.61501     0.0000     0.0000     2.7907     3.4969     4.9982     0.0000     0.0243     0.1172          0 0.0000e+00
     84.729     -0.329     -0.327    13.6763    13.8459   0.575203   0.030858     4.0667     0.1894     2.7908  324.74553     0.0000     0.0000     2.7908     3.4968     4.9984     0.0000     0.0262     0.1172          0 0.0000e+00
     85.229     -0.332     -0.327    13.6761    13.8468   0.598280   0.030869     4.2414     0.1895     2.7909  324.54970     0.0000     0.0000     2.7909     3.4966     4.9983     0.0000     0.0269     0.1170          0 0.0000e+00
     85.729     -0.330     -0.327    13.6740    13.8475   0.596021   0.030913     4.2246     0.1897     2.7907  324.59455     0.0000     0.0000     2.7907     3.4967     4.9984     0.0000     0.0269     0.1154          0 0.0000e+00
     86.229     -0.329     -0.327    13.6736    13.8484   0.606111   0.030977     4.3012     0.1901     2.7907  324.44686     0.0000     0.0000     2.7907     3.4972     4.9983     0.0000     0.0269     0.1145          0 0.0000e+00
     86.729     -0.323     -0.322    13.6750    13.8493   0.652994   0.031053     4.6580     0.1906     2.7911  323.78310     0.0000     0.0000     2.7911     3.4980     4.9986     0.0000     0.0241     0.1153          0 0.0000e+00
     87.229     -0.317     -0.312    13.6754    13.8500   0.704469   0.031112     5.0523     0.1909     2.7909  323.00234     0.0000     0.0000     2.7909     3.4980     4.9987     0.0000     0.0208     0.1172          0 0.0000e+00
     87.729     -0.315     -0.307    13.6766    13.8505   0.737917   0.031090     5.3098     0.1908     2.7910  322.48620     0.0000     0.0000     2.7910     3.4981     4.9983     0.0000     0.0226     0.1174          0 0.0000e+00
     88.229     -0.316     -0.317    13.6786    13.8509   0.759004   0.030976     5.4724     0.1901     2.7909  322.14176     0.0000     0.0000     2.7909     3.5000     4.9984     0.0000     0.0269     0.1180          0 0.0000e+00
     88.729     -0.312     -0.306    13.6806    13.8510   0.751105   0.030812     5.4110     0.1891     2.7911  322.25212     0.0000     0.0000     2.7911     3.5012     4.9984     0.0000     0.0274     0.1178          0 0.0000e+00
     89.229     -0.315     -0.312    13.6817    13.8508   0.698320   0.030656     5.0042     0.1881     2.7912  323.09573     0.0000     0.0000     2.7912     3.5026     4.9984     0.0000     0.0293     0.1177          0 0.0000e+00
     89.729     -0.316     -0.312    13.6825    13.8508   0.644920   0.030505     4.5954     0.1872     2.7907  323.78378     0.0000     0.0000     2.7907     3.5027     4.9983     0.0000     0.0292     0.1176          0 0.0000e+00
     90.229     -0.319     -0.317    13.6840    13.8509   0.604531   0.030409     4.2879     0.1866     2.7911  324.45312     0.0000     0.0000     2.7911     3.5027     4.9982     0.0000     0.0269     0.1171          0 0.0000e+00
     90.729     -0.323     -0.322    13.6849    13.8515   0.587506   0.030469     4.1588     0.1870     2.7911  324.73435     0.0000     0.0000     2.7911     3.5016     4.9983     0.0000     0.0269     0.1171          0 0.0000e+00
     91.229     -0.325     -0.322    13.6852    13.8526   0.592724   0.030728     4.1982     0.1886     2.7912  324.69519     0.0000     0.0000     2.7912     3.5016     4.9984     0.0000     0.0257     0.1177          0 0.0000e+00
     91.729     -0.328     -0.326    13.6850    13.8541   0.628334   0.031017     4.4687     0.1904     2.7909  324.07573     0.0000     0.0000     2.7909     3.5003     4.9986     0.0000     0.0256     0.1180          0 0.0000e+00
     92.229     -0.328     -0.322    13.6838    13.8557   0.666782   0.031155     4.7622     0.1912     2.7911  323.49697     0.0000     0.0000     2.7911     3.4998     4.9985     0.0000     0.0286     0.1158          0 0.0000e+00
     92.729     -0.330     -0.327    13.6823    13.8575   0.639992   0.031141     4.5579     0.1911     2.7907  323.85616     0.0000     0.0000     2.7907     3.4989     4.9985     0.0000     0.0293     0.1152          0 0.0000e+00
     93.229     -0.331     -0.331    13.6831    13.8589   0.609036   0.031038     4.3222     0.1904     2.7907  324.29967     0.0000     0.0000     2.7907     3.4986     4.9984     0.0000     0.0266     0.1169          0 0.0000e+00
     93.729     -0.327     -0.322    13.6842    13.8601   0.609555   0.030898     4.3260     0.1895     2.7906  324.23911     0.0000     0.0000     2.7906     3.4988     4.9982     0.0000     0.0256     0.1176          0 0.0000e+00
     94.229     -0.325     -0.327    13.6854    13.8609   0.625611   0.030763     4.4479     0.1887     2.7912  324.15167     0.0000     0.0000     2.7912     3.4990     4.9983     0.0000     0.0277     0.1176          0 0.0000e+00
     94.729     -0.320     -0.317    13.6866    13.8614   0.656917   0.030624     4.6865     0.1878     2.7908  323.65530     0.0000     0.0000     2.7908     3.4994     4.9981     0.0000     0.0293     0.1175          0 0.0000e+00
     95.229     -0.315     -0.311    13.6877    13.8614   0.700395   0.030581     5.0193     0.1875     2.7907  322.95074     0.0000     0.0000     2.7907     3.4985     4.9987     0.0000     0.0298     0.1187          0 0.0000e+00
     95.729     -0.314     -0.311    13.6881    13.8614   0.700787   0.030559     5.0223     0.1874     2.7911  322.96402     0.0000     0.0000     2.7911     3.5000     4.9985     0.0000     0.0305     0.1201          0 0.0000e+00
     96.229     -0.314     -0.312    13.6863    13.8614   0.675195   0.030508     4.8263     0.1871     2.7908  323.33293     0.0000     0.0000     2.7908     3.5016     4.9986     0.0000     0.0290     0.1195          0 0.0000e+00
     96.729     -0.316     -0.312    13.6848    13.8616   0.651745   0.030471     4.6472     0.1869     2.7910  323.75245     0.0000     0.0000     2.7910     3.5022     4.9984     0.0000     0.0256     0.1194          0 0.0000e+00
     97.229     -0.320     -0.317    13.6852    13.8622   0.633393   0.030490     4.5072     0.1870     2.7911  324.04203     0.0000     0.0000     2.7911     3.5020     4.9984     0.0000     0.0258     0.1190          0 0.0000e+00
     97.729     -0.321     -0.321    13.6867    13.8630   0.624144   0.030571     4.4366     0.1875     2.7910  324.16767     0.0000     0.0000     2.7910     3.5012     4.9984     0.0000     0.0269     0.1197          0 0.0000e+00
     98.229     -0.323     -0.321    13.6872    13.8640   0.625829   0.030715     4.4494     0.1884     2.7910  324.12137     0.0000     0.0000     2.7910     3.5020     4.9982     0.0000     0.0269     0.1200          0 0.0000e+00
     98.729     -0.324     -0.321    13.6867    13.8652   0.635712   0.030822     4.5247     0.1891     2.7907  323.87479     0.0000     0.0000     2.7907     3.5024     4.9982     0.0000     0.0256     0.1186          0 0.0000e+00
     99.229     -0.325     -0.322    13.6881    13.8665   0.649788   0.030922     4.6319     0.1897     2.7909  323.68739     0.0000     0.0000     2.7909     3.5007     4.9985     0.0000     0.0256     0.1187          0 0.0000e+00
     99.729     -0.329     -0.327    13.6897    13.8680   0.660861   0.031022     4.7162     0.1903     2.7910  323.54632     0.0000     0.0000     2.7910     3.5001     4.9984     0.0000     0.0268     0.1371          0 0.0000e+00
    100.229     -0.328     -0.326    13.6910    13.8695   0.652572   0.031047     4.6527     0.1904     2.7910  323.69921     0.0000     0.0000     2.7910     3.5002     4.9983     0.0000     0.0270     0.1380          0 0.0000e+00
    100.729     -0.327     -0.321    13.6930    13.8709   0.620511   0.030984     4.4082     0.1900     2.7911  324.18772     0.0000     0.0000     2.7911     3.5000     4.9985     0.0000     0.0269     0.1608          0 0.0000e+00
    101.229     -0.327     -0.327    13.6953    13.8720   0.595769   0.030853     4.2202     0.1892     2.7911  324.56357     0.0000     0.0000     2.7911     3.4992     4.9986     0.0000     0.0269     0.1659          0 0.0000e+00
    101.729     -0.323     -0.321    13.6963    13.8729   0.592005   0.030670     4.1916     0.1880     2.7912  324.61598     0.0000     0.0000     2.7912     3.5004     4.9984     0.0000     0.0260     0.1449          0 0.0000e+00
    102.229     -0.319     -0.317    13.6964    13.8734   0.623461   0.030508     4.4304     0.1870     2.7912  324.14050     0.0000     0.0000     2.7912     3.5017     4.9983     0.0000     0.0256     0.1359          0 0.0000e+00
    102.729     -0.313     -0.315    13.6980    13.8735   0.692576   0.030532     4.9580     0.1872     2.7912  323.05901     0.0000     0.0000     2.7912     3.5012     4.9985     0.0000     0.0256     0.1324          0 0.0000e+00
