odissea/cruise_data/ce25007/data/ctd/ce25007_017.cnv
* Sea-Bird SBE 9 Data File:
* FileName = C:\CE_CTD_Data\2025_CTD_Data\CE25007\CE25007_017.hdr
* Software Version Seasave V 7.26.7.121
* Temperature SN = 4382
* Conductivity SN = 2796
* Number of Bytes Per Scan = 40
* Number of Voltage Words = 5
* Number of Scans Averaged by the Deck Unit = 1
* NMEA Latitude = 54 36.64 N
* NMEA Longitude = 017 54.00 W
* NMEA UTC (Time) = May 14 2025 21:07:20
* NMEA baud rate = 4800
** Cruise: CE18001
** PSO: Caroline Cusack
** CTD operator:
** Technician:
** Cast No:
** Station:
** Event No:
** Sea state:
** Wind speed:
** Sounding depth
# nquan = 21
# nvalues = 10232                       
# units = specified
# name 0 = timeS: Time, Elapsed [seconds]
# name 1 = prDM: Pressure, Digiquartz [db]
# name 2 = depSM: Depth [salt water, m]
# name 3 = t090C: Temperature [ITS-90, deg C]
# name 4 = t190C: Temperature, 2 [ITS-90, deg C]
# name 5 = c0S/m: Conductivity [S/m]
# name 6 = c1S/m: Conductivity, 2 [S/m]
# name 7 = sal00: Salinity, Practical [PSU]
# name 8 = sal11: Salinity, Practical, 2 [PSU]
# name 9 = sbeox0V: Oxygen raw, SBE 43 [V]
# name 10 = sbeox0Mm/L: Oxygen, SBE 43 [umol/l]
# name 11 = v0: Voltage 0
# name 12 = v1: Voltage 1
# name 13 = v2: Voltage 2
# name 14 = v3: Voltage 3
# name 15 = v4: Voltage 4
# name 16 = v5: Voltage 5
# name 17 = v6: Voltage 6
# name 18 = v7: Voltage 7
# name 19 = pumps: Pump Status
# name 20 = flag: flag
# span 0 =      0.229,   5115.500       
# span 1 =     -0.300,   1340.083       
# span 2 =     -0.309,   1323.793       
# span 3 =     3.9706,    13.7892       
# span 4 =     3.9700,    13.6606       
# span 5 =   0.040515,   4.123621       
# span 6 =   0.051484,   4.127310       
# span 7 =     0.2548,    35.7729       
# span 8 =     0.3223,    35.7400       
# span 9 =     1.4748,     3.1229       
# span 10 =  136.34657,  337.69842      
# span 11 =     0.0000,     0.0000      
# span 12 =     0.0000,     0.0000      
# span 13 =     1.4765,     3.1229      
# span 14 =     0.0257,     4.7849      
# span 15 =     0.1801,     5.0000      
# span 16 =     0.0000,     0.0000      
# span 17 =     0.0208,     0.4510      
# span 18 =     0.0944,     2.4408      
# span 19 =          0,          1      
# span 20 = 0.0000e+00, 0.0000e+00      
# interval = seconds: 0.5               
# start_time = May 14 2025 21:07:20 [NMEA time, header]
# bad_flag = -9.990e-29
*END*
[from data line 5104]
   2552.229    913.767    903.571     6.9043     6.9041   3.577615   3.578181    35.1887    35.1950     1.9433  219.67267     0.0000     0.0000     1.9353     4.7037     4.9988     0.0000     0.0305     0.1077          1 0.0000e+00
   2552.729    913.414    903.224     6.9041     6.9037   3.577583   3.578136    35.1888    35.1952     1.9433  219.60540     0.0000     0.0000     1.9353     4.7038     4.9989     0.0000     0.0305     0.1075          1 0.0000e+00
   2553.229    913.059    902.875     6.9032     6.9026   3.577450   3.578022    35.1885    35.1953     1.9425  219.37006     0.0000     0.0000     1.9346     4.7039     4.9989     0.0000     0.0292     0.1078          1 0.0000e+00
   2553.729    912.678    902.499     6.9027     6.9022   3.577389   3.577942    35.1885    35.1950     1.9424  219.23572     0.0000     0.0000     1.9345     4.7038     4.9989     0.0000     0.0293     0.1076          1 0.0000e+00
   2554.229    912.266    902.091     6.9035     6.9022   3.577450   3.577915    35.1886    35.1950     1.9423  219.26567     0.0000     0.0000     1.9344     4.7038     4.9989     0.0000     0.0293     0.1056          1 0.0000e+00
   2554.729    911.830    901.662     6.9055     6.9023   3.577578   3.577875    35.1882    35.1948     1.9419  219.19046     0.0000     0.0000     1.9340     4.7043     4.9987     0.0000     0.0293     0.1050          1 0.0000e+00
   2555.229    911.371    901.209     6.9109     6.9036   3.578139   3.577961    35.1890    35.1945     1.9409  218.89486     0.0000     0.0000     1.9329     4.7039     4.9989     0.0000     0.0293     0.1078          1 0.0000e+00
   2555.729    910.908    900.750     6.9260     6.9180   3.579624   3.579237    35.1897    35.1937     1.9407  218.60370     0.0000     0.0000     1.9327     4.7043     4.9990     0.0000     0.0293     0.1088          1 0.0000e+00
   2556.229    910.461    900.309     6.9412     6.9272   3.581167   3.580040    35.1910    35.1933     1.9406  218.57554     0.0000     0.0000     1.9326     4.7043     4.9988     0.0000     0.0300     0.1090          1 0.0000e+00
   2556.729    910.034    899.884     6.9491     6.9448   3.581980   3.581887    35.1920    35.1954     1.9409  218.78346     0.0000     0.0000     1.9329     4.7043     4.9988     0.0000     0.0305     0.1090          1 0.0000e+00
   2557.229    909.642    899.501     6.9627     6.9509   3.583326   3.582379    35.1929    35.1947     1.9417  219.15835     0.0000     0.0000     1.9338     4.7043     4.9990     0.0000     0.0299     0.1088          1 0.0000e+00
   2557.729    909.283    899.144     6.9648     6.9603   3.583404   3.583514    35.1919    35.1977     1.9419  219.37673     0.0000     0.0000     1.9340     4.7043     4.9988     0.0000     0.0293     0.1090          1 0.0000e+00
   2558.229    908.946    898.813     6.9690     6.9703   3.583946   3.584474    35.1937    35.1980     1.9420  219.39223     0.0000     0.0000     1.9341     4.7044     4.9988     0.0000     0.0293     0.1084          1 0.0000e+00
   2558.729    908.619    898.491     6.9784     6.9525   3.584879   3.582880    35.1944    35.1994     1.9420  219.16827     0.0000     0.0000     1.9341     4.7038     4.9989     0.0000     0.0293     0.1074          1 0.0000e+00
   2559.229    908.292    898.170     6.9759     6.9610   3.584562   3.583465    35.1938    35.1972     1.9420  219.00018     0.0000     0.0000     1.9341     4.7047     4.9989     0.0000     0.0293     0.1081          1 0.0000e+00
   2559.729    907.950    897.832     6.9850     6.9644   3.585587   3.583782    35.1959    35.1974     1.9414  218.75425     0.0000     0.0000     1.9335     4.7047     4.9990     0.0000     0.0293     0.1099          1 0.0000e+00
   2560.229    907.598    897.488     6.9924     6.9744   3.586260   3.584774    35.1958    35.1981     1.9408  218.38150     0.0000     0.0000     1.9328     4.7048     4.9988     0.0000     0.0294     0.1098          1 0.0000e+00
   2560.729    907.251    897.141     6.9968     6.9799   3.586681   3.585406    35.1961    35.1996     1.9398  217.96754     0.0000     0.0000     1.9318     4.7052     4.9988     0.0000     0.0305     0.1088          1 0.0000e+00
   2561.229    906.918    896.812     6.9871     6.9840   3.585545   3.585863    35.1941    35.2005     1.9396  217.86660     0.0000     0.0000     1.9316     4.7053     4.9988     0.0000     0.0305     0.1088          1 0.0000e+00
   2561.729    906.608    896.504     6.9870     6.9812   3.585683   3.585674    35.1959    35.2017     1.9388  217.84477     0.0000     0.0000     1.9309     4.7049     4.9988     0.0000     0.0293     0.1077          1 0.0000e+00
   2562.229    906.312    896.215     6.9833     6.9808   3.585234   3.585492    35.1951    35.2003     1.9383  217.79287     0.0000     0.0000     1.9304     4.7046     4.9988     0.0000     0.0293     0.1074          1 0.0000e+00
   2562.729    906.002    895.918     6.9947     6.9842   3.586487   3.585827    35.1972    35.2007     1.9383  217.84194     0.0000     0.0000     1.9304     4.7052     4.9988     0.0000     0.0293     0.1085          1 0.0000e+00
   2563.229    905.669    895.580     7.0007     6.9878   3.587061   3.586272    35.1975    35.2021     1.9375  217.71271     0.0000     0.0000     1.9296     4.7047     4.9989     0.0000     0.0293     0.1087          1 0.0000e+00
   2563.729    905.302    895.222     7.0028     6.9870   3.587261   3.586095    35.1977    35.2013     1.9379  217.85339     0.0000     0.0000     1.9300     4.7050     4.9987     0.0000     0.0328     0.1088          1 0.0000e+00
   2564.229    904.906    894.834     7.0076     6.9948   3.587712   3.586863    35.1979    35.2018     1.9371  217.68833     0.0000     0.0000     1.9292     4.7047     4.9988     0.0000     0.0342     0.1087          1 0.0000e+00
   2564.729    904.474    894.402     7.0097     6.9965   3.587911   3.587047    35.1983    35.2024     1.9371  217.65792     0.0000     0.0000     1.9292     4.7049     4.9988     0.0000     0.0311     0.1096          1 0.0000e+00
   2565.229    904.007    893.938     7.0185     6.9987   3.588809   3.587218    35.1993    35.2022     1.9365  217.51729     0.0000     0.0000     1.9286     4.7050     4.9990     0.0000     0.0293     0.1099          1 0.0000e+00
   2565.729    903.531    893.474     7.0262     7.0178   3.589576   3.588954    35.2000    35.2016     1.9359  217.24171     0.0000     0.0000     1.9280     4.7049     4.9989     0.0000     0.0298     0.1095          1 0.0000e+00
   2566.229    903.057    893.003     7.0341     7.0290   3.590366   3.590137    35.2008    35.2033     1.9359  217.20551     0.0000     0.0000     1.9280     4.7050     4.9989     0.0000     0.0305     0.1088          1 0.0000e+00
   2566.729    902.592    892.543     7.0417     7.0363   3.591137   3.590960    35.2016    35.2050     1.9358  217.22384     0.0000     0.0000     1.9279     4.7051     4.9989     0.0000     0.0305     0.1089          1 0.0000e+00
   2567.229    902.144    892.103     7.0457     7.0387   3.591502   3.591281    35.2017    35.2064     1.9356  217.27393     0.0000     0.0000     1.9277     4.7052     4.9989     0.0000     0.0305     0.1090          1 0.0000e+00
   2567.729    901.713    891.672     7.0484     7.0429   3.591777   3.591608    35.2022    35.2059     1.9349  217.09599     0.0000     0.0000     1.9269     4.7053     4.9988     0.0000     0.0302     0.1091          1 0.0000e+00
   2568.229    901.306    891.276     7.0508     7.0434   3.592007   3.591695    35.2026    35.2067     1.9346  216.88624     0.0000     0.0000     1.9266     4.7053     4.9988     0.0000     0.0293     0.1088          1 0.0000e+00
   2568.729    900.912    890.887     7.0516     7.0448   3.592084   3.591866    35.2029    35.2073     1.9340  216.77427     0.0000     0.0000     1.9261     4.7050     4.9988     0.0000     0.0294     0.1089          1 0.0000e+00
   2569.229    900.520    890.503     7.0534     7.0451   3.592221   3.591876    35.2029    35.2074     1.9330  216.47146     0.0000     0.0000     1.9251     4.7050     4.9989     0.0000     0.0305     0.1088          1 0.0000e+00
   2569.729    900.127    890.108     7.0537     7.0484   3.592247   3.592176    35.2032    35.2077     1.9324  216.24286     0.0000     0.0000     1.9245     4.7053     4.9988     0.0000     0.0305     0.1088          1 0.0000e+00
   2570.229    899.745    889.735     7.0550     7.0513   3.592352   3.592461    35.2032    35.2080     1.9317  216.04665     0.0000     0.0000     1.9238     4.7052     4.9989     0.0000     0.0293     0.1100          1 0.0000e+00
   2570.729    899.375    889.370     7.0569     7.0526   3.592518   3.592593    35.2034    35.2084     1.9310  215.95297     0.0000     0.0000     1.9231     4.7053     4.9988     0.0000     0.0293     0.1099          1 0.0000e+00
   2571.229    899.022    889.023     7.0586     7.0530   3.592682   3.592618    35.2036    35.2085     1.9308  215.99847     0.0000     0.0000     1.9229     4.7053     4.9988     0.0000     0.0292     0.1079          1 0.0000e+00
   2571.729    898.685    888.689     7.0601     7.0568   3.592818   3.592932    35.2038    35.2083     1.9299  215.88896     0.0000     0.0000     1.9220     4.7051     4.9989     0.0000     0.0293     0.1076          1 0.0000e+00
   2572.229    898.365    888.368     7.0582     7.0581   3.592552   3.593133    35.2031    35.2093     1.9293  215.82912     0.0000     0.0000     1.9214     4.7050     4.9987     0.0000     0.0293     0.1095          1 0.0000e+00
   2572.729    898.072    888.085     7.0592     7.0586   3.592700   3.593152    35.2039    35.2092     1.9294  215.79698     0.0000     0.0000     1.9215     4.7053     4.9988     0.0000     0.0293     0.1099          1 0.0000e+00
   2573.229    897.780    887.796     7.0635     7.0601   3.593142   3.593306    35.2045    35.2096     1.9293  215.91687     0.0000     0.0000     1.9214     4.7052     4.9990     0.0000     0.0299     0.1094          1 0.0000e+00
   2573.729    897.481    887.502     7.0649     7.0612   3.593273   3.593410    35.2047    35.2098     1.9291  216.15534     0.0000     0.0000     1.9213     4.7053     4.9987     0.0000     0.0305     0.1088          1 0.0000e+00
   2574.229    897.172    887.200     7.0683     7.0625   3.593594   3.593518    35.2048    35.2099     1.9290  216.15791     0.0000     0.0000     1.9211     4.7055     4.9988     0.0000     0.0305     0.1093          1 0.0000e+00
   2574.729    896.829    886.862     7.0663     7.0632   3.593313   3.593588    35.2041    35.2102     1.9293  216.14053     0.0000     0.0000     1.9214     4.7054     4.9989     0.0000     0.0305     0.1099          1 0.0000e+00
   2575.229    896.460    886.496     7.0644     7.0643   3.593190   3.593651    35.2050    35.2100     1.9285  215.94925     0.0000     0.0000     1.9206     4.7057     4.9988     0.0000     0.0301     0.1105          1 0.0000e+00
   2575.729    896.054    886.099     7.0740     7.0580   3.594116   3.593150    35.2054    35.2113     1.9280  215.75279     0.0000     0.0000     1.9201     4.7051     4.9988     0.0000     0.0293     0.1114          1 0.0000e+00
   2576.229    895.623    885.664     7.0821     7.0650   3.594983   3.593611    35.2067    35.2094     1.9272  215.34305     0.0000     0.0000     1.9193     4.7055     4.9990     0.0000     0.0293     0.1106          1 0.0000e+00
   2576.729    895.189    885.239     7.0921     7.0747   3.595948   3.594587    35.2071    35.2101     1.9270  215.18516     0.0000     0.0000     1.9191     4.7053     4.9989     0.0000     0.0293     0.1077          1 0.0000e+00
   2577.229    894.763    884.819     7.0909     7.0833   3.595794   3.595450    35.2069    35.2109     1.9271  215.29608     0.0000     0.0000     1.9192     4.7054     4.9988     0.0000     0.0292     0.1077          1 0.0000e+00
   2577.729    894.361    884.419     7.0905     7.0854   3.595756   3.595733    35.2072    35.2121     1.9273  215.59877     0.0000     0.0000     1.9194     4.7054     4.9988     0.0000     0.0293     0.1087          1 0.0000e+00
   2578.229    893.979    884.047     7.0909     7.0902   3.595784   3.596125    35.2073    35.2116     1.9273  215.75832     0.0000     0.0000     1.9194     4.7051     4.9988     0.0000     0.0293     0.1088          1 0.0000e+00
   2578.729    893.606    883.675     7.0927     7.0916   3.595916   3.596319    35.2072    35.2125     1.9273  215.77868     0.0000     0.0000     1.9194     4.7054     4.9987     0.0000     0.0323     0.1112          1 0.0000e+00
   2579.229    893.227    883.310     7.0942     7.0918   3.596088   3.596369    35.2078    35.2132     1.9267  215.51728     0.0000     0.0000     1.9188     4.7055     4.9987     0.0000     0.0325     0.1111          1 0.0000e+00
   2579.729    892.816    882.899     7.0981     7.0941   3.596462   3.596570    35.2081    35.2133     1.9261  215.17499     0.0000     0.0000     1.9182     4.7056     4.9989     0.0000     0.0308     0.1093          1 0.0000e+00
   2580.229    892.374    882.466     7.0987     7.0948   3.596525   3.596634    35.2084    35.2135     1.9261  215.06614     0.0000     0.0000     1.9182     4.7056     4.9989     0.0000     0.0305     0.1090          1 0.0000e+00
   2580.729    891.900    881.999     7.1019     7.0960   3.596831   3.596752    35.2088    35.2138     1.9261  215.12948     0.0000     0.0000     1.9182     4.7054     4.9989     0.0000     0.0305     0.1096          1 0.0000e+00
   2581.229    891.409    881.511     7.1037     7.0965   3.596995   3.596778    35.2090    35.2140     1.9261  215.31227     0.0000     0.0000     1.9182     4.7054     4.9988     0.0000     0.0305     0.1100          1 0.0000e+00
   2581.729    890.913    881.012     7.1079     7.1031   3.597401   3.597310    35.2093    35.2132     1.9250  215.04601     0.0000     0.0000     1.9172     4.7054     4.9990     0.0000     0.0298     0.1079          1 0.0000e+00
   2582.229    890.456    880.569     7.1079     7.1076   3.597371   3.597845    35.2094    35.2147     1.9238  214.51532     0.0000     0.0000     1.9160     4.7052     4.9988     0.0000     0.0293     0.1068          1 0.0000e+00
   2582.729    890.035    880.147     7.1073     7.1091   3.597286   3.598002    35.2093    35.2150     1.9236  214.23068     0.0000     0.0000     1.9158     4.7056     4.9989     0.0000     0.0299     0.1082          1 0.0000e+00
   2583.229    889.677    879.796     7.1088     7.1089   3.597444   3.597990    35.2097    35.2154     1.9235  214.34471     0.0000     0.0000     1.9157     4.7057     4.9988     0.0000     0.0305     0.1099          1 0.0000e+00
   2583.729    889.372    879.492     7.1068     7.1057   3.597222   3.597724    35.2095    35.2161     1.9235  214.64268     0.0000     0.0000     1.9157     4.7059     4.9988     0.0000     0.0300     0.1096          1 0.0000e+00
   2584.229    889.124    879.254     7.0994     7.1010   3.596450   3.597314    35.2090    35.2166     1.9234  214.88079     0.0000     0.0000     1.9156     4.7056     4.9988     0.0000     0.0293     0.1089          1 0.0000e+00
   2584.729    888.937    879.068     7.1044     7.1031   3.596960   3.597300    35.2095    35.2144     1.9225  214.59253     0.0000     0.0000     1.9146     4.7052     4.9990     0.0000     0.0296     0.1092          1 0.0000e+00
   2585.229    888.763    878.904     7.1069     7.1045   3.597199   3.597514    35.2096    35.2154     1.9218  214.26779     0.0000     0.0000     1.9139     4.7057     4.9989     0.0000     0.0305     0.1101          1 0.0000e+00
   2585.729    888.531    878.677     7.1048     7.1021   3.596950   3.597348    35.2092    35.2163     1.9213  213.97563     0.0000     0.0000     1.9134     4.7058     4.9989     0.0000     0.0306     0.1100          1 0.0000e+00
