odissea/cruise_data/ce25007/data/ctd/ce25007_019.cnv
* Sea-Bird SBE 9 Data File:
* FileName = C:\CE_CTD_Data\2025_CTD_Data\CE25007\CE25007_019.hdr
* Software Version Seasave V 7.26.7.121
* Temperature SN = 4382
* Conductivity SN = 2796
* Number of Bytes Per Scan = 40
* Number of Voltage Words = 5
* Number of Scans Averaged by the Deck Unit = 1
* NMEA Latitude = 54 33.13 N
* NMEA Longitude = 018 51.34 W
* NMEA UTC (Time) = May 15 2025 03:54:31
* NMEA baud rate = 4800
** Cruise: CE18001
** PSO: Caroline Cusack
** CTD operator:
** Technician:
** Cast No:
** Station:
** Event No:
** Sea state:
** Wind speed:
** Sounding depth
# nquan = 21
# nvalues = 12063                       
# units = specified
# name 0 = timeS: Time, Elapsed [seconds]
# name 1 = prDM: Pressure, Digiquartz [db]
# name 2 = depSM: Depth [salt water, m]
# name 3 = t090C: Temperature [ITS-90, deg C]
# name 4 = t190C: Temperature, 2 [ITS-90, deg C]
# name 5 = c0S/m: Conductivity [S/m]
# name 6 = c1S/m: Conductivity, 2 [S/m]
# name 7 = sal00: Salinity, Practical [PSU]
# name 8 = sal11: Salinity, Practical, 2 [PSU]
# name 9 = sbeox0V: Oxygen raw, SBE 43 [V]
# name 10 = sbeox0Mm/L: Oxygen, SBE 43 [umol/l]
# name 11 = v0: Voltage 0
# name 12 = v1: Voltage 1
# name 13 = v2: Voltage 2
# name 14 = v3: Voltage 3
# name 15 = v4: Voltage 4
# name 16 = v5: Voltage 5
# name 17 = v6: Voltage 6
# name 18 = v7: Voltage 7
# name 19 = pumps: Pump Status
# name 20 = flag: flag
# span 0 =      0.229,   6031.229       
# span 1 =     -0.251,   1226.509       
# span 2 =     -0.252,   1211.942       
# span 3 =     5.4447,    14.6554       
# span 4 =     5.4436,    14.9855       
# span 5 =   0.001249,   4.140880       
# span 6 =   0.002393,   4.140858       
# span 7 =     0.0146,    35.5377       
# span 8 =     0.0188,    35.5437       
# span 9 =     1.8170,     2.8484       
# span 10 =  189.23791,  339.07743      
# span 11 =     0.0000,     0.0000      
# span 12 =     0.0000,     0.0000      
# span 13 =     1.8144,     2.8474      
# span 14 =     0.0036,     4.7856      
# span 15 =     0.3205,     5.0000      
# span 16 =     0.0000,     0.0000      
# span 17 =     0.0183,     0.4891      
# span 18 =     0.0914,     3.6923      
# span 19 =          0,          1      
# span 20 = 0.0000e+00, 0.0000e+00      
# interval = seconds: 0.5               
# start_time = May 15 2025 03:54:31 [NMEA time, header]
# bad_flag = -9.990e-29
*END*
[from data line 7932]
   3966.229    707.877    700.315     9.1914     9.1908   3.791956   3.792447    35.2884    35.2941     1.8583  190.73783     0.0000     0.0000     1.8506     4.7573     4.9972     0.0000     0.0293     0.1072          1 0.0000e+00
   3966.729    708.028    700.469     9.1912     9.1913   3.791946   3.792504    35.2884    35.2941     1.8580  190.60484     0.0000     0.0000     1.8503     4.7573     4.9975     0.0000     0.0293     0.1073          1 0.0000e+00
   3967.229    708.271    700.713     9.1904     9.1901   3.791869   3.792396    35.2883    35.2941     1.8582  190.60461     0.0000     0.0000     1.8505     4.7571     4.9974     0.0000     0.0295     0.1063          1 0.0000e+00
   3967.729    708.568    701.012     9.1898     9.1896   3.791810   3.792363    35.2882    35.2941     1.8587  190.81516     0.0000     0.0000     1.8510     4.7571     4.9974     0.0000     0.0305     0.1054          1 0.0000e+00
   3968.229    708.838    701.280     9.1894     9.1892   3.791793   3.792293    35.2883    35.2937     1.8587  190.98939     0.0000     0.0000     1.8510     4.7573     4.9974     0.0000     0.0308     0.1052          1 0.0000e+00
   3968.729    709.041    701.483     9.1896     9.1867   3.791815   3.792056    35.2883    35.2936     1.8581  190.81228     0.0000     0.0000     1.8504     4.7574     4.9973     0.0000     0.0324     0.1053          1 0.0000e+00
   3969.229    709.151    701.599     9.1875     9.1861   3.791614   3.792013    35.2881    35.2937     1.8586  190.80619     0.0000     0.0000     1.8509     4.7572     4.9975     0.0000     0.0322     0.1057          1 0.0000e+00
   3969.729    709.133    701.577     9.1863     9.1861   3.791489   3.792004    35.2881    35.2937     1.8582  190.70241     0.0000     0.0000     1.8505     4.7571     4.9974     0.0000     0.0305     0.1092          1 0.0000e+00
   3970.229    709.003    701.450     9.1864     9.1867   3.791468   3.792068    35.2879    35.2938     1.8584  190.81240     0.0000     0.0000     1.8507     4.7574     4.9974     0.0000     0.0305     0.1091          1 0.0000e+00
   3970.729    708.804    701.242     9.1884     9.1892   3.791675   3.792338    35.2880    35.2941     1.8587  190.88063     0.0000     0.0000     1.8510     4.7570     4.9976     0.0000     0.0294     0.1071          1 0.0000e+00
   3971.229    708.618    701.052     9.1901     9.1905   3.791854   3.792441    35.2883    35.2940     1.8588  190.92068     0.0000     0.0000     1.8511     4.7573     4.9973     0.0000     0.0293     0.1071          1 0.0000e+00
   3971.729    708.487    700.923     9.1903     9.1909   3.791846   3.792473    35.2880    35.2939     1.8587  190.91354     0.0000     0.0000     1.8510     4.7574     4.9973     0.0000     0.0293     0.1069          1 0.0000e+00
   3972.229    708.410    700.852     9.1904     9.1905   3.791874   3.792427    35.2883    35.2939     1.8587  190.86467     0.0000     0.0000     1.8510     4.7570     4.9973     0.0000     0.0293     0.1070          1 0.0000e+00
   3972.729    708.391    700.831     9.1902     9.1904   3.791846   3.792423    35.2882    35.2940     1.8587  190.81219     0.0000     0.0000     1.8510     4.7570     4.9976     0.0000     0.0293     0.1061          1 0.0000e+00
   3973.229    708.422    700.862     9.1883     9.1900   3.791669   3.792387    35.2883    35.2940     1.8587  190.80829     0.0000     0.0000     1.8510     4.7570     4.9974     0.0000     0.0293     0.1054          1 0.0000e+00
   3973.729    708.478    700.918     9.1877     9.1897   3.791620   3.792347    35.2883    35.2939     1.8589  190.88400     0.0000     0.0000     1.8512     4.7572     4.9975     0.0000     0.0299     0.1064          1 0.0000e+00
   3974.229    708.548    700.990     9.1877     9.1876   3.791603   3.792137    35.2881    35.2937     1.8587  190.85854     0.0000     0.0000     1.8510     4.7574     4.9975     0.0000     0.0305     0.1069          1 0.0000e+00
   3974.729    708.600    701.045     9.1865     9.1882   3.791485   3.792197    35.2881    35.2937     1.8591  190.94218     0.0000     0.0000     1.8514     4.7577     4.9975     0.0000     0.0300     0.1071          1 0.0000e+00
   3975.229    708.659    701.094     9.1866     9.1887   3.791497   3.792257    35.2881    35.2938     1.8589  190.91171     0.0000     0.0000     1.8512     4.7574     4.9976     0.0000     0.0293     0.1072          1 0.0000e+00
   3975.729    708.756    701.191     9.1878     9.1882   3.791620   3.792212    35.2881    35.2938     1.8588  190.87864     0.0000     0.0000     1.8511     4.7575     4.9973     0.0000     0.0292     0.1068          1 0.0000e+00
   3976.229    708.883    701.317     9.1882     9.1877   3.791676   3.792155    35.2882    35.2937     1.8587  190.80304     0.0000     0.0000     1.8510     4.7577     4.9976     0.0000     0.0293     0.1070          1 0.0000e+00
   3976.729    709.031    701.473     9.1876     9.1877   3.791616   3.792182    35.2881    35.2939     1.8587  190.77326     0.0000     0.0000     1.8510     4.7574     4.9974     0.0000     0.0293     0.1066          1 0.0000e+00
   3977.229    709.157    701.594     9.1870     9.1877   3.791566   3.792182    35.2881    35.2938     1.8587  190.80232     0.0000     0.0000     1.8510     4.7571     4.9974     0.0000     0.0292     0.1068          1 0.0000e+00
   3977.729    709.239    701.676     9.1870     9.1862   3.791562   3.792043    35.2880    35.2939     1.8587  190.84900     0.0000     0.0000     1.8510     4.7575     4.9975     0.0000     0.0293     0.1065          1 0.0000e+00
   3978.229    709.257    701.697     9.1869     9.1865   3.791551   3.792061    35.2881    35.2937     1.8587  190.85434     0.0000     0.0000     1.8510     4.7574     4.9974     0.0000     0.0305     0.1052          1 0.0000e+00
   3978.729    709.218    701.653     9.1863     9.1872   3.791494   3.792136    35.2881    35.2938     1.8586  190.82828     0.0000     0.0000     1.8509     4.7576     4.9971     0.0000     0.0305     0.1052          1 0.0000e+00
   3979.229    709.111    701.556     9.1870     9.1868   3.791542   3.792081    35.2879    35.2937     1.8587  190.83820     0.0000     0.0000     1.8510     4.7572     4.9974     0.0000     0.0294     0.1067          1 0.0000e+00
   3979.729    708.934    701.377     9.1878     9.1873   3.791607   3.792118    35.2879    35.2937     1.8585  190.78360     0.0000     0.0000     1.8508     4.7573     4.9975     0.0000     0.0293     0.1072          1 0.0000e+00
   3980.229    708.715    701.154     9.1879     9.1887   3.791622   3.792268    35.2880    35.2939     1.8584  190.74945     0.0000     0.0000     1.8507     4.7573     4.9976     0.0000     0.0293     0.1054          1 0.0000e+00
   3980.729    708.466    700.908     9.1888     9.1893   3.791722   3.792329    35.2882    35.2941     1.8585  190.74640     0.0000     0.0000     1.8508     4.7575     4.9976     0.0000     0.0293     0.1051          1 0.0000e+00
   3981.229    708.232    700.676     9.1906     9.1907   3.791888   3.792464    35.2883    35.2941     1.8587  190.82269     0.0000     0.0000     1.8510     4.7572     4.9973     0.0000     0.0293     0.1065          1 0.0000e+00
   3981.729    708.038    700.478     9.1909     9.1912   3.791929   3.792489    35.2885    35.2940     1.8586  190.83087     0.0000     0.0000     1.8509     4.7576     4.9975     0.0000     0.0293     0.1070          1 0.0000e+00
   3982.229    707.892    700.332     9.1907     9.1915   3.791897   3.792514    35.2884    35.2940     1.8589  190.90221     0.0000     0.0000     1.8512     4.7575     4.9974     0.0000     0.0299     0.1070          1 0.0000e+00
   3982.729    707.821    700.264     9.1907     9.1896   3.791892   3.792315    35.2884    35.2939     1.8591  190.95774     0.0000     0.0000     1.8514     4.7576     4.9976     0.0000     0.0305     0.1070          1 0.0000e+00
   3983.229    707.837    700.279     9.1905     9.1902   3.791865   3.792382    35.2883    35.2939     1.8590  190.96430     0.0000     0.0000     1.8513     4.7577     4.9973     0.0000     0.0300     0.1061          1 0.0000e+00
   3983.729    707.939    700.386     9.1896     9.1904   3.791776   3.792415    35.2883    35.2942     1.8587  190.82882     0.0000     0.0000     1.8510     4.7573     4.9975     0.0000     0.0293     0.1052          1 0.0000e+00
   3984.229    708.114    700.556     9.1898     9.1893   3.791795   3.792318    35.2882    35.2941     1.8587  190.72653     0.0000     0.0000     1.8510     4.7575     4.9975     0.0000     0.0293     0.1056          1 0.0000e+00
   3984.729    708.353    700.794     9.1892     9.1883   3.791748   3.792224    35.2882    35.2940     1.8586  190.70379     0.0000     0.0000     1.8509     4.7577     4.9973     0.0000     0.0293     0.1067          1 0.0000e+00
   3985.229    708.628    701.069     9.1877     9.1878   3.791616   3.792187    35.2882    35.2940     1.8585  190.75846     0.0000     0.0000     1.8508     4.7579     4.9974     0.0000     0.0293     0.1066          1 0.0000e+00
   3985.729    708.876    701.317     9.1875     9.1882   3.791616   3.792250    35.2882    35.2941     1.8585  190.77096     0.0000     0.0000     1.8508     4.7576     4.9975     0.0000     0.0293     0.1070          1 0.0000e+00
   3986.229    709.082    701.521     9.1867     9.1869   3.791517   3.792079    35.2880    35.2936     1.8586  190.80053     0.0000     0.0000     1.8509     4.7575     4.9972     0.0000     0.0294     0.1065          1 0.0000e+00
   3986.729    709.236    701.676     9.1854     9.1859   3.791404   3.792005    35.2880    35.2938     1.8585  190.78999     0.0000     0.0000     1.8508     4.7577     4.9974     0.0000     0.0305     0.1076          1 0.0000e+00
   3987.229    709.326    701.768     9.1854     9.1860   3.791394   3.792029    35.2879    35.2939     1.8585  190.85698     0.0000     0.0000     1.8508     4.7579     4.9971     0.0000     0.0305     0.1077          1 0.0000e+00
   3987.729    709.330    701.769     9.1856     9.1860   3.791429   3.792008    35.2881    35.2936     1.8587  190.88124     0.0000     0.0000     1.8510     4.7578     4.9974     0.0000     0.0305     0.1045          1 0.0000e+00
   3988.229    709.244    701.682     9.1857     9.1853   3.791425   3.791940    35.2879    35.2937     1.8586  190.87364     0.0000     0.0000     1.8509     4.7575     4.9974     0.0000     0.0305     0.1042          1 0.0000e+00
   3988.729    709.085    701.526     9.1865     9.1872   3.791489   3.792126    35.2879    35.2938     1.8581  190.70747     0.0000     0.0000     1.8504     4.7576     4.9972     0.0000     0.0305     0.1052          1 0.0000e+00
   3989.229    708.880    701.322     9.1882     9.1881   3.791656   3.792230    35.2879    35.2940     1.8582  190.68622     0.0000     0.0000     1.8505     4.7579     4.9974     0.0000     0.0305     0.1054          1 0.0000e+00
   3989.729    708.642    701.080     9.1889     9.1897   3.791733   3.792366    35.2881    35.2940     1.8585  190.70714     0.0000     0.0000     1.8508     4.7574     4.9972     0.0000     0.0297     0.1054          1 0.0000e+00
   3990.229    708.422    700.858     9.1903     9.1906   3.791871   3.792464    35.2883    35.2941     1.8584  190.80749     0.0000     0.0000     1.8507     4.7576     4.9976     0.0000     0.0293     0.1053          1 0.0000e+00
   3990.729    708.251    700.690     9.1908     9.1912   3.791928   3.792498    35.2884    35.2940     1.8587  190.89582     0.0000     0.0000     1.8510     4.7577     4.9975     0.0000     0.0300     0.1063          1 0.0000e+00
   3991.229    708.130    700.579     9.1911     9.1911   3.791961   3.792496    35.2885    35.2941     1.8587  190.90609     0.0000     0.0000     1.8510     4.7573     4.9974     0.0000     0.0305     0.1072          1 0.0000e+00
   3991.729    708.072    700.510     9.1913     9.1913   3.791973   3.792511    35.2885    35.2941     1.8587  190.84437     0.0000     0.0000     1.8510     4.7577     4.9974     0.0000     0.0305     0.1073          1 0.0000e+00
   3992.229    708.096    700.535     9.1909     9.1908   3.791932   3.792460    35.2885    35.2941     1.8586  190.82219     0.0000     0.0000     1.8509     4.7574     4.9976     0.0000     0.0305     0.1078          1 0.0000e+00
   3992.729    708.195    700.636     9.1903     9.1899   3.791854   3.792386    35.2882    35.2942     1.8583  190.71774     0.0000     0.0000     1.8506     4.7576     4.9973     0.0000     0.0301     0.1069          1 0.0000e+00
   3993.229    708.353    700.796     9.1883     9.1886   3.791678   3.792238    35.2883    35.2939     1.8575  190.45311     0.0000     0.0000     1.8498     4.7574     4.9975     0.0000     0.0293     0.1054          1 0.0000e+00
   3993.729    708.544    700.987     9.1882     9.1878   3.791669   3.792168    35.2882    35.2938     1.8578  190.45978     0.0000     0.0000     1.8501     4.7578     4.9973     0.0000     0.0293     0.1054          1 0.0000e+00
   3994.229    708.708    701.155     9.1868     9.1871   3.791499   3.792094    35.2879    35.2937     1.8585  190.69868     0.0000     0.0000     1.8508     4.7579     4.9975     0.0000     0.0293     0.1053          1 0.0000e+00
   3994.729    708.798    701.241     9.1866     9.1870   3.791489   3.792095    35.2880    35.2939     1.8583  190.93317     0.0000     0.0000     1.8506     4.7574     4.9975     0.0000     0.0293     0.1052          1 0.0000e+00
   3995.229    708.791    701.241     9.1862     9.1870   3.791451   3.792084    35.2879    35.2937     1.8584  190.96289     0.0000     0.0000     1.8507     4.7585     4.9975     0.0000     0.0293     0.1052          1 0.0000e+00
   3995.729    708.684    701.130     9.1875     9.1885   3.791599   3.792248    35.2881    35.2939     1.8585  190.90129     0.0000     0.0000     1.8508     4.7582     4.9975     0.0000     0.0293     0.1053          1 0.0000e+00
   3996.229    708.494    700.944     9.1888     9.1886   3.791704   3.792238    35.2880    35.2938     1.8586  190.82943     0.0000     0.0000     1.8509     4.7578     4.9974     0.0000     0.0293     0.1054          1 0.0000e+00
   3996.729    708.246    700.691     9.1892     9.1895   3.791717   3.792334    35.2879    35.2940     1.8589  190.93017     0.0000     0.0000     1.8512     4.7586     4.9972     0.0000     0.0293     0.1052          1 0.0000e+00
   3997.229    707.947    700.403     9.1898     9.1899   3.791794   3.792368    35.2882    35.2941     1.8588  190.92172     0.0000     0.0000     1.8511     4.7582     4.9973     0.0000     0.0293     0.1090          1 0.0000e+00
   3997.729    707.617    700.073     9.1912     9.1915   3.791914   3.792531    35.2882    35.2943     1.8591  190.96370     0.0000     0.0000     1.8514     4.7584     4.9975     0.0000     0.0293     0.1105          1 0.0000e+00
   3998.229    707.279    699.732     9.1922     9.1930   3.792005   3.792687    35.2883    35.2946     1.8594  191.01034     0.0000     0.0000     1.8518     4.7585     4.9971     0.0000     0.0278     0.1060          1 0.0000e+00
   3998.729    706.942    699.403     9.1933     9.1941   3.792130   3.792761    35.2886    35.2945     1.8599  191.12354     0.0000     0.0000     1.8523     4.7585     4.9975     0.0000     0.0269     0.1041          1 0.0000e+00
   3999.229    706.596    699.067     9.1940     9.1938   3.792168   3.792711    35.2884    35.2944     1.8598  191.12824     0.0000     0.0000     1.8522     4.7581     4.9976     0.0000     0.0282     0.1047          1 0.0000e+00
   3999.729    706.215    698.681     9.1937     9.1945   3.792138   3.792791    35.2886    35.2946     1.8599  191.06085     0.0000     0.0000     1.8523     4.7583     4.9974     0.0000     0.0293     0.1053          1 0.0000e+00
