odissea/cruise_data/ce25007/data/ctd/ce25007_028.cnv
* Sea-Bird SBE 9 Data File:
* FileName = C:\CE_CTD_Data\2025_CTD_Data\CE25007\CE25007_028.hdr
* Software Version Seasave V 7.26.7.121
* Temperature SN = 4382
* Conductivity SN = 2796
* Number of Bytes Per Scan = 40
* Number of Voltage Words = 5
* Number of Scans Averaged by the Deck Unit = 1
* NMEA Latitude = 54 30.09 N
* NMEA Longitude = 022 29.13 W
* NMEA UTC (Time) = May 16 2025 18:25:33
* NMEA baud rate = 4800
** Cruise: CE18001
** PSO: Caroline Cusack
** CTD operator:
** Technician:
** Cast No:
** Station:
** Event No:
** Sea state:
** Wind speed:
** Sounding depth
# nquan = 21
# nvalues = 434                         
# units = specified
# name 0 = timeS: Time, Elapsed [seconds]
# name 1 = prDM: Pressure, Digiquartz [db]
# name 2 = depSM: Depth [salt water, m]
# name 3 = t090C: Temperature [ITS-90, deg C]
# name 4 = t190C: Temperature, 2 [ITS-90, deg C]
# name 5 = c0S/m: Conductivity [S/m]
# name 6 = c1S/m: Conductivity, 2 [S/m]
# name 7 = sal00: Salinity, Practical [PSU]
# name 8 = sal11: Salinity, Practical, 2 [PSU]
# name 9 = sbeox0V: Oxygen raw, SBE 43 [V]
# name 10 = sbeox0Mm/L: Oxygen, SBE 43 [umol/l]
# name 11 = v0: Voltage 0
# name 12 = v1: Voltage 1
# name 13 = v2: Voltage 2
# name 14 = v3: Voltage 3
# name 15 = v4: Voltage 4
# name 16 = v5: Voltage 5
# name 17 = v6: Voltage 6
# name 18 = v7: Voltage 7
# name 19 = pumps: Pump Status
# name 20 = flag: flag
# span 0 =      0.229,    216.729       
# span 1 =     -0.339,     14.278       
# span 2 =     -0.357,     14.170       
# span 3 =    11.6126,    14.0528       
# span 4 =    11.6128,    14.1333       
# span 5 =   0.019246,   4.060633       
# span 6 =   0.115865,   4.092260       
# span 7 =     0.1172,    35.8381       
# span 8 =     0.7397,    36.1293       
# span 9 =     2.1738,     2.8082       
# span 10 =  199.16741,  340.57700      
# span 11 =     0.0000,     0.0000      
# span 12 =     0.0000,     0.0000      
# span 13 =     2.1738,     2.8082      
# span 14 =     0.0391,     4.8452      
# span 15 =     0.0247,     4.9990      
# span 16 =     0.0000,     0.0000      
# span 17 =     0.0060,     4.9459      
# span 18 =     0.0860,     3.0464      
# span 19 =          0,          1      
# span 20 = 0.0000e+00, 0.0000e+00      
# interval = seconds: 0.5               
# start_time = May 16 2025 18:25:33 [NMEA time, header]
# bad_flag = -9.990e-29
*END*
[from data line 345]
    172.729     -0.255     -0.258    12.4693    12.0014   0.159530   0.352626     1.0747     2.5208     2.6502  319.05250     0.0000     0.0000     2.6502     4.5967     4.9966     0.0000     0.0071     0.1380          0 0.0000e+00
    173.229     -0.240     -0.238    12.4536    12.0781   0.145910   0.315013     0.9792     2.2295     2.6508  319.49068     0.0000     0.0000     2.6508     4.6077     4.9967     0.0000     0.0294     0.1169          0 0.0000e+00
    173.729     -0.216     -0.213    12.4468    12.1095   0.144702   0.304525     0.9712     2.1486     2.6507  319.60043     0.0000     0.0000     2.6507     4.6433     4.9971     0.0000     0.0293     0.1171          0 0.0000e+00
    174.229     -0.212     -0.207    12.4333    12.1152   0.146421   0.302163     0.9841     2.1308     2.6508  319.68084     0.0000     0.0000     2.6508     4.6246     4.9968     0.0000     0.0304     0.1347          0 0.0000e+00
    174.729     -0.211     -0.213    12.4190    12.1170   0.166890   0.306582     1.1309     2.1642     2.6509  319.44572     0.0000     0.0000     2.6509     4.5804     4.9967     0.0000     0.0305     0.1357          0 0.0000e+00
    175.229     -0.201     -0.197    12.4194    12.1451   0.212083   0.297787     1.4559     2.0965     2.6512  318.83274     0.0000     0.0000     2.6512     4.5863     4.9971     0.0000     0.0254     0.1102          0 0.0000e+00
    175.729     -0.211     -0.209    12.4386    12.1802   0.233900   0.295742     1.6130     2.0789     2.6518  318.52537     0.0000     0.0000     2.6517     4.5906     4.9964     0.0000     0.0244     0.1044          0 0.0000e+00
    176.229     -0.208     -0.202    12.4388    12.1714   0.241896   0.278955     1.6715     1.9549     2.6520  318.49728     0.0000     0.0000     2.6519     4.6387     4.9966     0.0000     0.0225     0.1128          0 0.0000e+00
    176.729     -0.213     -0.216    12.4301    12.1596   0.230944   0.266903     1.5925     1.8666     2.6522  318.75819     0.0000     0.0000     2.6521     4.6234     4.9968     0.0000     0.0220     0.1169          0 0.0000e+00
    177.229     -0.212     -0.201    12.3558    12.1516   0.323276   0.257577     2.3314     1.7984     2.6524  317.81254     0.0000     0.0000     2.6523     4.5710     4.9965     0.0000     0.0220     0.1172          0 0.0000e+00
    177.729     -0.249     -0.241    12.2270    12.1665   0.912826   0.255659     6.9413     1.7834     2.6531  309.76642     0.0000     0.0000     2.6530     4.5504     4.9965     0.0000     0.0220     0.1172          0 0.0000e+00
    178.229     -0.304     -0.322    12.2676    12.1888   0.886733   0.650439     6.7277     4.8731     2.6533  309.96491     0.0000     0.0000     2.6532     4.5347     4.9965     0.0000     0.0274     0.1129          0 0.0000e+00
    178.729     -0.232     -0.222    12.2624    12.2034   0.731634   0.601788     5.4670     4.4339     2.6534  312.46940     0.0000     0.0000     2.6533     4.4124     4.9966     0.0000     0.0342     0.1079          0 0.0000e+00
    179.229     -0.249     -0.249    12.2390    12.1955   0.432810   0.478816     3.1210     3.4725     2.6543  317.38278     0.0000     0.0000     2.6543     4.3959     4.9965     0.0000     0.0304     0.1078          0 0.0000e+00
    179.729     -0.271     -0.261    12.2753    12.1814   0.562672   0.434942     4.1313     3.1358     2.6500  314.28216     0.0000     0.0000     2.6500     4.3932     4.9966     0.0000     0.0220     0.1075          0 0.0000e+00
    180.229     -0.305     -0.309    12.2886    12.1756   0.353670   0.426435     2.5129     3.0713     2.6375  313.91331     0.0000     0.0000     2.6375     4.3882     4.9967     0.0000     0.0220     0.1079          0 0.0000e+00
    180.729     -0.283     -0.289    12.3313    12.1810   0.346069   0.391218     2.4521     2.8017     2.6260  309.52471     0.0000     0.0000     2.6260     4.3839     4.9967     0.0000     0.0220     0.1099          0 0.0000e+00
    181.229     -0.235     -0.217    12.3498    12.1874   0.373230   0.361671     2.6572     2.5768     2.6201  306.68003     0.0000     0.0000     2.6201     4.3680     4.9966     0.0000     0.0223     0.1100          0 0.0000e+00
    181.729     -0.265     -0.268    12.2734    12.1839   0.391878   0.353713     2.8053     2.5171     2.6190  307.78727     0.0000     0.0000     2.6189     4.3648     4.9965     0.0000     0.0270     0.1090          0 0.0000e+00
    182.229     -0.283     -0.281    12.3279    12.1857   0.419293   0.346496     3.0091     2.4626     2.6209  309.74063     0.0000     0.0000     2.6209     4.3654     4.9971     0.0000     0.0269     0.1090          0 0.0000e+00
    182.729     -0.277     -0.275    12.3699    12.1882   0.501813   0.335280     3.6363     2.3779     2.6238  310.71264     0.0000     0.0000     2.6237     4.3666     4.9967     0.0000     0.0225     0.1169          0 0.0000e+00
    183.229     -0.288     -0.296    12.4103    12.1865   0.472689   0.324681     3.4075     2.2985     2.6258  312.27719     0.0000     0.0000     2.6258     4.3673     4.9967     0.0000     0.0220     0.1174          0 0.0000e+00
    183.729     -0.244     -0.222    12.4393    12.1895   0.308374   0.309998     2.1710     2.1883     2.6264  314.73224     0.0000     0.0000     2.6264     4.3367     4.9968     0.0000     0.0260     0.1096          0 0.0000e+00
    184.229     -0.266     -0.277    12.3630    12.1855   0.293624   0.301244     2.0596     2.1232     2.6262  315.02239     0.0000     0.0000     2.6262     4.3224     4.9971     0.0000     0.0269     0.1075          0 0.0000e+00
    184.729     -0.270     -0.263    12.3723    12.1859   0.277187   0.291261     1.9355     2.0488     2.6251  314.42967     0.0000     0.0000     2.6251     4.2724     4.9967     0.0000     0.0286     0.1087          0 0.0000e+00
    185.229     -0.262     -0.256    12.3980    12.1891   0.244693   0.285386     1.6956     2.0049     2.6237  314.01500     0.0000     0.0000     2.6236     4.2681     4.9967     0.0000     0.0293     0.1091          0 0.0000e+00
    185.729     -0.259     -0.268    12.4219    12.1893   0.207536   0.275273     1.4228     1.9299     2.6226  313.94925     0.0000     0.0000     2.6225     4.2617     4.9966     0.0000     0.0280     0.1082          0 0.0000e+00
    186.229     -0.226     -0.209    12.4302    12.1916   0.186742   0.269464     1.2727     1.8867     2.6207  313.76277     0.0000     0.0000     2.6207     4.2447     4.9965     0.0000     0.0269     0.1077          0 0.0000e+00
    186.729     -0.243     -0.249    12.3268    12.1936   0.215526   0.265833     1.4876     1.8598     2.6201  314.01406     0.0000     0.0000     2.6201     4.2387     4.9969     0.0000     0.0270     0.1089          0 0.0000e+00
    187.229     -0.243     -0.238    12.3436    12.1983   0.242196   0.262159     1.6811     1.8323     2.6192  313.47477     0.0000     0.0000     2.6191     4.2433     4.9967     0.0000     0.0269     0.1105          0 0.0000e+00
    187.729     -0.261     -0.259    12.3841    12.2115   0.249186   0.262508     1.7295     1.8341     2.6191  313.25482     0.0000     0.0000     2.6190     4.2098     4.9968     0.0000     0.0256     0.1108          0 0.0000e+00
    188.229     -0.257     -0.261    12.4273    12.2136   0.216426   0.256295     1.4873     1.7882     2.6192  313.65168     0.0000     0.0000     2.6191     4.1522     4.9968     0.0000     0.0220     0.1114          0 0.0000e+00
    188.729     -0.229     -0.216    12.4459    12.2175   0.215400   0.254149     1.4796     1.7721     2.6197  313.80477     0.0000     0.0000     2.6197     4.1294     4.9968     0.0000     0.0225     0.1113          0 0.0000e+00
    189.229     -0.243     -0.256    12.3954    12.2199   0.242258   0.250269     1.6779     1.7435     2.6209  314.21667     0.0000     0.0000     2.6209     4.1192     4.9968     0.0000     0.0243     0.1099          0 0.0000e+00
    189.729     -0.218     -0.198    12.3399    12.2232   0.387882   0.250861     2.7943     1.7477     2.6221  312.85197     0.0000     0.0000     2.6221     4.1273     4.9968     0.0000     0.0240     0.1101          0 0.0000e+00
    190.229     -0.261     -0.280    12.3444    12.2265   0.641684   0.249512     4.7478     1.7377     2.6245  309.63543     0.0000     0.0000     2.6244     4.1360     4.9968     0.0000     0.0208     0.1089          0 0.0000e+00
    190.729     -0.215     -0.194    12.3767    12.2324   0.284735   0.251632     1.9926     1.7530     2.6267  315.35304     0.0000     0.0000     2.6267     4.1549     4.9967     0.0000     0.0208     0.1089          0 0.0000e+00
    191.229     -0.254     -0.260    12.3901    12.2400   0.339260   0.254670     2.3981     1.7750     2.6293  315.04467     0.0000     0.0000     2.6292     4.1621     4.9966     0.0000     0.0184     0.1115          0 0.0000e+00
    191.729     -0.249     -0.243    12.4007    12.2486   0.247533   0.252671     1.7165     1.7597     2.6324  316.97488     0.0000     0.0000     2.6324     4.1666     4.9969     0.0000     0.0183     0.1116          0 0.0000e+00
    192.229     -0.252     -0.254    12.4118    12.2569   0.208921   0.251153     1.4339     1.7481     2.6359  318.16727     0.0000     0.0000     2.6358     4.1608     4.9968     0.0000     0.0272     0.1095          0 0.0000e+00
    192.729     -0.239     -0.238    12.4152    12.2635   0.814646   0.241946     6.3300     1.6801     2.6396  309.52258     0.0000     0.0000     2.6396     4.1526     4.9966     0.0000     0.0293     0.1088          0 0.0000e+00
    193.229     -0.234     -0.227    12.4160    12.2693   2.057624   0.236789    16.6352     1.6421     2.6432  290.60825     0.0000     0.0000     2.6432     4.1295     4.9967     0.0000     0.0242     0.1108          0 0.0000e+00
    193.729     -0.245     -0.242    12.3932    12.2733   2.071340   0.233425    16.7685     1.6172     2.6470  291.08303     0.0000     0.0000     2.6469     4.1013     4.9968     0.0000     0.0220     0.1113          0 0.0000e+00
    194.229     -0.254     -0.254    12.3407    12.2799   3.383712   0.233660    28.8760     1.6186     2.6495  270.50718     0.0000     0.0000     2.6495     4.0800     4.9965     0.0000     0.0220     0.1135          0 0.0000e+00
    194.729     -0.251     -0.249    12.1960    12.2883   3.991394   0.277544    34.7391     1.9415     2.6517  261.40736     0.0000     0.0000     2.6516     4.0584     4.9967     0.0000     0.0220     0.1150          0 0.0000e+00
    195.229     -0.255     -0.254    12.0905    12.3538   3.991575   0.262117    34.8417     1.8230     2.6539  261.84373     0.0000     0.0000     2.6538     4.0506     4.9969     0.0000     0.0221     0.1129          0 0.0000e+00
    195.729     -0.259     -0.255    12.0721    12.3899   3.991856   0.252173    34.8616     1.7476     2.6554  261.91028     0.0000     0.0000     2.6554     4.0293     4.9966     0.0000     0.0220     0.1102          0 0.0000e+00
    196.229     -0.266     -0.259    12.1227    12.4047   3.992357   0.253489    34.8173     1.7565     2.6560  261.57823     0.0000     0.0000     2.6560     4.0619     4.9968     0.0000     0.0217     0.1093          0 0.0000e+00
    196.729     -0.268     -0.271    12.1310    12.4133   3.992663   0.256789    34.8120     1.7804     2.6580  261.62753     0.0000     0.0000     2.6579     4.0917     4.9965     0.0000     0.0208     0.1076          0 0.0000e+00
    197.229     -0.271     -0.269    12.1344    12.4173   3.992920   0.250702    34.8108     1.7357     2.6599  261.86607     0.0000     0.0000     2.6598     4.1166     4.9969     0.0000     0.0201     0.1080          0 0.0000e+00
    197.729     -0.273     -0.266    12.1359    12.4207   3.993172   0.244230    34.8115     1.6884     2.6620  262.26707     0.0000     0.0000     2.6620     4.1189     4.9966     0.0000     0.0171     0.1092          0 0.0000e+00
    198.229     -0.280     -0.278    12.1369    12.4267   3.993426   0.238325    34.8128     1.6450     2.6643  262.68338     0.0000     0.0000     2.6642     4.1045     4.9965     0.0000     0.0173     0.1087          0 0.0000e+00
    198.729     -0.289     -0.287    12.1372    12.4303   3.993651   0.233629    34.8144     1.6107     2.6660  262.88690     0.0000     0.0000     2.6660     4.0762     4.9967     0.0000     0.0208     0.1067          0 0.0000e+00
    199.229     -0.286     -0.285    12.1383    12.4383   3.993864   0.228562    34.8152     1.5735     2.6676  263.00743     0.0000     0.0000     2.6676     4.0440     4.9968     0.0000     0.0208     0.1069          0 0.0000e+00
    199.729     -0.274     -0.275    12.1395    12.4394   3.994066   0.221695    34.8158     1.5238     2.6684  262.95460     0.0000     0.0000     2.6684     3.9854     4.9968     0.0000     0.0195     0.1111          0 0.0000e+00
    200.229     -0.256     -0.252    12.1374    12.4376   3.994260   0.213409    34.8195     1.4639     2.6691  262.86596     0.0000     0.0000     2.6690     3.9675     4.9967     0.0000     0.0195     0.1113          0 0.0000e+00
    200.729     -0.231     -0.231    12.1287    12.4304   3.994466   0.210499    34.8297     1.4434     2.6692  262.71297     0.0000     0.0000     2.6691     3.9515     4.9968     0.0000     0.0256     0.1124          0 0.0000e+00
    201.229     -0.210     -0.207    12.1060    12.4344   3.994581   0.216491    34.8523     1.4868     2.6692  262.58219     0.0000     0.0000     2.6691     3.9412     4.9968     0.0000     0.0269     0.1125          0 0.0000e+00
    201.729     -0.189     -0.186    12.0638    12.4075   3.994559   0.251573    34.8925     1.7448     2.6687  262.53695     0.0000     0.0000     2.6686     3.9269     4.9967     0.0000     0.0286     0.1227          0 0.0000e+00
    202.229     -0.177     -0.175    12.0237    12.3409   3.994513   0.311130    34.9304     2.1900     2.6688  262.63744     0.0000     0.0000     2.6687     3.9906     4.9966     0.0000     0.0293     0.1270          0 0.0000e+00
    202.729     -0.174     -0.173    11.9958    12.3275   3.994607   0.291672    34.9579     2.0462     2.6691  262.80068     0.0000     0.0000     2.6690     4.0166     4.9968     0.0000     0.0251     0.1264          0 0.0000e+00
    203.229     -0.174     -0.172    11.9698    12.3290   3.994956   0.268701    34.9861     1.8759     2.6699  263.11705     0.0000     0.0000     2.6698     4.0668     4.9967     0.0000     0.0220     0.1258          0 0.0000e+00
    203.729     -0.187     -0.184    11.9014    12.3321   2.651544   0.254898    22.4452     1.7739     2.6708  285.82371     0.0000     0.0000     2.6707     4.0693     4.9967     0.0000     0.0229     0.1211          0 0.0000e+00
    204.229     -0.202     -0.200    11.8131    12.3365   0.789129   0.234321     6.0007     1.6228     2.6723  317.62127     0.0000     0.0000     2.6723     4.0738     4.9966     0.0000     0.0239     0.1149          0 0.0000e+00
    204.729     -0.219     -0.217    11.7855    12.3426   0.586092   0.217366     4.3741     1.4987     2.6742  321.60845     0.0000     0.0000     2.6742     4.0545     4.9972     0.0000     0.0243     0.1137          0 0.0000e+00
    205.229     -0.235     -0.233    11.7911    12.3498   0.461646   0.204723     3.3861     1.4066     2.6761  324.05399     0.0000     0.0000     2.6760     4.0447     4.9968     0.0000     0.0256     0.1114          0 0.0000e+00
    205.729     -0.253     -0.247    11.7937    12.3581   0.427161   0.189602     3.1174     1.2969     2.6777  324.92938     0.0000     0.0000     2.6777     3.9895     4.9968     0.0000     0.0258     0.1129          0 0.0000e+00
    206.229     -0.271     -0.269    11.7950    12.3652   0.353295   0.175338     2.5481     1.1941     2.6779  325.92916     0.0000     0.0000     2.6779     3.9673     4.9969     0.0000     0.0269     0.1186          0 0.0000e+00
