odissea/cruise_data/ce25007/data/ctd/ce25007_028.cnv
* Sea-Bird SBE 9 Data File:
* FileName = C:\CE_CTD_Data\2025_CTD_Data\CE25007\CE25007_028.hdr
* Software Version Seasave V 7.26.7.121
* Temperature SN = 4382
* Conductivity SN = 2796
* Number of Bytes Per Scan = 40
* Number of Voltage Words = 5
* Number of Scans Averaged by the Deck Unit = 1
* NMEA Latitude = 54 30.09 N
* NMEA Longitude = 022 29.13 W
* NMEA UTC (Time) = May 16 2025 18:25:33
* NMEA baud rate = 4800
** Cruise: CE18001
** PSO: Caroline Cusack
** CTD operator:
** Technician:
** Cast No:
** Station:
** Event No:
** Sea state:
** Wind speed:
** Sounding depth
# nquan = 21
# nvalues = 434                         
# units = specified
# name 0 = timeS: Time, Elapsed [seconds]
# name 1 = prDM: Pressure, Digiquartz [db]
# name 2 = depSM: Depth [salt water, m]
# name 3 = t090C: Temperature [ITS-90, deg C]
# name 4 = t190C: Temperature, 2 [ITS-90, deg C]
# name 5 = c0S/m: Conductivity [S/m]
# name 6 = c1S/m: Conductivity, 2 [S/m]
# name 7 = sal00: Salinity, Practical [PSU]
# name 8 = sal11: Salinity, Practical, 2 [PSU]
# name 9 = sbeox0V: Oxygen raw, SBE 43 [V]
# name 10 = sbeox0Mm/L: Oxygen, SBE 43 [umol/l]
# name 11 = v0: Voltage 0
# name 12 = v1: Voltage 1
# name 13 = v2: Voltage 2
# name 14 = v3: Voltage 3
# name 15 = v4: Voltage 4
# name 16 = v5: Voltage 5
# name 17 = v6: Voltage 6
# name 18 = v7: Voltage 7
# name 19 = pumps: Pump Status
# name 20 = flag: flag
# span 0 =      0.229,    216.729       
# span 1 =     -0.339,     14.278       
# span 2 =     -0.357,     14.170       
# span 3 =    11.6126,    14.0528       
# span 4 =    11.6128,    14.1333       
# span 5 =   0.019246,   4.060633       
# span 6 =   0.115865,   4.092260       
# span 7 =     0.1172,    35.8381       
# span 8 =     0.7397,    36.1293       
# span 9 =     2.1738,     2.8082       
# span 10 =  199.16741,  340.57700      
# span 11 =     0.0000,     0.0000      
# span 12 =     0.0000,     0.0000      
# span 13 =     2.1738,     2.8082      
# span 14 =     0.0391,     4.8452      
# span 15 =     0.0247,     4.9990      
# span 16 =     0.0000,     0.0000      
# span 17 =     0.0060,     4.9459      
# span 18 =     0.0860,     3.0464      
# span 19 =          0,          1      
# span 20 = 0.0000e+00, 0.0000e+00      
# interval = seconds: 0.5               
# start_time = May 16 2025 18:25:33 [NMEA time, header]
# bad_flag = -9.990e-29
*END*
      0.229     -0.264     -0.273    14.0522    14.1333   0.021909   0.211510     0.1333     1.3911     2.5557  296.39936     0.0000     0.0000     2.5557     4.2671     4.9971     0.0000     0.0220     0.0991          0 0.0000e+00
      0.729     -0.247     -0.249    14.0508    14.1326   0.021747   0.161817     0.1324     1.0490     2.5621  298.13795     0.0000     0.0000     2.5621     4.2989     4.9969     0.0000     0.0213     0.0934          0 0.0000e+00
      1.229     -0.218     -0.210    14.0515    14.1310   0.021898   0.140352     0.1333     0.9035     2.5672  299.91945     0.0000     0.0000     2.5672     4.3056     4.9974     0.0000     0.0208     0.0900          0 0.0000e+00
      1.729     -0.226     -0.221    14.0522    14.1292   0.021581   0.144341     0.1313     0.9306     2.5723  301.34234     0.0000     0.0000     2.5723     4.3155     4.9968     0.0000     0.0201     0.0949          0 0.0000e+00
      2.229     -0.237     -0.232    14.0524    14.1285   0.021131   0.153105     0.1286     0.9899     2.5775  302.09047     0.0000     0.0000     2.5775     4.3268     4.9966     0.0000     0.0195     0.1001          0 0.0000e+00
      2.729     -0.238     -0.239    14.0527    14.1280   0.020763   0.154686     0.1263     1.0007     2.5823  302.66411     0.0000     0.0000     2.5823     4.3440     4.9968     0.0000     0.0204     0.0995          0 0.0000e+00
      3.229     -0.241     -0.237    14.0528    14.1274   0.020468   0.151951     0.1245     0.9821     2.5858  303.00838     0.0000     0.0000     2.5858     4.3510     4.9967     0.0000     0.0220     0.0980          0 0.0000e+00
      3.729     -0.243     -0.239    14.0527    14.1267   0.020265   0.144234     0.1233     0.9299     2.5890  303.18676     0.0000     0.0000     2.5890     4.3714     4.9969     0.0000     0.0225     0.0982          0 0.0000e+00
      4.229     -0.250     -0.249    14.0515    14.1256   0.020020   0.139222     0.1218     0.8961     2.5929  303.48096     0.0000     0.0000     2.5929     4.3698     4.9972     0.0000     0.0243     0.0981          0 0.0000e+00
      4.729     -0.255     -0.252    14.0508    14.1247   0.019813   0.136317     0.1206     0.8766     2.5976  304.20899     0.0000     0.0000     2.5976     4.3671     4.9967     0.0000     0.0244     0.0987          0 0.0000e+00
      5.229     -0.251     -0.250    14.0502    14.1236   0.019777   0.128125     0.1203     0.8215     2.6031  305.29834     0.0000     0.0000     2.6031     4.3608     4.9969     0.0000     0.0256     0.1019          0 0.0000e+00
      5.729     -0.250     -0.247    14.0491    14.1223   0.019643   0.123441     0.1195     0.7902     2.6079  306.27653     0.0000     0.0000     2.6079     4.3577     4.9969     0.0000     0.0255     0.1021          0 0.0000e+00
      6.229     -0.255     -0.254    14.0485    14.1210   0.019500   0.123954     0.1187     0.7936     2.6129  307.10964     0.0000     0.0000     2.6129     4.3391     4.9972     0.0000     0.0222     0.1005          0 0.0000e+00
      6.729     -0.264     -0.263    14.0479    14.1198   0.019316   0.125779     0.1176     0.8059     2.6170  307.65111     0.0000     0.0000     2.6170     4.3316     4.9971     0.0000     0.0220     0.1006          0 0.0000e+00
      7.229     -0.269     -0.270    14.0469    14.1186   0.019246   0.127265     0.1172     0.8159     2.6209  308.00978     0.0000     0.0000     2.6209     4.3185     4.9971     0.0000     0.0210     0.1006          0 0.0000e+00
      7.729     -0.238     -0.232    14.0462    14.1171   0.019881   0.118810     0.1210     0.7593     2.6234  308.08017     0.0000     0.0000     2.6234     4.3155     4.9967     0.0000     0.0208     0.1002          0 0.0000e+00
      8.229     -0.237     -0.234    14.0455    14.1151   0.019827   0.115865     0.1207     0.7397     2.6258  308.04261     0.0000     0.0000     2.6258     4.3146     4.9969     0.0000     0.0232     0.1023          0 0.0000e+00
      8.729     -0.237     -0.236    14.0440    14.1134   0.019772   0.117309     0.1204     0.7494     2.6283  308.17089     0.0000     0.0000     2.6283     4.3107     4.9972     0.0000     0.0243     0.1028          0 0.0000e+00
      9.229     -0.235     -0.232    14.0424    14.1115   0.020302   0.121489     0.1236     0.7774     2.6312  308.51632     0.0000     0.0000     2.6312     4.3072     4.9966     0.0000     0.0251     0.1006          0 0.0000e+00
      9.729     -0.240     -0.243    14.0409    14.1098   0.020846   0.129267     0.1270     0.8296     2.6329  308.77120     0.0000     0.0000     2.6329     4.2980     4.9967     0.0000     0.0256     0.0992          0 0.0000e+00
     10.229     -0.226     -0.223    14.0395    14.1084   0.020789   0.132690     0.1267     0.8527     2.6342  308.80081     0.0000     0.0000     2.6342     4.2004     4.9972     0.0000     0.0239     0.0988          0 0.0000e+00
     10.729     -0.221     -0.215    14.0046    14.1074   0.022711   0.145126     0.1391     0.9366     2.6355  308.95340     0.0000     0.0000     2.6355     4.1409     4.9969     0.0000     0.0220     0.0983          0 0.0000e+00
     11.229     -0.224     -0.226    13.9630    14.1075   0.022305   0.165853     0.1374     1.0774     2.6367  309.24765     0.0000     0.0000     2.6367     4.1888     4.9972     0.0000     0.0234     0.0979          0 0.0000e+00
     11.729     -0.219     -0.219    13.9636    14.1073   0.021703   0.164112     0.1336     1.0655     2.6380  309.38637     0.0000     0.0000     2.6380     4.2123     4.9973     0.0000     0.0256     0.0977          0 0.0000e+00
     12.229     -0.205     -0.201    13.9489    14.1069   0.021416   0.163617     0.1321     1.0621     2.6396  309.74884     0.0000     0.0000     2.6396     4.2732     4.9971     0.0000     0.0264     0.0977          0 0.0000e+00
     12.729     -0.213     -0.214    13.9492    14.1061   0.021290   0.158626     0.1312     1.0281     2.6416  310.12599     0.0000     0.0000     2.6416     4.2752     4.9971     0.0000     0.0293     0.0981          0 0.0000e+00
     13.229     -0.219     -0.215    13.9469    14.1054   0.020965   0.159630     0.1292     1.0350     2.6447  310.79316     0.0000     0.0000     2.6447     4.2775     4.9969     0.0000     0.0282     0.0982          0 0.0000e+00
     13.729     -0.224     -0.221    13.9445    14.1047   0.020610   0.173868     0.1269     1.1323     2.6482  311.62742     0.0000     0.0000     2.6482     4.2583     4.9969     0.0000     0.0208     0.0976          0 0.0000e+00
     14.229     -0.236     -0.234    13.9429    14.1042   0.020446   0.188446     0.1259     1.2322     2.6508  312.25492     0.0000     0.0000     2.6508     4.2455     4.9967     0.0000     0.0209     0.0974          0 0.0000e+00
     14.729     -0.246     -0.242    13.9299    14.1036   0.020514   0.207208     0.1265     1.3618     2.6531  312.69905     0.0000     0.0000     2.6531     4.2033     4.9971     0.0000     0.0291     0.0925          0 0.0000e+00
     15.229     -0.250     -0.249    13.9170    14.1027   0.020417   0.183049     0.1260     1.1954     2.6550  312.82118     0.0000     0.0000     2.6550     4.1756     4.9969     0.0000     0.0293     0.0925          0 0.0000e+00
     15.729     -0.249     -0.247    13.9070    14.1012   0.020630   0.161631     0.1274     1.0487     2.6561  312.78256     0.0000     0.0000     2.6561     4.1491     4.9968     0.0000     0.0195     0.0986          0 0.0000e+00
     16.229     -0.246     -0.239    13.8884    14.0990   0.020292   0.167209     0.1256     1.0869     2.6572  312.82205     0.0000     0.0000     2.6572     4.1479     4.9972     0.0000     0.0183     0.0995          0 0.0000e+00
     16.729     -0.245     -0.248    13.8708    14.0966   0.020354   0.185869     0.1263     1.2149     2.6584  312.97495     0.0000     0.0000     2.6584     4.1489     4.9967     0.0000     0.0212     0.0928          0 0.0000e+00
     17.229     -0.234     -0.232    13.8381    14.0938   0.020916   0.207253     0.1302     1.3626     2.6595  313.31165     0.0000     0.0000     2.6595     4.1569     4.9973     0.0000     0.0221     0.0910          0 0.0000e+00
     17.729     -0.228     -0.219    13.8212    14.0900   0.020937   0.388864     0.1305     2.6605     2.6606  313.57793     0.0000     0.0000     2.6606     4.1657     4.9966     0.0000     0.0196     0.0911          0 0.0000e+00
     18.229     -0.245     -0.247    13.8057    14.0855   0.020860   0.266725     0.1302     1.7787     2.6614  313.73344     0.0000     0.0000     2.6614     4.1759     4.9969     0.0000     0.0183     0.0910          0 0.0000e+00
     18.729     -0.234     -0.233    13.8085    14.0813   0.021013   0.255847     0.1309     1.7023     2.6618  313.69283     0.0000     0.0000     2.6618     4.1246     4.9969     0.0000     0.0244     0.0931          0 0.0000e+00
     19.229     -0.219     -0.212    13.7663    14.0759   0.020755   0.433701     0.1300     3.0006     2.6619  313.86175     0.0000     0.0000     2.6619     4.1125     4.9969     0.0000     0.0305     0.0948          0 0.0000e+00
     19.729     -0.221     -0.225    13.7559    14.0695   0.020684   0.407527     0.1296     2.7897     2.6622  313.86239     0.0000     0.0000     2.6622     4.1367     4.9972     0.0000     0.0300     0.0918          0 0.0000e+00
     20.229     -0.220     -0.218    13.7608    14.0625   0.020592   0.412040     0.1287     2.8224     2.6626  313.81231     0.0000     0.0000     2.6626     4.1471     4.9972     0.0000     0.0293     0.0878          0 0.0000e+00
     20.729     -0.218     -0.214    13.7517    14.0553   0.020595   0.383730     0.1287     2.6173     2.6635  314.10949     0.0000     0.0000     2.6635     4.1631     4.9968     0.0000     0.0288     0.0892          0 0.0000e+00
     21.229     -0.212     -0.215    13.7447    14.0489   0.021020   0.342443     0.1313     2.3200     2.6636  314.21605     0.0000     0.0000     2.6636     4.1754     4.9967     0.0000     0.0269     0.0933          0 0.0000e+00
     21.729     -0.208     -0.203    13.7490    14.0428   0.021379   0.323276     0.1333     2.1830     2.6644  314.31204     0.0000     0.0000     2.6644     4.1826     4.9972     0.0000     0.0260     0.0936          0 0.0000e+00
     22.229     -0.204     -0.200    13.7534    14.0358   0.021907   0.264296     0.1363     1.7645     2.6660  314.57279     0.0000     0.0000     2.6660     4.2507     4.9969     0.0000     0.0195     0.0932          0 0.0000e+00
     22.729     -0.200     -0.198    13.7487    14.0277   0.021894   0.262526     0.1361     1.7539     2.6672  314.93865     0.0000     0.0000     2.6672     4.2670     4.9968     0.0000     0.0195     0.0931          0 0.0000e+00
     23.229     -0.214     -0.215    13.7295    14.0198   0.021775   0.302034     0.1357     2.0340     2.6689  315.50583     0.0000     0.0000     2.6689     4.2967     4.9969     0.0000     0.0195     0.0909          0 0.0000e+00
     23.729     -0.226     -0.224    13.7257    14.0102   0.023167   0.249165     0.1442     1.6595     2.6708  315.91125     0.0000     0.0000     2.6708     4.2878     4.9967     0.0000     0.0195     0.0904          0 0.0000e+00
     24.229     -0.223     -0.221    13.7186    13.9927   0.022398   0.216839     0.1395     1.4340     2.6727  316.33267     0.0000     0.0000     2.6727     4.2833     4.9971     0.0000     0.0238     0.0882          0 0.0000e+00
     24.729     -0.235     -0.238    13.7023    13.9660   0.022819   0.218298     0.1422     1.4455     2.6741  316.65739     0.0000     0.0000     2.6741     4.2452     4.9968     0.0000     0.0242     0.0877          0 0.0000e+00
     25.229     -0.227     -0.208    13.6940    13.9432   0.024282   0.213301     0.1514     1.4120     2.6754  316.80884     0.0000     0.0000     2.6754     4.2255     4.9968     0.0000     0.0243     0.0937          0 0.0000e+00
     25.729     -0.250     -0.264    13.6911    13.9392   0.024069   0.204048     0.1499     1.3476     2.6764  316.86659     0.0000     0.0000     2.6764     4.1813     4.9968     0.0000     0.0243     0.0957          0 0.0000e+00
     26.229     -0.245     -0.241    13.6874    13.9337   0.023441   0.176519     0.1460     1.1573     2.6774  316.90288     0.0000     0.0000     2.6774     4.1415     4.9969     0.0000     0.0251     0.0912          0 0.0000e+00
     26.729     -0.251     -0.243    13.6637    13.9285   0.023440   0.159560     0.1463     1.0412     2.6781  317.07320     0.0000     0.0000     2.6781     4.1176     4.9972     0.0000     0.0256     0.0887          0 0.0000e+00
     27.229     -0.251     -0.257    13.6348    13.9181   0.023200   0.157591     0.1453     1.0279     2.6788  317.30922     0.0000     0.0000     2.6788     4.1632     4.9971     0.0000     0.0262     0.0906          0 0.0000e+00
     27.729     -0.243     -0.239    13.6115    13.9140   0.022760   0.163460     0.1428     1.0682     2.6794  317.51957     0.0000     0.0000     2.6794     4.1574     4.9971     0.0000     0.0269     0.0924          0 0.0000e+00
     28.229     -0.239     -0.233    13.5908    13.9022   0.022255   0.187556     0.1399     1.2345     2.6802  317.78013     0.0000     0.0000     2.6802     4.1314     4.9972     0.0000     0.0264     0.0913          0 0.0000e+00
     28.729     -0.250     -0.247    13.5773    13.8810   0.022252   0.198131     0.1400     1.3086     2.6808  317.93447     0.0000     0.0000     2.6808     4.1345     4.9967     0.0000     0.0256     0.0902          0 0.0000e+00
     29.229     -0.261     -0.259    13.5794    13.8626   0.022363   0.187831     0.1404     1.2380     2.6811  317.95962     0.0000     0.0000     2.6811     4.1374     4.9966     0.0000     0.0268     0.0893          0 0.0000e+00
     29.729     -0.252     -0.252    13.5723    13.8414   0.023234   0.179130     0.1458     1.1787     2.6813  317.93716     0.0000     0.0000     2.6813     4.1535     4.9968     0.0000     0.0305     0.0888          0 0.0000e+00
     30.229     -0.234     -0.233    13.5658    13.8313   0.022838   0.183631     0.1433     1.2105     2.6813  317.89224     0.0000     0.0000     2.6813     4.1611     4.9969     0.0000     0.0294     0.0899          0 0.0000e+00
     30.729     -0.219     -0.218    13.5491    13.8130   0.023288   0.198953     0.1462     1.3173     2.6814  317.91648     0.0000     0.0000     2.6814     4.1830     4.9973     0.0000     0.0220     0.0993          0 0.0000e+00
     31.229     -0.227     -0.219    13.5291    13.8128   0.024280   0.295445     0.1526     2.0014     2.6818  318.10530     0.0000     0.0000     2.6818     4.1779     4.9966     0.0000     0.0223     0.0995          0 0.0000e+00
     31.729     -0.237     -0.239    13.5106    13.8083   0.024857   0.285279     0.1564     1.9256     2.6825  318.42413     0.0000     0.0000     2.6825     4.1723     4.9972     0.0000     0.0398     0.0996          0 0.0000e+00
     32.229     -0.229     -0.226    13.4963    13.7594   0.024360   0.281636     0.1534     1.9032     2.6837  318.85284     0.0000     0.0000     2.6837     4.1851     4.9972     0.0000     0.0399     0.0991          0 0.0000e+00
     32.729     -0.218     -0.214    13.4885    13.6787   0.025020   0.256667     0.1575     1.7304     2.6839  319.00503     0.0000     0.0000     2.6839     4.1889     4.9968     0.0000     0.0260     0.0889          0 0.0000e+00
     33.229     -0.208     -0.208    13.4837    13.6424   0.025027   0.267791     0.1574     1.8114     2.6845  319.08314     0.0000     0.0000     2.6845     4.1998     4.9966     0.0000     0.0241     0.0877          0 0.0000e+00
     33.729     -0.217     -0.215    13.4800    13.6241   0.025101   0.274372     0.1578     1.8593     2.6851  319.14319     0.0000     0.0000     2.6851     4.2075     4.9969     0.0000     0.0253     0.0957          0 0.0000e+00
