odissea/cruise_data/ce25007/data/ctd/ce25007_002.cnv
* Sea-Bird SBE 9 Data File:
* FileName = C:\CE_CTD_Data\2025_CTD_Data\CE25007\CE25007_002.hdr
* Software Version Seasave V 7.26.7.121
* Temperature SN = 4382
* Conductivity SN = 2796
* Number of Bytes Per Scan = 40
* Number of Voltage Words = 5
* Number of Scans Averaged by the Deck Unit = 1
* NMEA Latitude = 52 59.84 N
* NMEA Longitude = 014 42.46 W
* NMEA UTC (Time) = May 09 2025 21:03:07
* NMEA baud rate = 4800
** Cruise: CE18001
** PSO: Caroline Cusack
** CTD operator:
** Technician:
** Cast No:
** Station:
** Event No:
** Sea state:
** Wind speed:
** Sounding depth
# nquan = 21
# nvalues = 4436                        
# units = specified
# name 0 = timeS: Time, Elapsed [seconds]
# name 1 = prDM: Pressure, Digiquartz [db]
# name 2 = depSM: Depth [salt water, m]
# name 3 = t090C: Temperature [ITS-90, deg C]
# name 4 = t190C: Temperature, 2 [ITS-90, deg C]
# name 5 = c0S/m: Conductivity [S/m]
# name 6 = c1S/m: Conductivity, 2 [S/m]
# name 7 = sal00: Salinity, Practical [PSU]
# name 8 = sal11: Salinity, Practical, 2 [PSU]
# name 9 = sbeox0V: Oxygen raw, SBE 43 [V]
# name 10 = sbeox0Mm/L: Oxygen, SBE 43 [umol/l]
# name 11 = v0: Voltage 0
# name 12 = v1: Voltage 1
# name 13 = v2: Voltage 2
# name 14 = v3: Voltage 3
# name 15 = v4: Voltage 4
# name 16 = v5: Voltage 5
# name 17 = v6: Voltage 6
# name 18 = v7: Voltage 7
# name 19 = pumps: Pump Status
# name 20 = flag: flag
# span 0 =      0.229,   2217.667       
# span 1 =     -0.351,    475.933       
# span 2 =     -0.359,    471.197       
# span 3 =    10.0549,    13.7177       
# span 4 =    10.0555,    13.9005       
# span 5 =   0.094711,   4.166032       
# span 6 =   0.028967,   4.185314       
# span 7 =     0.6229,    35.9332       
# span 8 =     0.1782,    36.0509       
# span 9 =     1.9962,     3.5963       
# span 10 =  174.53799,  398.36076      
# span 11 =     0.0000,     0.0000      
# span 12 =     0.0000,     0.0000      
# span 13 =     1.9962,     3.5963      
# span 14 =     0.0030,     4.7700      
# span 15 =     0.0510,     4.9988      
# span 16 =     0.0000,     0.0000      
# span 17 =     0.0208,     0.5543      
# span 18 =     0.0962,     0.9808      
# span 19 =          0,          1      
# span 20 = 0.0000e+00, 0.0000e+00      
# interval = seconds: 0.5               
# start_time = May 09 2025 21:03:07 [NMEA time, header]
# bad_flag = -9.990e-29
*END*
[from data line 1725]
    862.729    390.948    387.134    10.5651    10.5669   3.923186   3.924026    35.4360    35.4427     2.3012  232.77382     0.0000     0.0000     2.3011     4.7049     4.6198     0.0000     0.0314     0.1204          1 0.0000e+00
    863.229    391.305    387.491    10.5642    10.5638   3.923137   3.923719    35.4361    35.4424     2.2985  232.81784     0.0000     0.0000     2.2984     4.7054     4.5998     0.0000     0.0317     0.1206          1 0.0000e+00
    863.729    391.550    387.727    10.5647    10.5644   3.923254   3.923810    35.4365    35.4425     2.2962  233.02419     0.0000     0.0000     2.2961     4.7062     4.5814     0.0000     0.0312     0.1205          1 0.0000e+00
    864.229    391.713    387.886    10.5644    10.5663   3.923262   3.924000    35.4368    35.4423     2.2948  233.35439     0.0000     0.0000     2.2948     4.7065     4.5687     0.0000     0.0305     0.1206          1 0.0000e+00
    864.729    391.854    388.022    10.5668    10.5655   3.923394   3.923928    35.4355    35.4422     2.2936  233.58902     0.0000     0.0000     2.2935     4.7069     4.5582     0.0000     0.0305     0.1212          1 0.0000e+00
    865.229    392.027    388.187    10.5649    10.5637   3.923256   3.923731    35.4358    35.4418     2.2925  233.70192     0.0000     0.0000     2.2924     4.7085     4.5528     0.0000     0.0305     0.1220          1 0.0000e+00
    865.729    392.282    388.433    10.5648    10.5647   3.923238   3.923841    35.4356    35.4417     2.2908  233.53811     0.0000     0.0000     2.2907     4.7078     4.5438     0.0000     0.0316     0.1218          1 0.0000e+00
    866.229    392.654    388.804    10.5592    10.5625   3.922614   3.923610    35.4346    35.4414     2.2897  233.42864     0.0000     0.0000     2.2897     4.7076     4.5289     0.0000     0.0342     0.1221          1 0.0000e+00
    866.729    393.128    389.278    10.5346    10.5363   3.919984   3.920805    35.4323    35.4389     2.2891  233.57296     0.0000     0.0000     2.2891     4.7079     4.5065     0.0000     0.0337     0.1213          1 0.0000e+00
    867.229    393.663    389.808    10.5313    10.5259   3.919680   3.919695    35.4321    35.4377     2.2882  233.60867     0.0000     0.0000     2.2882     4.7080     4.4810     0.0000     0.0308     0.1193          1 0.0000e+00
    867.729    394.264    390.396    10.5094    10.5090   3.917313   3.917907    35.4297    35.4361     2.2873  233.71243     0.0000     0.0000     2.2872     4.7099     4.4578     0.0000     0.0313     0.1194          1 0.0000e+00
    868.229    394.973    391.097    10.5043    10.5053   3.916797   3.917504    35.4291    35.4352     2.2860  233.53221     0.0000     0.0000     2.2859     4.7100     4.4391     0.0000     0.0330     0.1196          1 0.0000e+00
    868.729    395.765    391.892    10.4994    10.5001   3.916305   3.916993    35.4285    35.4347     2.2838  233.11414     0.0000     0.0000     2.2838     4.7104     4.4001     0.0000     0.0330     0.1195          1 0.0000e+00
    869.229    396.548    392.671    10.4918    10.4896   3.915497   3.915884    35.4274    35.4335     2.2807  232.43042     0.0000     0.0000     2.2806     4.7109     4.3854     0.0000     0.0318     0.1193          1 0.0000e+00
    869.729    397.283    393.393    10.4833    10.4807   3.914617   3.914958    35.4264    35.4325     2.2765  231.45270     0.0000     0.0000     2.2765     4.7116     4.3372     0.0000     0.0317     0.1194          1 0.0000e+00
    870.229    397.993    394.102    10.4774    10.4762   3.914028   3.914487    35.4259    35.4318     2.2716  230.29606     0.0000     0.0000     2.2716     4.7124     4.2897     0.0000     0.0317     0.1231          1 0.0000e+00
    870.729    398.666    394.767    10.4754    10.4732   3.913817   3.914200    35.4253    35.4313     2.2679  229.48374     0.0000     0.0000     2.2679     4.7122     4.2610     0.0000     0.0318     0.1240          1 0.0000e+00
    871.229    399.274    395.370    10.4754    10.4740   3.913841   3.914309    35.4251    35.4313     2.2649  229.19336     0.0000     0.0000     2.2649     4.7126     4.2313     0.0000     0.0319     0.1209          1 0.0000e+00
    871.729    399.791    395.885    10.4726    10.4728   3.913507   3.914194    35.4242    35.4309     2.2612  228.98008     0.0000     0.0000     2.2612     4.7135     4.1948     0.0000     0.0326     0.1194          1 0.0000e+00
    872.229    400.229    396.312    10.4465    10.4479   3.910802   3.911643    35.4225    35.4296     2.2581  228.88925     0.0000     0.0000     2.2581     4.7142     4.1748     0.0000     0.0335     0.1201          1 0.0000e+00
    872.729    400.611    396.692    10.4348    10.4390   3.909660   3.910678    35.4223    35.4284     2.2550  228.59574     0.0000     0.0000     2.2550     4.7165     4.1600     0.0000     0.0342     0.1208          1 0.0000e+00
    873.229    400.955    397.026    10.4330    10.4338   3.909447   3.910105    35.4216    35.4274     2.2520  228.30470     0.0000     0.0000     2.2520     4.7167     4.1466     0.0000     0.0342     0.1194          1 0.0000e+00
    873.729    401.297    397.363    10.4334    10.4326   3.909427   3.909974    35.4207    35.4269     2.2493  228.05864     0.0000     0.0000     2.2493     4.7174     4.1331     0.0000     0.0343     0.1183          1 0.0000e+00
    874.229    401.653    397.715    10.4325    10.4325   3.909346   3.909949    35.4204    35.4265     2.2466  227.79988     0.0000     0.0000     2.2466     4.7180     4.1058     0.0000     0.0339     0.1181          1 0.0000e+00
    874.729    402.028    398.082    10.4325    10.4328   3.909357   3.910003    35.4202    35.4264     2.2437  227.43849     0.0000     0.0000     2.2437     4.7182     4.0834     0.0000     0.0330     0.1182          1 0.0000e+00
    875.229    402.426    398.479    10.4290    10.4308   3.908971   3.909835    35.4194    35.4263     2.2412  227.18828     0.0000     0.0000     2.2413     4.7220     4.0721     0.0000     0.0330     0.1180          1 0.0000e+00
    875.729    402.850    398.894    10.4247    10.4290   3.908549   3.909612    35.4191    35.4257     2.2389  226.96216     0.0000     0.0000     2.2389     4.7223     4.0486     0.0000     0.0330     0.1180          1 0.0000e+00
    876.229    403.309    399.353    10.4080    10.4193   3.906643   3.908565    35.4162    35.4243     2.2370  226.99708     0.0000     0.0000     2.2371     4.7214     4.0302     0.0000     0.0331     0.1180          1 0.0000e+00
    876.729    403.815    399.850    10.3877    10.3910   3.904441   3.905481    35.4137    35.4210     2.2357  227.13419     0.0000     0.0000     2.2358     4.7214     4.0059     0.0000     0.0332     0.1196          1 0.0000e+00
    877.229    404.362    400.392    10.3703    10.3711   3.902493   3.903289    35.4110    35.4182     2.2334  227.04408     0.0000     0.0000     2.2334     4.7219     3.9885     0.0000     0.0334     0.1195          1 0.0000e+00
    877.729    404.971    400.991    10.3302    10.3302   3.898115   3.898840    35.4062    35.4136     2.2314  226.96635     0.0000     0.0000     2.2315     4.7231     3.9529     0.0000     0.0353     0.1192          1 0.0000e+00
    878.229    405.658    401.670    10.3227    10.3226   3.897323   3.897942    35.4050    35.4114     2.2286  226.54603     0.0000     0.0000     2.2286     4.7232     3.9192     0.0000     0.0354     0.1195          1 0.0000e+00
    878.729    406.395    402.412    10.3146    10.3149   3.896470   3.897125    35.4038    35.4102     2.2235  225.53151     0.0000     0.0000     2.2235     4.7250     3.8905     0.0000     0.0344     0.1165          1 0.0000e+00
    879.229    407.127    403.134    10.3168    10.3165   3.896716   3.897321    35.4036    35.4100     2.2168  223.90120     0.0000     0.0000     2.2169     4.7252     3.8613     0.0000     0.0342     0.1157          1 0.0000e+00
    879.729    407.823    403.818    10.3222    10.3256   3.897382   3.898343    35.4044    35.4108     2.2096  222.01571     0.0000     0.0000     2.2097     4.7259     3.8231     0.0000     0.0352     0.1158          1 0.0000e+00
    880.229    408.482    404.484    10.3240    10.3252   3.897570   3.898341    35.4040    35.4106     2.2023  220.39495     0.0000     0.0000     2.2024     4.7281     3.7934     0.0000     0.0362     0.1158          1 0.0000e+00
    880.729    409.046    405.041    10.3228    10.3254   3.897462   3.898369    35.4036    35.4102     2.1954  219.27698     0.0000     0.0000     2.1956     4.7283     3.7650     0.0000     0.0351     0.1151          1 0.0000e+00
    881.229    409.480    405.466    10.3156    10.3160   3.896710   3.897367    35.4028    35.4091     2.1900  218.74852     0.0000     0.0000     2.1902     4.7286     3.7406     0.0000     0.0342     0.1145          1 0.0000e+00
    881.729    409.800    405.789    10.3169    10.3146   3.896905   3.897229    35.4032    35.4088     2.1860  218.75838     0.0000     0.0000     2.1862     4.7294     3.7200     0.0000     0.0343     0.1145          1 0.0000e+00
    882.229    410.034    406.006    10.3148    10.3144   3.896740   3.897200    35.4033    35.4084     2.1832  219.14961     0.0000     0.0000     2.1834     4.7301     3.7047     0.0000     0.0344     0.1144          1 0.0000e+00
    882.729    410.246    406.209    10.3027    10.3102   3.895487   3.896785    35.4024    35.4081     2.1806  219.56388     0.0000     0.0000     2.1808     4.7344     3.6840     0.0000     0.0345     0.1144          1 0.0000e+00
    883.229    410.500    406.465    10.2935    10.2763   3.894263   3.893071    35.3989    35.4041     2.1785  219.80213     0.0000     0.0000     2.1787     4.7359     3.6904     0.0000     0.0345     0.1143          1 0.0000e+00
    883.729    410.828    406.784    10.2724    10.2732   3.892020   3.892710    35.3969    35.4032     2.1761  219.79388     0.0000     0.0000     2.1763     4.7365     3.6861     0.0000     0.0344     0.1145          1 0.0000e+00
    884.229    411.237    407.190    10.2701    10.2739   3.891766   3.892820    35.3962    35.4031     2.1742  219.68756     0.0000     0.0000     2.1744     4.7374     3.6545     0.0000     0.0350     0.1159          1 0.0000e+00
    884.729    411.699    407.649    10.2715    10.2796   3.891967   3.893417    35.3964    35.4031     2.1717  219.37365     0.0000     0.0000     2.1719     4.7392     3.6449     0.0000     0.0350     0.1158          1 0.0000e+00
    885.229    412.207    408.154    10.2775    10.2775   3.892664   3.893238    35.3971    35.4030     2.1681  218.76876     0.0000     0.0000     2.1683     4.7395     3.6232     0.0000     0.0366     0.1145          1 0.0000e+00
    885.729    412.747    408.687    10.2740    10.2729   3.892225   3.892767    35.3958    35.4024     2.1641  217.91951     0.0000     0.0000     2.1643     4.7396     3.5942     0.0000     0.0366     0.1145          1 0.0000e+00
    886.229    413.314    409.246    10.2705    10.2682   3.891918   3.892271    35.3958    35.4016     2.1604  217.09596     0.0000     0.0000     2.1607     4.7394     3.5687     0.0000     0.0366     0.1122          1 0.0000e+00
    886.729    413.926    409.855    10.2484    10.2448   3.889434   3.889760    35.3921    35.3991     2.1575  216.79299     0.0000     0.0000     2.1577     4.7402     3.5389     0.0000     0.0366     0.1122          1 0.0000e+00
    887.229    414.569    410.493    10.2287    10.2298   3.887429   3.888157    35.3910    35.3974     2.1546  216.72043     0.0000     0.0000     2.1549     4.7418     3.5056     0.0000     0.0356     0.1132          1 0.0000e+00
    887.729    415.240    411.151    10.2230    10.2208   3.886782   3.887192    35.3897    35.3960     2.1521  216.67757     0.0000     0.0000     2.1523     4.7426     3.4668     0.0000     0.0354     0.1134          1 0.0000e+00
    888.229    415.944    411.854    10.1993    10.1983   3.884295   3.884849    35.3876    35.3942     2.1491  216.51723     0.0000     0.0000     2.1494     4.7432     3.4479     0.0000     0.0354     0.1132          1 0.0000e+00
    888.729    416.677    412.576    10.1904    10.1900   3.883447   3.884014    35.3873    35.3935     2.1450  215.92999     0.0000     0.0000     2.1453     4.7430     3.4034     0.0000     0.0354     0.1131          1 0.0000e+00
    889.229    417.393    413.284    10.1828    10.1833   3.882654   3.883332    35.3863    35.3927     2.1401  214.95586     0.0000     0.0000     2.1404     4.7434     3.3732     0.0000     0.0354     0.1132          1 0.0000e+00
    889.729    418.087    413.979    10.1765    10.1762   3.882028   3.882612    35.3856    35.3919     2.1346  213.80959     0.0000     0.0000     2.1349     4.7446     3.3333     0.0000     0.0355     0.1134          1 0.0000e+00
    890.229    418.738    414.627    10.1727    10.1725   3.881666   3.882241    35.3853    35.3913     2.1291  212.69077     0.0000     0.0000     2.1294     4.7438     3.3120     0.0000     0.0355     0.1140          1 0.0000e+00
    890.729    419.301    415.184    10.1724    10.1722   3.881655   3.882230    35.3850    35.3910     2.1233  211.69523     0.0000     0.0000     2.1236     4.7430     3.2831     0.0000     0.0355     0.1145          1 0.0000e+00
    891.229    419.738    415.616    10.1720    10.1717   3.881619   3.882197    35.3846    35.3908     2.1184  211.01691     0.0000     0.0000     2.1187     4.7436     3.2556     0.0000     0.0361     0.1140          1 0.0000e+00
    891.729    420.068    415.942    10.1710    10.1709   3.881555   3.882162    35.3846    35.3909     2.1140  210.64382     0.0000     0.0000     2.1144     4.7447     3.2374     0.0000     0.0379     0.1122          1 0.0000e+00
    892.229    420.313    416.170    10.1711    10.1711   3.881571   3.882190    35.3844    35.3906     2.1102  210.45356     0.0000     0.0000     2.1106     4.7488     3.2246     0.0000     0.0374     0.1121          1 0.0000e+00
    892.729    420.545    416.402    10.1718    10.1716   3.881634   3.882236    35.3841    35.3903     2.1072  210.46469     0.0000     0.0000     2.1075     4.7498     3.2126     0.0000     0.0377     0.1123          1 0.0000e+00
    893.229    420.820    416.669    10.1719    10.1718   3.881655   3.882271    35.3839    35.3902     2.1052  210.60183     0.0000     0.0000     2.1055     4.7512     3.1977     0.0000     0.0377     0.1121          1 0.0000e+00
    893.729    421.164    417.011    10.1711    10.1708   3.881608   3.882191    35.3839    35.3901     2.1027  210.66303     0.0000     0.0000     2.1031     4.7508     3.1940     0.0000     0.0377     0.1110          1 0.0000e+00
    894.229    421.572    417.418    10.1696    10.1699   3.881451   3.882106    35.3835    35.3899     2.1014  210.79729     0.0000     0.0000     2.1017     4.7504     3.1743     0.0000     0.0379     0.1108          1 0.0000e+00
    894.729    422.023    417.853    10.1683    10.1685   3.881385   3.882015    35.3838    35.3900     2.0997  210.80848     0.0000     0.0000     2.1000     4.7517     3.1493     0.0000     0.0363     0.1109          1 0.0000e+00
    895.229    422.506    418.351    10.1674    10.1674   3.881309   3.881915    35.3836    35.3897     2.0979  210.68673     0.0000     0.0000     2.0983     4.7509     3.1330     0.0000     0.0359     0.1109          1 0.0000e+00
    895.729    423.009    418.838    10.1660    10.1657   3.881183   3.881778    35.3834    35.3897     2.0973  210.73979     0.0000     0.0000     2.0977     4.7501     3.1074     0.0000     0.0364     0.1129          1 0.0000e+00
    896.229    423.544    419.367    10.1656    10.1655   3.881178   3.881779    35.3833    35.3895     2.0967  210.87792     0.0000     0.0000     2.0971     4.7516     3.0855     0.0000     0.0365     0.1131          1 0.0000e+00
