odissea/cruise_data/ce25007/data/ctd/ce25007_006.cnv
* Sea-Bird SBE 9 Data File:
* FileName = C:\CE_CTD_Data\2025_CTD_Data\CE25007\CE25007_006.hdr
* Software Version Seasave V 7.26.7.121
* Temperature SN = 4382
* Conductivity SN = 2796
* Number of Bytes Per Scan = 40
* Number of Voltage Words = 5
* Number of Scans Averaged by the Deck Unit = 1
* NMEA Latitude = 52 59.67 N
* NMEA Longitude = 014 54.59 W
* NMEA UTC (Time) = May 10 2025 07:28:40
* NMEA baud rate = 4800
** Cruise: CE18001
** PSO: Caroline Cusack
** CTD operator:
** Technician:
** Cast No:
** Station:
** Event No:
** Sea state:
** Wind speed:
** Sounding depth
# nquan = 21
# nvalues = 12182                       
# units = specified
# name 0 = timeS: Time, Elapsed [seconds]
# name 1 = prDM: Pressure, Digiquartz [db]
# name 2 = depSM: Depth [salt water, m]
# name 3 = t090C: Temperature [ITS-90, deg C]
# name 4 = t190C: Temperature, 2 [ITS-90, deg C]
# name 5 = c0S/m: Conductivity [S/m]
# name 6 = c1S/m: Conductivity, 2 [S/m]
# name 7 = sal00: Salinity, Practical [PSU]
# name 8 = sal11: Salinity, Practical, 2 [PSU]
# name 9 = sbeox0V: Oxygen raw, SBE 43 [V]
# name 10 = sbeox0Mm/L: Oxygen, SBE 43 [umol/l]
# name 11 = v0: Voltage 0
# name 12 = v1: Voltage 1
# name 13 = v2: Voltage 2
# name 14 = v3: Voltage 3
# name 15 = v4: Voltage 4
# name 16 = v5: Voltage 5
# name 17 = v6: Voltage 6
# name 18 = v7: Voltage 7
# name 19 = pumps: Pump Status
# name 20 = flag: flag
# span 0 =      0.229,   6090.646       
# span 1 =     -0.359,   1006.677       
# span 2 =     -0.362,    995.389       
# span 3 =     7.4303,    13.3834       
# span 4 =     7.4316,    13.3838       
# span 5 =  -0.002485,   4.198076       
# span 6 =   0.048927,   4.198655       
# span 7 =     0.0694,    36.1280       
# span 8 =     0.3084,    36.3512       
# span 9 =     1.8161,     3.1533       
# span 10 =  187.18860,  345.39134      
# span 11 =     0.0000,     0.0000      
# span 12 =     0.0000,     0.0000      
# span 13 =     1.8157,     3.1533      
# span 14 =     0.0035,     4.8623      
# span 15 =     0.0052,     5.0000      
# span 16 =     0.0000,     0.0000      
# span 17 =     0.0195,     4.9315      
# span 18 =     0.0562,     4.9512      
# span 19 =          0,          1      
# span 20 = 0.0000e+00, 0.0000e+00      
# interval = seconds: 0.5               
# start_time = May 10 2025 07:28:40 [NMEA time, header]
# bad_flag = -9.990e-29
*END*
[from data line 8621]
   4310.729    650.461    643.704     9.9747     9.9839   3.872586   3.874197    35.3747    35.3817     1.9897  205.48675     0.0000     0.0000     1.9827     4.7434     4.9944     0.0000     0.0305     0.1171          1 0.0000e+00
   4311.229    650.069    643.315     9.9711     9.9769   3.872297   3.873570    35.3758    35.3828     1.9942  206.81921     0.0000     0.0000     1.9872     4.7459     4.9945     0.0000     0.0304     0.1171          1 0.0000e+00
   4311.729    649.646    642.900     9.9677     9.9999   3.872099   3.875846    35.3775    35.3834     1.9980  207.77865     0.0000     0.0000     1.9910     4.7447     4.9945     0.0000     0.0293     0.1188          1 0.0000e+00
   4312.229    649.179    642.434     9.9955    10.0110   3.874895   3.876930    35.3785    35.3838     2.0018  208.18339     0.0000     0.0000     1.9948     4.7438     4.9945     0.0000     0.0293     0.1188          1 0.0000e+00
   4312.729    648.675    641.945    10.0150    10.0325   3.876734   3.879055    35.3782    35.3844     2.0049  208.34785     0.0000     0.0000     1.9979     4.7426     4.9945     0.0000     0.0305     0.1150          1 0.0000e+00
   4313.229    648.121    641.389    10.0304    10.0360   3.878277   3.879456    35.3790    35.3855     2.0081  208.46496     0.0000     0.0000     2.0010     4.7416     4.9944     0.0000     0.0305     0.1151          1 0.0000e+00
   4313.729    647.533    640.809    10.0434    10.0455   3.879548   3.880367    35.3795    35.3858     2.0108  208.55340     0.0000     0.0000     2.0038     4.7410     4.9946     0.0000     0.0294     0.1185          1 0.0000e+00
   4314.229    646.923    640.205    10.0478    10.0484   3.879973   3.880645    35.3799    35.3862     2.0140  208.83555     0.0000     0.0000     2.0069     4.7404     4.9945     0.0000     0.0293     0.1185          1 0.0000e+00
   4314.729    646.306    639.588    10.0503    10.0493   3.880202   3.880710    35.3804    35.3865     2.0168  209.17458     0.0000     0.0000     2.0097     4.7396     4.9944     0.0000     0.0276     0.1180          1 0.0000e+00
   4315.229    645.720    639.014    10.0530    10.0496   3.880458   3.880741    35.3808    35.3871     2.0195  209.50373     0.0000     0.0000     2.0124     4.7391     4.9942     0.0000     0.0270     0.1176          1 0.0000e+00
   4315.729    645.172    638.471    10.0580    10.0544   3.880967   3.881191    35.3814    35.3873     2.0216  209.62344     0.0000     0.0000     2.0145     4.7383     4.9945     0.0000     0.0316     0.1173          1 0.0000e+00
   4316.229    644.679    637.980    10.0582    10.0610   3.880956   3.881882    35.3815    35.3882     2.0233  209.57696     0.0000     0.0000     2.0162     4.7381     4.9944     0.0000     0.0342     0.1172          1 0.0000e+00
   4316.729    644.252    637.559    10.0576    10.0636   3.880855   3.882060    35.3815    35.3878     2.0249  209.51918     0.0000     0.0000     2.0177     4.7357     4.9945     0.0000     0.0325     0.1175          1 0.0000e+00
   4317.229    643.910    637.223    10.0545    10.0236   3.880361   3.877933    35.3800    35.3862     2.0261  209.50260     0.0000     0.0000     2.0189     4.7355     4.9942     0.0000     0.0305     0.1174          1 0.0000e+00
   4317.729    643.651    636.960    10.0465    10.0360   3.879539   3.879146    35.3799    35.3863     2.0272  209.54840     0.0000     0.0000     2.0200     4.7341     4.9947     0.0000     0.0319     0.1182          1 0.0000e+00
   4318.229    643.496    636.810    10.0514    10.0498   3.880168   3.880607    35.3816    35.3876     2.0279  209.47372     0.0000     0.0000     2.0208     4.7366     4.9946     0.0000     0.0342     0.1190          1 0.0000e+00
   4318.729    643.431    636.749    10.0455    10.0416   3.879548   3.879762    35.3814    35.3873     2.0287  209.44514     0.0000     0.0000     2.0216     4.7382     4.9942     0.0000     0.0338     0.1182          1 0.0000e+00
   4319.229    643.435    636.757    10.0458    10.0478   3.879562   3.880388    35.3812    35.3877     2.0291  209.39769     0.0000     0.0000     2.0220     4.7384     4.9943     0.0000     0.0328     0.1171          1 0.0000e+00
   4319.729    643.456    636.782    10.0332    10.0504   3.878287   3.880642    35.3811    35.3877     2.0291  209.28650     0.0000     0.0000     2.0220     4.7377     4.9946     0.0000     0.0326     0.1174          1 0.0000e+00
   4320.229    643.473    636.796    10.0385    10.0467   3.878810   3.880263    35.3811    35.3877     2.0293  209.15463     0.0000     0.0000     2.0222     4.7366     4.9945     0.0000     0.0306     0.1198          1 0.0000e+00
   4320.729    643.454    636.786    10.0639    10.0447   3.881289   3.880153    35.3811    35.3887     2.0294  208.92309     0.0000     0.0000     2.0223     4.7364     4.9944     0.0000     0.0307     0.1198          1 0.0000e+00
   4321.229    643.365    636.699    10.0845    10.0479   3.883295   3.880502    35.3810    35.3892     2.0303  209.03883     0.0000     0.0000     2.0231     4.7368     4.9941     0.0000     0.0293     0.1187          1 0.0000e+00
   4321.729    643.165    636.502    10.0971    10.0517   3.884806   3.880858    35.3840    35.3892     2.0309  209.17305     0.0000     0.0000     2.0237     4.7348     4.9946     0.0000     0.0293     0.1188          1 0.0000e+00
   4322.229    642.847    636.183    10.0554    10.0326   3.880373   3.878686    35.3809    35.3865     2.0316  209.59290     0.0000     0.0000     2.0244     4.7352     4.9948     0.0000     0.0293     0.1187          1 0.0000e+00
   4322.729    642.450    635.791    10.0554    10.0382   3.880431   3.879460    35.3818    35.3890     2.0316  209.53947     0.0000     0.0000     2.0244     4.7378     4.9947     0.0000     0.0293     0.1186          1 0.0000e+00
   4323.229    642.000    635.344    10.0445    10.0570   3.879353   3.881325    35.3820    35.3893     2.0321  209.54138     0.0000     0.0000     2.0249     4.7380     4.9945     0.0000     0.0293     0.1188          1 0.0000e+00
   4323.729    641.501    634.849    10.0626    10.0669   3.881456   3.882454    35.3855    35.3912     2.0329  209.53261     0.0000     0.0000     2.0257     4.7384     4.9946     0.0000     0.0293     0.1186          1 0.0000e+00
   4324.229    640.974    634.325    10.1190    10.1137   3.887352   3.887338    35.3895    35.3945     2.0330  209.31131     0.0000     0.0000     2.0258     4.7372     4.9943     0.0000     0.0293     0.1184          1 0.0000e+00
   4324.729    640.447    633.805    10.1553    10.1620   3.891048   3.892292    35.3912    35.3970     2.0339  209.31539     0.0000     0.0000     2.0268     4.7359     4.9946     0.0000     0.0293     0.1188          1 0.0000e+00
   4325.229    639.921    633.286    10.1756    10.1735   3.893191   3.893522    35.3932    35.3985     2.0349  209.35433     0.0000     0.0000     2.0277     4.7307     4.9948     0.0000     0.0293     0.1187          1 0.0000e+00
   4325.729    639.404    632.771    10.1770    10.1719   3.893230   3.893416    35.3927    35.3995     2.0366  209.77503     0.0000     0.0000     2.0294     4.7282     4.9942     0.0000     0.0293     0.1188          1 0.0000e+00
   4326.229    638.911    632.293    10.1571    10.1835   3.891273   3.894627    35.3931    35.4007     2.0385  210.39784     0.0000     0.0000     2.0313     4.7257     4.9944     0.0000     0.0293     0.1193          1 0.0000e+00
   4326.729    638.423    631.802    10.1845    10.1831   3.894130   3.894465    35.3952    35.3998     2.0404  210.72846     0.0000     0.0000     2.0332     4.7227     4.9948     0.0000     0.0293     0.1199          1 0.0000e+00
   4327.229    637.949    631.336    10.1877    10.1614   3.894322   3.892206    35.3943    35.3990     2.0428  211.20617     0.0000     0.0000     2.0356     4.7219     4.9943     0.0000     0.0293     0.1201          1 0.0000e+00
   4327.729    637.488    630.887    10.1784    10.1482   3.893419   3.890924    35.3949    35.3996     2.0443  211.48762     0.0000     0.0000     2.0371     4.7199     4.9947     0.0000     0.0293     0.1214          1 0.0000e+00
   4328.229    637.041    630.435    10.1956    10.1939   3.895347   3.895617    35.3977    35.4019     2.0462  211.60939     0.0000     0.0000     2.0390     4.7118     4.9943     0.0000     0.0293     0.1214          1 0.0000e+00
   4328.729    636.597    630.003    10.2001    10.2058   3.895614   3.896847    35.3963    35.4030     2.0471  211.50251     0.0000     0.0000     2.0399     4.7017     4.9946     0.0000     0.0293     0.1216          1 0.0000e+00
   4329.229    636.125    629.537    10.2062    10.2226   3.896328   3.898547    35.3979    35.4039     2.0485  211.46024     0.0000     0.0000     2.0412     4.7148     4.9943     0.0000     0.0293     0.1213          1 0.0000e+00
   4329.729    635.625    629.043    10.2151    10.2202   3.897177   3.898410    35.3980    35.4054     2.0492  211.35222     0.0000     0.0000     2.0419     4.7190     4.9944     0.0000     0.0293     0.1216          1 0.0000e+00
   4330.229    635.092    628.521    10.2208    10.2348   3.897818   3.900053    35.3993    35.4079     2.0510  211.56500     0.0000     0.0000     2.0438     4.7159     4.9945     0.0000     0.0293     0.1215          1 0.0000e+00
   4330.729    634.523    627.953    10.2439    10.2702   3.900284   3.903703    35.4017    35.4101     2.0529  211.82473     0.0000     0.0000     2.0457     4.7155     4.9946     0.0000     0.0303     0.1222          1 0.0000e+00
   4331.229    633.931    627.366    10.2753    10.2866   3.903734   3.905507    35.4058    35.4125     2.0554  212.26823     0.0000     0.0000     2.0481     4.7162     4.9944     0.0000     0.0305     0.1224          1 0.0000e+00
   4331.729    633.357    626.798    10.3026    10.3069   3.906589   3.907659    35.4081    35.4146     2.0575  212.63640     0.0000     0.0000     2.0503     4.7128     4.9946     0.0000     0.0296     0.1232          1 0.0000e+00
   4332.229    632.812    626.258    10.3094    10.3102   3.907184   3.907964    35.4078    35.4149     2.0599  212.99320     0.0000     0.0000     2.0526     4.7115     4.9946     0.0000     0.0293     0.1234          1 0.0000e+00
   4332.729    632.309    625.759    10.3104    10.3156   3.907408   3.908545    35.4096    35.4160     2.0608  212.97111     0.0000     0.0000     2.0535     4.7050     4.9944     0.0000     0.0315     0.1228          1 0.0000e+00
   4333.229    631.860    625.312    10.3331    10.3262   3.909796   3.909626    35.4115    35.4168     2.0617  212.67934     0.0000     0.0000     2.0544     4.7042     4.9942     0.0000     0.0329     0.1223          1 0.0000e+00
   4333.729    631.491    624.947    10.3358    10.3179   3.909972   3.908459    35.4112    35.4137     2.0622  212.41868     0.0000     0.0000     2.0549     4.7014     4.9947     0.0000     0.0311     0.1230          1 0.0000e+00
   4334.229    631.221    624.680    10.3208    10.2549   3.907880   3.901878    35.4054    35.4103     2.0634  212.44913     0.0000     0.0000     2.0561     4.7023     4.9947     0.0000     0.0293     0.1234          1 0.0000e+00
   4334.729    631.062    624.521    10.2916    10.2701   3.905175   3.903608    35.4075    35.4128     2.0634  212.48408     0.0000     0.0000     2.0561     4.7025     4.9945     0.0000     0.0297     0.1235          1 0.0000e+00
   4335.229    631.008    624.473    10.2986    10.2948   3.905996   3.906241    35.4089    35.4150     2.0641  212.46303     0.0000     0.0000     2.0568     4.7126     4.9946     0.0000     0.0305     0.1236          1 0.0000e+00
   4335.729    631.017    624.487    10.2729    10.2875   3.903222   3.905307    35.4066    35.4131     2.0647  212.67352     0.0000     0.0000     2.0574     4.7112     4.9946     0.0000     0.0305     0.1238          1 0.0000e+00
   4336.229    631.052    624.525    10.2624    10.2606   3.902134   3.902534    35.4062    35.4119     2.0647  212.68608     0.0000     0.0000     2.0574     4.7088     4.9945     0.0000     0.0305     0.1236          1 0.0000e+00
   4336.729    631.091    624.559    10.2687    10.2735   3.902714   3.903792    35.4058    35.4119     2.0635  212.26665     0.0000     0.0000     2.0562     4.7089     4.9944     0.0000     0.0305     0.1238          1 0.0000e+00
   4337.229    631.117    624.588    10.2767    10.2643   3.904014   3.903041    35.4110    35.4135     2.0634  211.90938     0.0000     0.0000     2.0561     4.7090     4.9945     0.0000     0.0305     0.1263          1 0.0000e+00
   4337.729    631.115    624.589    10.3433    10.3335   3.910765   3.910422    35.4131    35.4194     2.0627  211.39171     0.0000     0.0000     2.0554     4.7085     4.9944     0.0000     0.0305     0.1261          1 0.0000e+00
   4338.229    631.048    624.530    10.3467    10.3485   3.911061   3.911886    35.4130    35.4193     2.0625  211.37768     0.0000     0.0000     2.0552     4.7086     4.9941     0.0000     0.0293     0.1246          1 0.0000e+00
   4338.729    630.862    624.347    10.3493    10.3460   3.911311   3.911576    35.4132    35.4190     2.0639  211.78971     0.0000     0.0000     2.0566     4.7097     4.9946     0.0000     0.0293     0.1245          1 0.0000e+00
   4339.229    630.529    624.022    10.3316    10.3348   3.909293   3.910053    35.4108    35.4152     2.0652  212.42923     0.0000     0.0000     2.0579     4.7094     4.9944     0.0000     0.0303     0.1237          1 0.0000e+00
   4339.729    630.073    623.559    10.2965    10.2725   3.905571   3.903739    35.4085    35.4138     2.0659  213.01003     0.0000     0.0000     2.0586     4.7099     4.9948     0.0000     0.0305     0.1233          1 0.0000e+00
   4340.229    629.523    623.021    10.2831    10.2833   3.904348   3.904971    35.4097    35.4157     2.0669  213.23224     0.0000     0.0000     2.0596     4.7099     4.9946     0.0000     0.0296     0.1242          1 0.0000e+00
   4340.729    628.875    622.377    10.3335    10.3288   3.909926   3.909916    35.4163    35.4207     2.0667  212.74018     0.0000     0.0000     2.0594     4.7085     4.9946     0.0000     0.0293     0.1246          1 0.0000e+00
   4341.229    628.157    621.667    10.3541    10.3525   3.911736   3.912149    35.4145    35.4202     2.0668  212.39884     0.0000     0.0000     2.0595     4.7023     4.9947     0.0000     0.0300     0.1235          1 0.0000e+00
   4341.729    627.396    620.907    10.3540    10.3536   3.911723   3.912317    35.4150    35.4212     2.0675  212.36732     0.0000     0.0000     2.0602     4.7016     4.9945     0.0000     0.0306     0.1224          1 0.0000e+00
   4342.229    626.619    620.138    10.3610    10.3640   3.912445   3.913399    35.4158    35.4223     2.0684  212.53419     0.0000     0.0000     2.0611     4.7009     4.9948     0.0000     0.0300     0.1244          1 0.0000e+00
   4342.729    625.847    619.378    10.3689    10.3699   3.913177   3.913935    35.4158    35.4223     2.0692  212.76090     0.0000     0.0000     2.0619     4.6990     4.9942     0.0000     0.0293     0.1263          1 0.0000e+00
   4343.229    625.101    618.641    10.3722    10.3711   3.913418   3.913948    35.4154    35.4219     2.0707  213.10069     0.0000     0.0000     2.0634     4.6989     4.9945     0.0000     0.0293     0.1268          1 0.0000e+00
   4343.729    624.382    617.927    10.3704    10.3660   3.913217   3.913416    35.4158    35.4220     2.0722  213.41108     0.0000     0.0000     2.0648     4.6982     4.9946     0.0000     0.0293     0.1284          1 0.0000e+00
   4344.229    623.706    617.257    10.3783    10.3713   3.914011   3.913920    35.4163    35.4222     2.0732  213.63399     0.0000     0.0000     2.0658     4.6975     4.9945     0.0000     0.0293     0.1279          1 0.0000e+00
