odissea/cruise_data/ce25007/data/ctd/ce25007_012.cnv
* Sea-Bird SBE 9 Data File:
* FileName = C:\CE_CTD_Data\2025_CTD_Data\CE25007\CE25007_012.hdr
* Software Version Seasave V 7.26.7.121
* Temperature SN = 4382
* Conductivity SN = 2796
* Number of Bytes Per Scan = 40
* Number of Voltage Words = 5
* Number of Scans Averaged by the Deck Unit = 1
* NMEA Latitude = 53 41.50 N
* NMEA Longitude = 016 35.12 W
* NMEA UTC (Time) = May 13 2025 23:44:20
* NMEA baud rate = 4800
** Cruise: CE18001
** PSO: Caroline Cusack
** CTD operator:
** Technician:
** Cast No:
** Station:
** Event No:
** Sea state:
** Wind speed:
** Sounding depth
# nquan = 21
# nvalues = 16917                       
# units = specified
# name 0 = timeS: Time, Elapsed [seconds]
# name 1 = prDM: Pressure, Digiquartz [db]
# name 2 = depSM: Depth [salt water, m]
# name 3 = t090C: Temperature [ITS-90, deg C]
# name 4 = t190C: Temperature, 2 [ITS-90, deg C]
# name 5 = c0S/m: Conductivity [S/m]
# name 6 = c1S/m: Conductivity, 2 [S/m]
# name 7 = sal00: Salinity, Practical [PSU]
# name 8 = sal11: Salinity, Practical, 2 [PSU]
# name 9 = sbeox0V: Oxygen raw, SBE 43 [V]
# name 10 = sbeox0Mm/L: Oxygen, SBE 43 [umol/l]
# name 11 = v0: Voltage 0
# name 12 = v1: Voltage 1
# name 13 = v2: Voltage 2
# name 14 = v3: Voltage 3
# name 15 = v4: Voltage 4
# name 16 = v5: Voltage 5
# name 17 = v6: Voltage 6
# name 18 = v7: Voltage 7
# name 19 = pumps: Pump Status
# name 20 = flag: flag
# span 0 =      0.229,   8458.167       
# span 1 =     -0.305,   2467.695       
# span 2 =     -0.336,   2431.446       
# span 3 =     2.5590,    15.1105       
# span 4 =     2.5575,    15.0953       
# span 5 =   0.017132,   4.234734       
# span 6 =   0.019792,   4.206497       
# span 7 =     0.1030,    35.8443       
# span 8 =     0.1207,    35.8681       
# span 9 =     1.6547,     2.8991       
# span 10 =  168.96267,  340.08503      
# span 11 =     0.0000,     0.0000      
# span 12 =     0.0000,     0.0000      
# span 13 =     1.6447,     2.8963      
# span 14 =     0.0036,     4.7805      
# span 15 =     0.0488,     4.9999      
# span 16 =     0.0000,     0.0000      
# span 17 =     0.0114,     0.8647      
# span 18 =     0.0911,     2.2248      
# span 19 =          0,          1      
# span 20 = 0.0000e+00, 0.0000e+00      
# interval = seconds: 0.5               
# start_time = May 13 2025 23:44:20 [NMEA time, header]
# bad_flag = -9.990e-29
*END*
[from data line 13380]
   6690.229    707.761    700.261     7.1682     7.1731   3.587624   3.588509    35.1299    35.1346     1.8928  205.24312     0.0000     0.0000     1.8791     4.7148     4.9994     0.0000     0.0293     0.1066          1 0.0000e+00
   6690.729    707.737    700.236     7.1728     7.1706   3.587877   3.588662    35.1279    35.1389     1.8928  205.20782     0.0000     0.0000     1.8791     4.7154     4.9991     0.0000     0.0293     0.1066          1 0.0000e+00
   6691.229    707.765    700.270     7.1805     7.1749   3.588685   3.588771    35.1288    35.1355     1.8928  205.15521     0.0000     0.0000     1.8791     4.7151     4.9994     0.0000     0.0293     0.1065          1 0.0000e+00
   6691.729    707.835    700.339     7.1750     7.1724   3.588243   3.588433    35.1296    35.1345     1.8928  205.17844     0.0000     0.0000     1.8791     4.7147     4.9992     0.0000     0.0293     0.1070          1 0.0000e+00
   6692.229    707.908    700.412     7.1720     7.1665   3.587986   3.587930    35.1299    35.1351     1.8928  205.21098     0.0000     0.0000     1.8791     4.7149     4.9991     0.0000     0.0293     0.1088          1 0.0000e+00
   6692.729    707.929    700.436     7.1714     7.1672   3.587887   3.587950    35.1294    35.1346     1.8929  205.23683     0.0000     0.0000     1.8792     4.7146     4.9994     0.0000     0.0293     0.1090          1 0.0000e+00
   6693.229    707.884    700.391     7.1705     7.1679   3.587759   3.587981    35.1290    35.1341     1.8928  205.23713     0.0000     0.0000     1.8791     4.7151     4.9993     0.0000     0.0325     0.1078          1 0.0000e+00
   6693.729    707.790    700.300     7.1722     7.1720   3.587963   3.588492    35.1295    35.1355     1.8926  205.17341     0.0000     0.0000     1.8789     4.7151     4.9991     0.0000     0.0327     0.1075          1 0.0000e+00
   6694.229    707.669    700.170     7.1761     7.1737   3.588335   3.588586    35.1296    35.1348     1.8928  205.13213     0.0000     0.0000     1.8791     4.7146     4.9994     0.0000     0.0327     0.1068          1 0.0000e+00
   6694.729    707.564    700.066     7.1747     7.1721   3.588207   3.588453    35.1298    35.1351     1.8928  205.15548     0.0000     0.0000     1.8791     4.7152     4.9989     0.0000     0.0327     0.1066          1 0.0000e+00
   6695.229    707.515    700.018     7.1747     7.1763   3.588209   3.588902    35.1298    35.1357     1.8928  205.20230     0.0000     0.0000     1.8791     4.7147     4.9992     0.0000     0.0312     0.1073          1 0.0000e+00
   6695.729    707.534    700.033     7.1744     7.1698   3.588183   3.588223    35.1298    35.1350     1.8928  205.23046     0.0000     0.0000     1.8791     4.7150     4.9991     0.0000     0.0305     0.1078          1 0.0000e+00
   6696.229    707.624    700.124     7.1719     7.1697   3.587891   3.588216    35.1292    35.1350     1.8924  205.08006     0.0000     0.0000     1.8787     4.7151     4.9992     0.0000     0.0305     0.1071          1 0.0000e+00
   6696.729    707.755    700.261     7.1679     7.1703   3.587504   3.588232    35.1290    35.1345     1.8921  204.99123     0.0000     0.0000     1.8784     4.7149     4.9993     0.0000     0.0305     0.1066          1 0.0000e+00
   6697.229    707.880    700.388     7.1694     7.1714   3.587772   3.588432    35.1303    35.1354     1.8921  204.90165     0.0000     0.0000     1.8784     4.7150     4.9990     0.0000     0.0299     0.1064          1 0.0000e+00
   6697.729    707.953    700.460     7.1663     7.1693   3.587391   3.588162    35.1294    35.1347     1.8917  204.87591     0.0000     0.0000     1.8780     4.7149     4.9991     0.0000     0.0293     0.1065          1 0.0000e+00
   6698.229    707.952    700.460     7.1671     7.1684   3.587482   3.588077    35.1295    35.1347     1.8916  204.87489     0.0000     0.0000     1.8779     4.7152     4.9989     0.0000     0.0293     0.1064          1 0.0000e+00
   6698.729    707.890    700.397     7.1695     7.1734   3.587735   3.588592    35.1298    35.1351     1.8916  204.92460     0.0000     0.0000     1.8779     4.7149     4.9991     0.0000     0.0292     0.1067          1 0.0000e+00
   6699.229    707.779    700.285     7.1717     7.1719   3.587915   3.588424    35.1295    35.1349     1.8917  204.96632     0.0000     0.0000     1.8780     4.7150     4.9992     0.0000     0.0293     0.1063          1 0.0000e+00
   6699.729    707.662    700.163     7.1702     7.1731   3.587787   3.588558    35.1298    35.1352     1.8916  205.02424     0.0000     0.0000     1.8779     4.7148     4.9994     0.0000     0.0293     0.1065          1 0.0000e+00
   6700.229    707.582    700.082     7.1730     7.1728   3.588025   3.588517    35.1295    35.1351     1.8920  205.10469     0.0000     0.0000     1.8783     4.7149     4.9992     0.0000     0.0293     0.1065          1 0.0000e+00
   6700.729    707.550    700.052     7.1746     7.1730   3.588187   3.588526    35.1296    35.1350     1.8917  205.09551     0.0000     0.0000     1.8780     4.7148     4.9993     0.0000     0.0293     0.1067          1 0.0000e+00
   6701.229    707.578    700.077     7.1736     7.1727   3.588100   3.588524    35.1297    35.1353     1.8922  205.15659     0.0000     0.0000     1.8785     4.7150     4.9992     0.0000     0.0293     0.1067          1 0.0000e+00
   6701.729    707.662    700.164     7.1735     7.1737   3.588105   3.588602    35.1298    35.1351     1.8927  205.37225     0.0000     0.0000     1.8790     4.7153     4.9991     0.0000     0.0305     0.1053          1 0.0000e+00
   6702.229    707.788    700.290     7.1736     7.1749   3.588101   3.588763    35.1296    35.1355     1.8926  205.37278     0.0000     0.0000     1.8789     4.7156     4.9991     0.0000     0.0305     0.1053          1 0.0000e+00
   6702.729    707.923    700.431     7.1709     7.1728   3.587753   3.588450    35.1286    35.1342     1.8925  205.36464     0.0000     0.0000     1.8788     4.7146     4.9995     0.0000     0.0295     0.1065          1 0.0000e+00
   6703.229    708.032    700.537     7.1663     7.1680   3.587351   3.587979    35.1289    35.1340     1.8927  205.24437     0.0000     0.0000     1.8790     4.7154     4.9991     0.0000     0.0292     0.1069          1 0.0000e+00
   6703.729    708.092    700.596     7.1645     7.1657   3.587207   3.587863    35.1292    35.1352     1.8916  204.93885     0.0000     0.0000     1.8779     4.7154     4.9990     0.0000     0.0302     0.1067          1 0.0000e+00
   6704.229    708.097    700.600     7.1636     7.1668   3.587122   3.587932    35.1292    35.1348     1.8916  204.79734     0.0000     0.0000     1.8779     4.7158     4.9989     0.0000     0.0305     0.1068          1 0.0000e+00
   6704.729    708.058    700.567     7.1651     7.1652   3.587244   3.587795    35.1289    35.1349     1.8907  204.56416     0.0000     0.0000     1.8771     4.7160     4.9991     0.0000     0.0305     0.1073          1 0.0000e+00
   6705.229    707.973    700.479     7.1671     7.1670   3.587413   3.587949    35.1288    35.1347     1.8908  204.58350     0.0000     0.0000     1.8772     4.7155     4.9990     0.0000     0.0305     0.1076          1 0.0000e+00
   6705.729    707.855    700.358     7.1719     7.1706   3.587879   3.588334    35.1289    35.1352     1.8911  204.77653     0.0000     0.0000     1.8775     4.7155     4.9990     0.0000     0.0299     0.1073          1 0.0000e+00
   6706.229    707.713    700.223     7.1745     7.1756   3.588161   3.588804    35.1294    35.1353     1.8914  205.02221     0.0000     0.0000     1.8778     4.7156     4.9992     0.0000     0.0293     0.1067          1 0.0000e+00
   6706.729    707.558    700.062     7.1732     7.1754   3.588040   3.588775    35.1295    35.1352     1.8915  205.21725     0.0000     0.0000     1.8779     4.7156     4.9996     0.0000     0.0293     0.1070          1 0.0000e+00
   6707.229    707.416    699.920     7.1665     7.1683   3.587411   3.588080    35.1296    35.1351     1.8916  205.22338     0.0000     0.0000     1.8780     4.7156     4.9993     0.0000     0.0292     0.1074          1 0.0000e+00
   6707.729    707.318    699.826     7.1670     7.1683   3.587450   3.588088    35.1295    35.1352     1.8917  205.16551     0.0000     0.0000     1.8781     4.7157     4.9992     0.0000     0.0296     0.1075          1 0.0000e+00
   6708.229    707.281    699.782     7.1680     7.1688   3.587521   3.588151    35.1293    35.1353     1.8915  205.06920     0.0000     0.0000     1.8779     4.7156     4.9990     0.0000     0.0305     0.1075          1 0.0000e+00
   6708.729    707.314    699.816     7.1687     7.1702   3.587604   3.588271    35.1295    35.1352     1.8916  205.04411     0.0000     0.0000     1.8780     4.7155     4.9992     0.0000     0.0304     0.1074          1 0.0000e+00
   6709.229    707.425    699.930     7.1714     7.1721   3.587891   3.588452    35.1297    35.1352     1.8917  205.01909     0.0000     0.0000     1.8781     4.7156     4.9990     0.0000     0.0293     0.1066          1 0.0000e+00
   6709.729    707.592    700.096     7.1738     7.1735   3.588126   3.588613    35.1298    35.1354     1.8920  205.15641     0.0000     0.0000     1.8784     4.7158     4.9992     0.0000     0.0293     0.1065          1 0.0000e+00
   6710.229    707.793    700.296     7.1724     7.1729   3.587978   3.588541    35.1295    35.1352     1.8922  205.25229     0.0000     0.0000     1.8785     4.7154     4.9990     0.0000     0.0292     0.1089          1 0.0000e+00
   6710.729    708.007    700.513     7.1704     7.1697   3.587781   3.588223    35.1293    35.1349     1.8922  205.23691     0.0000     0.0000     1.8785     4.7157     4.9991     0.0000     0.0293     0.1088          1 0.0000e+00
   6711.229    708.180    700.683     7.1676     7.1684   3.587543   3.588107    35.1295    35.1350     1.8916  205.02883     0.0000     0.0000     1.8780     4.7157     4.9989     0.0000     0.0293     0.1089          1 0.0000e+00
   6711.729    708.286    700.795     7.1668     7.1668   3.587480   3.587955    35.1297    35.1349     1.8916  204.93982     0.0000     0.0000     1.8780     4.7158     4.9991     0.0000     0.0293     0.1087          1 0.0000e+00
   6712.229    708.292    700.797     7.1666     7.1678   3.587449   3.588045    35.1295    35.1348     1.8916  204.94507     0.0000     0.0000     1.8780     4.7158     4.9992     0.0000     0.0293     0.1072          1 0.0000e+00
   6712.729    708.202    700.713     7.1693     7.1669   3.587719   3.587972    35.1297    35.1350     1.8916  205.00220     0.0000     0.0000     1.8780     4.7154     4.9993     0.0000     0.0293     0.1065          1 0.0000e+00
   6713.229    708.044    700.543     7.1714     7.1684   3.587885   3.588153    35.1294    35.1355     1.8921  205.17056     0.0000     0.0000     1.8785     4.7156     4.9993     0.0000     0.0293     0.1081          1 0.0000e+00
   6713.729    707.853    700.354     7.1720     7.1706   3.587954   3.588369    35.1296    35.1356     1.8923  205.30634     0.0000     0.0000     1.8787     4.7160     4.9993     0.0000     0.0293     0.1088          1 0.0000e+00
   6714.229    707.689    700.189     7.1713     7.1712   3.587877   3.588370    35.1296    35.1351     1.8927  205.43124     0.0000     0.0000     1.8791     4.7154     4.9991     0.0000     0.0293     0.1078          1 0.0000e+00
   6714.729    707.582    700.083     7.1725     7.1716   3.588014   3.588401    35.1299    35.1351     1.8926  205.39945     0.0000     0.0000     1.8790     4.7157     4.9990     0.0000     0.0293     0.1065          1 0.0000e+00
   6715.229    707.544    700.043     7.1743     7.1717   3.588167   3.588424    35.1297    35.1352     1.8925  205.24459     0.0000     0.0000     1.8789     4.7155     4.9992     0.0000     0.0293     0.1076          1 0.0000e+00
   6715.729    707.590    700.091     7.1732     7.1725   3.588078   3.588506    35.1299    35.1353     1.8928  205.24610     0.0000     0.0000     1.8792     4.7157     4.9992     0.0000     0.0293     0.1087          1 0.0000e+00
   6716.229    707.706    700.205     7.1731     7.1723   3.588053   3.588485    35.1297    35.1352     1.8925  205.15171     0.0000     0.0000     1.8789     4.7160     4.9994     0.0000     0.0293     0.1084          1 0.0000e+00
   6716.729    707.849    700.354     7.1727     7.1714   3.588021   3.588369    35.1297    35.1348     1.8917  204.89902     0.0000     0.0000     1.8781     4.7158     4.9993     0.0000     0.0293     0.1066          1 0.0000e+00
   6717.229    707.971    700.476     7.1715     7.1711   3.587926   3.588353    35.1298    35.1349     1.8919  204.82246     0.0000     0.0000     1.8783     4.7158     4.9990     0.0000     0.0296     0.1069          1 0.0000e+00
   6717.729    708.038    700.550     7.1708     7.1705   3.587866   3.588257    35.1298    35.1344     1.8919  204.87574     0.0000     0.0000     1.8783     4.7162     4.9991     0.0000     0.0329     0.1065          1 0.0000e+00
   6718.229    708.025    700.531     7.1704     7.1707   3.587819   3.588329    35.1298    35.1351     1.8920  205.03776     0.0000     0.0000     1.8784     4.7161     4.9990     0.0000     0.0328     0.1068          1 0.0000e+00
   6718.729    707.941    700.448     7.1707     7.1703   3.587829   3.588314    35.1296    35.1354     1.8924  205.27528     0.0000     0.0000     1.8788     4.7161     4.9990     0.0000     0.0293     0.1064          1 0.0000e+00
   6719.229    707.798    700.307     7.1715     7.1718   3.587907   3.588423    35.1297    35.1350     1.8927  205.40355     0.0000     0.0000     1.8791     4.7158     4.9992     0.0000     0.0293     0.1065          1 0.0000e+00
   6719.729    707.631    700.128     7.1719     7.1738   3.587927   3.588661    35.1296    35.1356     1.8926  205.39646     0.0000     0.0000     1.8790     4.7160     4.9992     0.0000     0.0293     0.1055          1 0.0000e+00
   6720.229    707.484    699.993     7.1731     7.1751   3.588037   3.588757    35.1296    35.1354     1.8919  205.04708     0.0000     0.0000     1.8783     4.7161     4.9993     0.0000     0.0293     0.1052          1 0.0000e+00
   6720.729    707.379    699.882     7.1741     7.1752   3.588150   3.588767    35.1298    35.1354     1.8919  204.86037     0.0000     0.0000     1.8783     4.7160     4.9993     0.0000     0.0293     0.1070          1 0.0000e+00
   6721.229    707.337    699.838     7.1738     7.1760   3.588130   3.588851    35.1300    35.1356     1.8918  204.80185     0.0000     0.0000     1.8782     4.7161     4.9991     0.0000     0.0293     0.1074          1 0.0000e+00
   6721.729    707.364    699.868     7.1741     7.1761   3.588143   3.588853    35.1298    35.1354     1.8916  204.85875     0.0000     0.0000     1.8780     4.7158     4.9991     0.0000     0.0293     0.1091          1 0.0000e+00
   6722.229    707.463    699.968     7.1741     7.1752   3.588151   3.588787    35.1299    35.1356     1.8917  204.92146     0.0000     0.0000     1.8781     4.7161     4.9992     0.0000     0.0293     0.1100          1 0.0000e+00
   6722.729    707.607    700.110     7.1736     7.1750   3.588113   3.588757    35.1298    35.1355     1.8915  204.94077     0.0000     0.0000     1.8779     4.7155     4.9991     0.0000     0.0293     0.1083          1 0.0000e+00
   6723.229    707.775    700.281     7.1729     7.1748   3.588049   3.588716    35.1298    35.1351     1.8917  204.99792     0.0000     0.0000     1.8781     4.7159     4.9992     0.0000     0.0293     0.1067          1 0.0000e+00
   6723.729    707.925    700.431     7.1729     7.1704   3.588035   3.588241    35.1296    35.1345     1.8915  205.01325     0.0000     0.0000     1.8779     4.7161     4.9991     0.0000     0.0293     0.1073          1 0.0000e+00
