odissea/cruise_data/ce25007/data/ctd/ce25007_021.cnv
* Sea-Bird SBE 9 Data File:
* FileName = C:\CE_CTD_Data\2025_CTD_Data\CE25007\CE25007_021.hdr
* Software Version Seasave V 7.26.7.121
* Temperature SN = 4382
* Conductivity SN = 2796
* Number of Bytes Per Scan = 40
* Number of Voltage Words = 5
* Number of Scans Averaged by the Deck Unit = 1
* NMEA Latitude = 54 31.42 N
* NMEA Longitude = 019 45.55 W
* NMEA UTC (Time) = May 15 2025 12:38:47
* NMEA baud rate = 4800
** Cruise: CE18001
** PSO: Caroline Cusack
** CTD operator:
** Technician:
** Cast No:
** Station:
** Event No:
** Sea state:
** Wind speed:
** Sounding depth
# nquan = 21
# nvalues = 12942                       
# units = specified
# name 0 = timeS: Time, Elapsed [seconds]
# name 1 = prDM: Pressure, Digiquartz [db]
# name 2 = depSM: Depth [salt water, m]
# name 3 = t090C: Temperature [ITS-90, deg C]
# name 4 = t190C: Temperature, 2 [ITS-90, deg C]
# name 5 = c0S/m: Conductivity [S/m]
# name 6 = c1S/m: Conductivity, 2 [S/m]
# name 7 = sal00: Salinity, Practical [PSU]
# name 8 = sal11: Salinity, Practical, 2 [PSU]
# name 9 = sbeox0V: Oxygen raw, SBE 43 [V]
# name 10 = sbeox0Mm/L: Oxygen, SBE 43 [umol/l]
# name 11 = v0: Voltage 0
# name 12 = v1: Voltage 1
# name 13 = v2: Voltage 2
# name 14 = v3: Voltage 3
# name 15 = v4: Voltage 4
# name 16 = v5: Voltage 5
# name 17 = v6: Voltage 6
# name 18 = v7: Voltage 7
# name 19 = pumps: Pump Status
# name 20 = flag: flag
# span 0 =      0.229,   6470.521       
# span 1 =     -0.246,   1302.029       
# span 2 =     -0.275,   1286.329       
# span 3 =     4.3340,    16.1057       
# span 4 =     4.3347,    16.2978       
# span 5 =   0.017730,   4.198209       
# span 6 =   0.093281,   4.262950       
# span 7 =     0.1032,    36.0099       
# span 8 =     0.5594,    36.1670       
# span 9 =     1.8916,     2.8973       
# span 10 =  201.09670,  344.49508      
# span 11 =     0.0000,     0.0000      
# span 12 =     0.0000,     0.0000      
# span 13 =     1.8917,     2.8917      
# span 14 =     0.0027,     4.8877      
# span 15 =     0.0396,     5.0000      
# span 16 =     0.0000,     0.0000      
# span 17 =     0.0061,     4.9304      
# span 18 =     0.0182,     4.9603      
# span 19 =          0,          1      
# span 20 = 0.0000e+00, 0.0000e+00      
# interval = seconds: 0.5               
# start_time = May 15 2025 12:38:47 [NMEA time, header]
# bad_flag = -9.990e-29
*END*
[from data line 828]
    414.229     -0.183     -0.180    16.0363    16.2711   0.050629   0.686863     0.2983     4.6043     2.7987  317.42569     0.0000     0.0000     2.7987     4.8707     4.9986     0.0000     0.0270     0.0999          0 0.0000e+00
    414.729     -0.187     -0.188    16.0376    16.2723   0.049554   0.496750     0.2918     3.2590     2.7985  317.36991     0.0000     0.0000     2.7985     4.8704     4.9986     0.0000     0.0270     0.0998          0 0.0000e+00
    415.229     -0.193     -0.189    16.0387    16.2729   0.048707   0.282328     0.2866     1.7887     2.7986  317.35894     0.0000     0.0000     2.7986     4.8709     4.9987     0.0000     0.0293     0.0988          0 0.0000e+00
    415.729     -0.196     -0.198    16.0399    16.2730   0.048043   0.194354     0.2826     1.2053     2.7986  317.35811     0.0000     0.0000     2.7986     4.8707     4.9984     0.0000     0.0293     0.0985          0 0.0000e+00
    416.229     -0.193     -0.189    16.0413    16.2734   0.046991   0.174927     0.2762     1.0788     2.7992  317.49345     0.0000     0.0000     2.7992     4.8714     4.9985     0.0000     0.0245     0.0999          0 0.0000e+00
    416.729     -0.190     -0.188    16.0430    16.2746   0.045526   0.211109     0.2674     1.3160     2.7989  317.50866     0.0000     0.0000     2.7989     4.8707     4.9982     0.0000     0.0243     0.1001          0 0.0000e+00
    417.229     -0.187     -0.185    16.0447    16.2763   0.044182   0.499210     0.2592     3.2781     2.7992  317.53080     0.0000     0.0000     2.7992     4.8707     4.9985     0.0000     0.0283     0.1009          0 0.0000e+00
    417.729     -0.185     -0.184    16.0454    16.2779   0.043369   0.638804     0.2544     4.2593     2.7987  317.42171     0.0000     0.0000     2.7987     4.8712     4.9982     0.0000     0.0293     0.1010          0 0.0000e+00
    418.229     -0.185     -0.184    16.0444    16.2790   0.043239   0.584132     0.2536     3.8712     2.7988  317.39535     0.0000     0.0000     2.7988     4.8712     4.9988     0.0000     0.0293     0.0995          0 0.0000e+00
    418.729     -0.191     -0.185    16.0430    16.2795   0.043214   0.372620     0.2535     2.4015     2.7985  317.35866     0.0000     0.0000     2.7985     4.8708     4.9985     0.0000     0.0293     0.0987          0 0.0000e+00
    419.229     -0.197     -0.199    16.0429    16.2793   0.043766   0.209176     0.2569     1.3025     2.7986  317.37629     0.0000     0.0000     2.7986     4.8711     4.9986     0.0000     0.0264     0.1015          0 0.0000e+00
    419.729     -0.200     -0.198    16.0434    16.2785   0.043992   0.163145     0.2582     1.0026     2.7989  317.45178     0.0000     0.0000     2.7989     4.8708     4.9986     0.0000     0.0243     0.1035          0 0.0000e+00
    420.229     -0.201     -0.200    16.0438    16.2779   0.043676   0.143070     0.2563     0.8736     2.7985  317.39483     0.0000     0.0000     2.7985     4.8711     4.9985     0.0000     0.0263     0.1018          0 0.0000e+00
    420.729     -0.205     -0.204    16.0444    16.2777   0.042725   0.136897     0.2506     0.8342     2.7985  317.38772     0.0000     0.0000     2.7985     4.8708     4.9984     0.0000     0.0293     0.0999          0 0.0000e+00
    421.229     -0.202     -0.200    16.0459    16.2785   0.041141   0.138034     0.2411     0.8414     2.7985  317.37535     0.0000     0.0000     2.7985     4.8708     4.9984     0.0000     0.0293     0.0999          0 0.0000e+00
    421.729     -0.203     -0.204    16.0475    16.2797   0.039635   0.140922     0.2320     0.8598     2.7986  317.41672     0.0000     0.0000     2.7986     4.8708     4.9981     0.0000     0.0293     0.1010          0 0.0000e+00
    422.229     -0.200     -0.195    16.0488    16.2811   0.038450   0.150618     0.2249     0.9219     2.7985  317.43180     0.0000     0.0000     2.7985     4.8712     4.9985     0.0000     0.0293     0.1005          0 0.0000e+00
    422.729     -0.195     -0.191    16.0500    16.2825   0.037580   0.168232     0.2197     1.0354     2.7985  317.42645     0.0000     0.0000     2.7985     4.8710     4.9986     0.0000     0.0293     0.0985          0 0.0000e+00
    423.229     -0.188     -0.191    16.0510    16.2837   0.037024   0.250216     0.2164     1.5750     2.7985  317.41840     0.0000     0.0000     2.7985     4.8710     4.9984     0.0000     0.0293     0.0988          0 0.0000e+00
    423.729     -0.182     -0.176    16.0507    16.2846   0.036587   0.401491     0.2138     2.5955     2.7985  317.42548     0.0000     0.0000     2.7985     4.8708     4.9984     0.0000     0.0293     0.0999          0 0.0000e+00
    424.229     -0.181     -0.177    16.0492    16.2852   0.036334   0.434347     0.2123     2.8215     2.7985  317.44620     0.0000     0.0000     2.7985     4.8710     4.9981     0.0000     0.0293     0.1000          0 0.0000e+00
    424.729     -0.183     -0.186    16.0487    16.2855   0.036235   0.405683     0.2118     2.6241     2.7985  317.45019     0.0000     0.0000     2.7985     4.8708     4.9987     0.0000     0.0293     0.1044          0 0.0000e+00
    425.229     -0.188     -0.185    16.0485    16.2855   0.036560   0.293082     0.2137     1.8606     2.7985  317.44787     0.0000     0.0000     2.7985     4.8701     4.9983     0.0000     0.0293     0.1045          0 0.0000e+00
    425.729     -0.196     -0.195    16.0480    16.2848   0.037565   0.177577     0.2197     1.0961     2.7987  317.47962     0.0000     0.0000     2.7987     4.8702     4.9982     0.0000     0.0293     0.1009          0 0.0000e+00
    426.229     -0.199     -0.197    16.0478    16.2836   0.037705   0.148919     0.2206     0.9110     2.7987  317.49961     0.0000     0.0000     2.7987     4.8703     4.9985     0.0000     0.0293     0.0999          0 0.0000e+00
    426.729     -0.197     -0.192    16.0475    16.2831   0.037460   0.141663     0.2191     0.8646     2.7989  317.54455     0.0000     0.0000     2.7989     4.8706     4.9984     0.0000     0.0267     0.0975          0 0.0000e+00
    427.229     -0.191     -0.192    16.0472    16.2835   0.036970   0.163443     0.2162     1.0048     2.7994  317.63216     0.0000     0.0000     2.7994     4.8714     4.9981     0.0000     0.0256     0.0962          0 0.0000e+00
    427.729     -0.182     -0.179    16.0476    16.2847   0.036234   0.302783     0.2118     1.9261     2.7988  317.55636     0.0000     0.0000     2.7988     4.8708     4.9986     0.0000     0.0256     0.0983          0 0.0000e+00
    428.229     -0.179     -0.175    16.0482    16.2857   0.035509   0.374246     0.2075     2.4085     2.7989  317.52498     0.0000     0.0000     2.7989     4.8710     4.9986     0.0000     0.0256     0.0998          0 0.0000e+00
    428.729     -0.184     -0.184    16.0484    16.2862   0.035046   0.350118     0.2047     2.2443     2.7990  317.52027     0.0000     0.0000     2.7990     4.8706     4.9985     0.0000     0.0261     0.0984          0 0.0000e+00
    429.229     -0.191     -0.188    16.0483    16.2860   0.035106   0.237424     0.2051     1.4890     2.7992  317.54935     0.0000     0.0000     2.7992     4.8708     4.9987     0.0000     0.0269     0.0964          0 0.0000e+00
    429.729     -0.198     -0.198    16.0479    16.2852   0.035264   0.163253     0.2061     1.0034     2.7992  317.58067     0.0000     0.0000     2.7992     4.8715     4.9983     0.0000     0.0269     0.0971          0 0.0000e+00
    430.229     -0.205     -0.204    16.0474    16.2842   0.035401   0.135451     0.2069     0.8249     2.7994  317.60075     0.0000     0.0000     2.7994     4.8705     4.9984     0.0000     0.0269     0.0987          0 0.0000e+00
    430.729     -0.209     -0.208    16.0465    16.2830   0.035310   0.122005     0.2064     0.7395     2.7985  317.46572     0.0000     0.0000     2.7985     4.8705     4.9986     0.0000     0.0263     0.0994          0 0.0000e+00
    431.229     -0.206     -0.206    16.0449    16.2822   0.035071   0.117338     0.2050     0.7100     2.7988  317.47840     0.0000     0.0000     2.7988     4.8701     4.9987     0.0000     0.0243     0.1024          0 0.0000e+00
    431.729     -0.200     -0.195    16.0447    16.2819   0.034555   0.131395     0.2019     0.7993     2.7986  317.42486     0.0000     0.0000     2.7986     4.8707     4.9981     0.0000     0.0242     0.1025          0 0.0000e+00
    432.229     -0.188     -0.187    16.0447    16.2824   0.033914   0.214591     0.1981     1.3392     2.7985  317.44843     0.0000     0.0000     2.7985     4.8710     4.9982     0.0000     0.0293     0.1011          0 0.0000e+00
    432.729     -0.179     -0.177    16.0450    16.2830   0.033336   0.322963     0.1947     2.0613     2.7985  317.48697     0.0000     0.0000     2.7985     4.8708     4.9983     0.0000     0.0293     0.1010          0 0.0000e+00
    433.229     -0.175     -0.171    16.0448    16.2830   0.032930   0.529953     0.1923     3.4905     2.7986  317.51170     0.0000     0.0000     2.7986     4.8706     4.9984     0.0000     0.0293     0.1023          0 0.0000e+00
    433.729     -0.182     -0.182    16.0441    16.2824   0.032773   0.515823     0.1913     3.3921     2.7987  317.54983     0.0000     0.0000     2.7987     4.8707     4.9983     0.0000     0.0293     0.1026          0 0.0000e+00
    434.229     -0.193     -0.191    16.0428    16.2809   0.034211   0.248788     0.1999     1.5662     2.7986  317.55212     0.0000     0.0000     2.7986     4.8706     4.9983     0.0000     0.0251     0.1026          0 0.0000e+00
    434.729     -0.207     -0.205    16.0404    16.2780   0.036495   0.152011     0.2136     0.9314     2.7986  317.52177     0.0000     0.0000     2.7986     4.8711     4.9982     0.0000     0.0241     0.1023          0 0.0000e+00
    435.229     -0.217     -0.215    16.0386    16.2740   0.037805   0.125500     0.2214     0.7620     2.7987  317.54164     0.0000     0.0000     2.7987     4.8707     4.9986     0.0000     0.0260     0.0981          0 0.0000e+00
    435.729     -0.215     -0.215    16.0375    16.2707   0.037975   0.122059     0.2225     0.7403     2.7987  317.52856     0.0000     0.0000     2.7987     4.8712     4.9985     0.0000     0.0269     0.0963          0 0.0000e+00
    436.229     -0.207     -0.206    16.0372    16.2699   0.037135   0.141802     0.2174     0.8662     2.7986  317.53828     0.0000     0.0000     2.7986     4.8713     4.9986     0.0000     0.0228     0.0983          0 0.0000e+00
    436.729     -0.195     -0.193    16.0377    16.2714   0.036408   0.183623     0.2131     1.1360     2.7989  317.58126     0.0000     0.0000     2.7989     4.8713     4.9978     0.0000     0.0195     0.1000          0 0.0000e+00
    437.229     -0.184     -0.181    16.0378    16.2734   0.035959   0.285746     0.2104     1.8109     2.7985  317.52913     0.0000     0.0000     2.7985     4.8712     4.9983     0.0000     0.0237     0.0992          0 0.0000e+00
    437.729     -0.175     -0.168    16.0356    16.2747   0.035756   0.535885     0.2092     3.5441     2.7985  317.51345     0.0000     0.0000     2.7985     4.8708     4.9982     0.0000     0.0293     0.0985          0 0.0000e+00
    438.229     -0.177     -0.179    16.0329    16.2751   0.035649   0.836212     0.2086     5.6856     2.7985  317.52529     0.0000     0.0000     2.7985     4.8710     4.9984     0.0000     0.0277     0.0984          0 0.0000e+00
    438.729     -0.185     -0.179    16.0290    16.2751   0.035002   0.732830     0.2049     4.9383     2.7985  317.56905     0.0000     0.0000     2.7985     4.8711     4.9983     0.0000     0.0243     0.0984          0 0.0000e+00
    439.229     -0.195     -0.198    16.0240    16.2744   0.034670   0.333156     0.2030     2.1361     2.7985  317.62985     0.0000     0.0000     2.7985     4.8709     4.9986     0.0000     0.0250     0.0989          0 0.0000e+00
    439.729     -0.204     -0.199    16.0202    16.2727   0.035426   0.175496     0.2076     1.0832     2.7986  317.67000     0.0000     0.0000     2.7986     4.8708     4.9984     0.0000     0.0293     0.0999          0 0.0000e+00
    440.229     -0.207     -0.208    16.0180    16.2705   0.035803   0.148336     0.2098     0.9078     2.7985  317.66225     0.0000     0.0000     2.7985     4.8715     4.9983     0.0000     0.0293     0.1001          0 0.0000e+00
    440.729     -0.204     -0.204    16.0170    16.2693   0.035219   0.149057     0.2063     0.9125     2.7987  317.70885     0.0000     0.0000     2.7987     4.8711     4.9982     0.0000     0.0293     0.1034          0 0.0000e+00
    441.229     -0.200     -0.195    16.0178    16.2697   0.034166   0.169387     0.2000     1.0435     2.7988  317.74099     0.0000     0.0000     2.7988     4.8709     4.9985     0.0000     0.0293     0.1030          0 0.0000e+00
    441.729     -0.192     -0.190    16.0190    16.2711   0.033250   0.211880     0.1945     1.3205     2.7990  317.80601     0.0000     0.0000     2.7990     4.8711     4.9982     0.0000     0.0293     0.1021          0 0.0000e+00
    442.229     -0.189     -0.186    16.0196    16.2726   0.032615   0.338859     0.1907     2.1718     2.7987  317.75526     0.0000     0.0000     2.7987     4.8709     4.9986     0.0000     0.0293     0.1023          0 0.0000e+00
    442.729     -0.190     -0.194    16.0182    16.2738   0.032136   0.494927     0.1879     3.2439     2.7990  317.79071     0.0000     0.0000     2.7990     4.8709     4.9982     0.0000     0.0293     0.0995          0 0.0000e+00
    443.229     -0.189     -0.181    16.0148    16.2746   0.031718   0.488654     0.1855     3.2004     2.7987  317.74102     0.0000     0.0000     2.7987     4.8714     4.9981     0.0000     0.0293     0.0987          0 0.0000e+00
    443.729     -0.195     -0.191    16.0122    16.2747   0.031471   0.326344     0.1841     2.0858     2.7989  317.79955     0.0000     0.0000     2.7989     4.8709     4.9983     0.0000     0.0276     0.0970          0 0.0000e+00
    444.229     -0.201     -0.202    16.0099    16.2742   0.031559   0.193255     0.1846     1.1988     2.7987  317.77016     0.0000     0.0000     2.7987     4.8707     4.9987     0.0000     0.0270     0.0964          0 0.0000e+00
    444.729     -0.206     -0.206    16.0097    16.2732   0.031785   0.149211     0.1859     0.9133     2.7985  317.71919     0.0000     0.0000     2.7985     4.8707     4.9982     0.0000     0.0283     0.0984          0 0.0000e+00
    445.229     -0.204     -0.201    16.0098    16.2720   0.031896   0.132236     0.1866     0.8048     2.7985  317.70307     0.0000     0.0000     2.7985     4.8708     4.9983     0.0000     0.0293     0.0996          0 0.0000e+00
    445.729     -0.203     -0.205    16.0107    16.2712   0.031565   0.131746     0.1845     0.8017     2.7988  317.78021     0.0000     0.0000     2.7988     4.8702     4.9982     0.0000     0.0276     0.0991          0 0.0000e+00
    446.229     -0.201     -0.198    16.0118    16.2710   0.031035   0.142590     0.1814     0.8710     2.7985  317.76195     0.0000     0.0000     2.7985     4.8704     4.9984     0.0000     0.0256     0.0986          0 0.0000e+00
    446.729     -0.200     -0.198    16.0127    16.2714   0.030577   0.167523     0.1786     1.0313     2.7986  317.76945     0.0000     0.0000     2.7986     4.8704     4.9983     0.0000     0.0267     0.0987          0 0.0000e+00
    447.229     -0.198     -0.197    16.0123    16.2714   0.030183   0.177870     0.1763     1.0983     2.7986  317.76410     0.0000     0.0000     2.7986     4.8710     4.9981     0.0000     0.0293     0.0985          0 0.0000e+00
    447.729     -0.200     -0.198    16.0124    16.2709   0.030026   0.163065     0.1754     1.0025     2.7985  317.75067     0.0000     0.0000     2.7985     4.8707     4.9982     0.0000     0.0274     0.0987          0 0.0000e+00
