odissea/cruise_data/ce25007/data/ctd/ce25007_020.cnv
* Sea-Bird SBE 9 Data File:
* FileName = C:\CE_CTD_Data\2025_CTD_Data\CE25007\CE25007_020.hdr
* Software Version Seasave V 7.26.7.121
* Temperature SN = 4382
* Conductivity SN = 2796
* Number of Bytes Per Scan = 40
* Number of Voltage Words = 5
* Number of Scans Averaged by the Deck Unit = 1
* NMEA Latitude = 54 32.47 N
* NMEA Longitude = 019 18.45 W
* NMEA UTC (Time) = May 15 2025 07:29:00
* NMEA baud rate = 4800
** Cruise: CE18001
** PSO: Caroline Cusack
** CTD operator:
** Technician:
** Cast No:
** Station:
** Event No:
** Sea state:
** Wind speed:
** Sounding depth
# nquan = 21
# nvalues = 11844                       
# units = specified
# name 0 = timeS: Time, Elapsed [seconds]
# name 1 = prDM: Pressure, Digiquartz [db]
# name 2 = depSM: Depth [salt water, m]
# name 3 = t090C: Temperature [ITS-90, deg C]
# name 4 = t190C: Temperature, 2 [ITS-90, deg C]
# name 5 = c0S/m: Conductivity [S/m]
# name 6 = c1S/m: Conductivity, 2 [S/m]
# name 7 = sal00: Salinity, Practical [PSU]
# name 8 = sal11: Salinity, Practical, 2 [PSU]
# name 9 = sbeox0V: Oxygen raw, SBE 43 [V]
# name 10 = sbeox0Mm/L: Oxygen, SBE 43 [umol/l]
# name 11 = v0: Voltage 0
# name 12 = v1: Voltage 1
# name 13 = v2: Voltage 2
# name 14 = v3: Voltage 3
# name 15 = v4: Voltage 4
# name 16 = v5: Voltage 5
# name 17 = v6: Voltage 6
# name 18 = v7: Voltage 7
# name 19 = pumps: Pump Status
# name 20 = flag: flag
# span 0 =      0.229,   5921.521       
# span 1 =     -0.260,   1370.376       
# span 2 =     -0.267,   1353.633       
# span 3 =     4.3185,    14.6112       
# span 4 =     4.3187,    14.6945       
# span 5 =   0.012530,   4.133530       
# span 6 =   0.026396,   4.124182       
# span 7 =     0.0764,    35.6172       
# span 8 =     0.1593,    35.5318       
# span 9 =     1.8317,     2.8426       
# span 10 =  189.30969,  335.24042      
# span 11 =     0.0000,     0.0000      
# span 12 =     0.0000,     0.0000      
# span 13 =     1.8282,     2.8426      
# span 14 =     0.0035,     4.8450      
# span 15 =     0.3716,     5.0000      
# span 16 =     0.0000,     0.0000      
# span 17 =     0.0049,     0.4469      
# span 18 =     0.0769,     4.9512      
# span 19 =          0,          1      
# span 20 = 0.0000e+00, 0.0000e+00      
# interval = seconds: 0.5               
# start_time = May 15 2025 07:29:00 [NMEA time, header]
# bad_flag = -9.990e-29
*END*
[from data line 69]
     34.729     -0.153     -0.151    14.6083    14.6806   0.025025   0.045812     0.1504     0.2785     2.7489  320.17135     0.0000     0.0000     2.7489     0.0037     5.0000     0.0000     0.0256     0.0994          0 0.0000e+00
     35.229     -0.158     -0.160    14.6026    14.6810   0.022739   0.054684     0.1367     0.3342     2.7497  320.52893     0.0000     0.0000     2.7497     0.0037     5.0000     0.0000     0.0265     0.0983          0 0.0000e+00
     35.729     -0.161     -0.160    14.5988    14.6815   0.023970   0.081317     0.1442     0.5041     2.7499  320.68090     0.0000     0.0000     2.7499     0.0039     5.0000     0.0000     0.0269     0.0980          0 0.0000e+00
     36.229     -0.156     -0.151    14.6040    14.6814   0.041282   0.086270     0.2508     0.5360     2.7508  320.66440     0.0000     0.0000     2.7508     0.0039     4.9999     0.0000     0.0254     0.0994          0 0.0000e+00
     36.729     -0.151     -0.150    14.6090    14.6812   0.042107   0.079887     0.2556     0.4949     2.7509  320.62725     0.0000     0.0000     2.7509     0.0041     5.0000     0.0000     0.0241     0.1005          0 0.0000e+00
     37.229     -0.147     -0.148    14.6095    14.6805   0.032375   0.068706     0.1954     0.4232     2.7514  320.79652     0.0000     0.0000     2.7514     0.0041     5.0000     0.0000     0.0239     0.0989          0 0.0000e+00
     37.729     -0.141     -0.138    14.6112    14.6792   0.026943   0.058020     0.1620     0.3553     2.7509  320.64848     0.0000     0.0000     2.7509     0.0040     5.0000     0.0000     0.0242     0.0976          0 0.0000e+00
     38.229     -0.141     -0.138    14.6075    14.6774   0.025347   0.050771     0.1524     0.3096     2.7509  320.57761     0.0000     0.0000     2.7509     0.0039     5.0000     0.0000     0.0250     0.0983          0 0.0000e+00
     38.729     -0.146     -0.144    14.5935    14.6758   0.022231   0.046992     0.1338     0.2859     2.7509  320.66032     0.0000     0.0000     2.7509     0.0038     5.0000     0.0000     0.0269     0.0995          0 0.0000e+00
     39.229     -0.150     -0.151    14.5846    14.6746   0.020910   0.044512     0.1260     0.2705     2.7507  320.71863     0.0000     0.0000     2.7507     0.0513     5.0000     0.0000     0.0269     0.1003          0 0.0000e+00
     39.729     -0.158     -0.158    14.5847    14.6735   0.021080   0.043441     0.1270     0.2638     2.7508  320.74669     0.0000     0.0000     2.7508     2.2474     5.0000     0.0000     0.0269     0.1041          0 0.0000e+00
     40.229     -0.163     -0.162    14.5824    14.6700   0.022449   0.045122     0.1353     0.2744     2.7504  320.64769     0.0000     0.0000     2.7504     3.1128     5.0000     0.0000     0.0268     0.1040          0 0.0000e+00
     40.729     -0.164     -0.159    14.5775    14.6701   0.026272   0.048902     0.1586     0.2980     2.7507  320.70238     0.0000     0.0000     2.7507     4.8424     5.0000     0.0000     0.0256     0.1018          0 0.0000e+00
     41.229     -0.165     -0.164    14.5789    14.6702   0.030405   0.054412     0.1838     0.3327     2.7483  320.16774     0.0000     0.0000     2.7483     4.8436     5.0000     0.0000     0.0256     0.1020          0 0.0000e+00
     41.729     -0.163     -0.164    14.5808    14.6700   0.032945   0.058899     0.1994     0.3610     2.7479  319.82608     0.0000     0.0000     2.7479     4.8438     4.9999     0.0000     0.0242     0.1021          0 0.0000e+00
     42.229     -0.159     -0.157    14.5807    14.6692   0.031949   0.060260     0.1932     0.3696     2.7503  320.24591     0.0000     0.0000     2.7503     4.8439     5.0000     0.0000     0.0244     0.1019          0 0.0000e+00
     42.729     -0.160     -0.159    14.5823    14.6682   0.032756   0.059006     0.1981     0.3617     2.7521  321.16462     0.0000     0.0000     2.7521     4.8438     5.0000     0.0000     0.0214     0.0960          0 0.0000e+00
     43.229     -0.157     -0.155    14.5814    14.6673   0.034029   0.057249     0.2060     0.3506     2.7510  321.30837     0.0000     0.0000     2.7510     4.8440     5.0000     0.0000     0.0208     0.0947          0 0.0000e+00
     43.729     -0.157     -0.155    14.5810    14.6669   0.035287   0.055891     0.2138     0.3420     2.7509  320.97738     0.0000     0.0000     2.7509     4.8441     5.0000     0.0000     0.0251     0.0978          0 0.0000e+00
     44.229     -0.157     -0.156    14.5751    14.6655   0.037712   0.055910     0.2289     0.3422     2.7509  320.50978     0.0000     0.0000     2.7509     4.8441     5.0000     0.0000     0.0269     0.0991          0 0.0000e+00
     44.729     -0.157     -0.154    14.5743    14.6644   0.040053   0.056388     0.2435     0.3452     2.7509  320.53100     0.0000     0.0000     2.7509     4.8438     5.0000     0.0000     0.0261     0.1000          0 0.0000e+00
     45.229     -0.158     -0.156    14.5769    14.6645   0.042338   0.056713     0.2576     0.3473     2.7513  320.67189     0.0000     0.0000     2.7513     4.8436     5.0000     0.0000     0.0256     0.1005          0 0.0000e+00
     45.729     -0.158     -0.161    14.5800    14.6643   0.043089   0.056774     0.2622     0.3476     2.7513  320.67215     0.0000     0.0000     2.7513     4.8431     5.0000     0.0000     0.0273     0.1006          0 0.0000e+00
     46.229     -0.161     -0.156    14.5763    14.6627   0.042217   0.056483     0.2569     0.3458     2.7514  320.72576     0.0000     0.0000     2.7514     4.8433     5.0000     0.0000     0.0293     0.1004          0 0.0000e+00
     46.729     -0.167     -0.166    14.5763    14.6630   0.039977   0.056031     0.2429     0.3430     2.7518  320.84380     0.0000     0.0000     2.7518     4.8432     5.0000     0.0000     0.0281     0.1002          0 0.0000e+00
     47.229     -0.170     -0.169    14.5763    14.6634   0.036208   0.055613     0.2195     0.3403     2.7521  320.94238     0.0000     0.0000     2.7521     4.8431     5.0000     0.0000     0.0256     0.0993          0 0.0000e+00
     47.729     -0.177     -0.175    14.5795    14.6638   0.030603   0.055463     0.1848     0.3393     2.7521  320.99942     0.0000     0.0000     2.7521     4.8431     5.0000     0.0000     0.0263     0.0995          0 0.0000e+00
     48.229     -0.181     -0.182    14.5789    14.6639   0.025621   0.058390     0.1543     0.3578     2.7523  321.04663     0.0000     0.0000     2.7523     4.8433     5.0000     0.0000     0.0292     0.0996          0 0.0000e+00
     48.729     -0.182     -0.176    14.5806    14.6645   0.023961   0.065125     0.1442     0.4006     2.7521  321.01037     0.0000     0.0000     2.7521     4.8434     5.0000     0.0000     0.0290     0.0993          0 0.0000e+00
     49.229     -0.179     -0.181    14.5769    14.6639   0.026147   0.069781     0.1576     0.4303     2.7522  320.97261     0.0000     0.0000     2.7522     4.8442     5.0000     0.0000     0.0256     0.1015          0 0.0000e+00
     49.729     -0.173     -0.170    14.5701    14.6638   0.036573   0.070606     0.2219     0.4356     2.7525  320.97169     0.0000     0.0000     2.7525     4.8444     5.0000     0.0000     0.0256     0.1017          0 0.0000e+00
     50.229     -0.165     -0.163    14.5734    14.6645   0.043605   0.066592     0.2655     0.4099     2.7530  320.95241     0.0000     0.0000     2.7530     4.8442     5.0000     0.0000     0.0256     0.1018          0 0.0000e+00
     50.729     -0.158     -0.154    14.5798    14.6647   0.042669   0.058993     0.2595     0.3616     2.7530  320.96922     0.0000     0.0000     2.7530     4.8440     5.0000     0.0000     0.0256     0.1023          0 0.0000e+00
     51.229     -0.158     -0.159    14.5841    14.6654   0.041649   0.051481     0.2530     0.3141     2.7531  320.94435     0.0000     0.0000     2.7531     4.8441     5.0000     0.0000     0.0240     0.1029          0 0.0000e+00
     51.729     -0.159     -0.155    14.5868    14.6666   0.041415   0.046917     0.2515     0.2854     2.7526  320.78285     0.0000     0.0000     2.7526     4.8441     5.0000     0.0000     0.0241     0.1027          0 0.0000e+00
     52.229     -0.164     -0.162    14.5893    14.6670   0.042756   0.043921     0.2598     0.2667     2.7529  320.73960     0.0000     0.0000     2.7529     4.8436     5.0000     0.0000     0.0252     0.1009          0 0.0000e+00
     52.729     -0.173     -0.174    14.5885    14.6666   0.040372   0.041769     0.2450     0.2533     2.7523  320.65573     0.0000     0.0000     2.7523     4.8435     5.0000     0.0000     0.0256     0.1001          0 0.0000e+00
     53.229     -0.180     -0.178    14.5895    14.6657   0.035108   0.039554     0.2123     0.2396     2.7523  320.70766     0.0000     0.0000     2.7523     4.8426     5.0000     0.0000     0.0235     0.1027          0 0.0000e+00
     53.729     -0.188     -0.188    14.5908    14.6647   0.030935   0.037853     0.1866     0.2290     2.7526  320.80755     0.0000     0.0000     2.7526     4.8427     5.0000     0.0000     0.0220     0.1041          0 0.0000e+00
     54.229     -0.194     -0.189    14.5910    14.6636   0.026650   0.036853     0.1603     0.2229     2.7524  320.91741     0.0000     0.0000     2.7524     4.8434     5.0000     0.0000     0.0242     0.1030          0 0.0000e+00
     54.729     -0.191     -0.191    14.5897    14.6632   0.022667   0.036972     0.1362     0.2236     2.7523  320.94857     0.0000     0.0000     2.7523     4.8434     5.0000     0.0000     0.0269     0.1018          0 0.0000e+00
     55.229     -0.185     -0.183    14.5890    14.6633   0.019932   0.038901     0.1197     0.2356     2.7522  320.92724     0.0000     0.0000     2.7522     4.8433     5.0000     0.0000     0.0276     0.1020          0 0.0000e+00
     55.729     -0.177     -0.175    14.5895    14.6646   0.021100   0.043059     0.1267     0.2614     2.7524  320.92485     0.0000     0.0000     2.7524     4.8434     5.0000     0.0000     0.0293     0.1016          0 0.0000e+00
     56.229     -0.169     -0.170    14.5913    14.6650   0.035727   0.048200     0.2163     0.2935     2.7525  320.81403     0.0000     0.0000     2.7525     4.8434     5.0000     0.0000     0.0285     0.1010          0 0.0000e+00
     56.729     -0.162     -0.157    14.5882    14.6658   0.045461   0.050875     0.2768     0.3103     2.7523  320.70482     0.0000     0.0000     2.7523     4.8432     5.0000     0.0000     0.0256     0.0995          0 0.0000e+00
     57.229     -0.164     -0.164    14.5889    14.6668   0.046405   0.050137     0.2827     0.3056     2.7533  320.85308     0.0000     0.0000     2.7533     4.8430     5.0000     0.0000     0.0254     0.0994          0 0.0000e+00
     57.729     -0.167     -0.162    14.5917    14.6672   0.044749   0.048087     0.2723     0.2927     2.7531  320.87333     0.0000     0.0000     2.7531     4.8428     5.0000     0.0000     0.0242     0.1027          0 0.0000e+00
     58.229     -0.175     -0.176    14.5938    14.6678   0.041395   0.046144     0.2513     0.2806     2.7534  320.92954     0.0000     0.0000     2.7534     4.8431     5.0000     0.0000     0.0240     0.1029          0 0.0000e+00
     58.729     -0.180     -0.176    14.5925    14.6689   0.038168   0.045105     0.2313     0.2740     2.7534  320.94995     0.0000     0.0000     2.7534     4.8433     5.0000     0.0000     0.0268     0.0975          0 0.0000e+00
     59.229     -0.186     -0.186    14.5908    14.6680   0.036286   0.045475     0.2196     0.2764     2.7536  320.98783     0.0000     0.0000     2.7536     4.8431     5.0000     0.0000     0.0269     0.0974          0 0.0000e+00
     59.729     -0.190     -0.189    14.5909    14.6670   0.034382   0.046681     0.2078     0.2839     2.7537  321.06628     0.0000     0.0000     2.7537     4.8432     5.0000     0.0000     0.0246     0.0980          0 0.0000e+00
     60.229     -0.192     -0.190    14.5922    14.6676   0.032097   0.048563     0.1938     0.2957     2.7541  321.11920     0.0000     0.0000     2.7541     4.8434     5.0000     0.0000     0.0242     0.0979          0 0.0000e+00
     60.729     -0.191     -0.191    14.5868    14.6673   0.028558   0.053837     0.1722     0.3289     2.7545  321.30942     0.0000     0.0000     2.7545     4.8436     5.0000     0.0000     0.0278     0.0998          0 0.0000e+00
     61.229     -0.190     -0.187    14.5768    14.6678   0.027709   0.061302     0.1672     0.3761     2.7546  321.43467     0.0000     0.0000     2.7546     4.8437     5.0000     0.0000     0.0293     0.1005          0 0.0000e+00
     61.729     -0.191     -0.192    14.5787    14.6681   0.029011   0.065310     0.1751     0.4016     2.7546  321.38814     0.0000     0.0000     2.7546     4.8437     4.9999     0.0000     0.0270     0.1018          0 0.0000e+00
     62.229     -0.188     -0.186    14.5815    14.6676   0.039259   0.065984     0.2383     0.4059     2.7546  321.14385     0.0000     0.0000     2.7546     4.8437     5.0000     0.0000     0.0256     0.1027          0 0.0000e+00
     62.729     -0.185     -0.185    14.5844    14.6674   0.041895   0.062424     0.2546     0.3832     2.7546  321.06397     0.0000     0.0000     2.7546     4.8440     5.0000     0.0000     0.0263     0.1024          0 0.0000e+00
     63.229     -0.180     -0.172    14.5864    14.6666   0.035997   0.054894     0.2179     0.3356     2.7546  321.11658     0.0000     0.0000     2.7546     4.8438     5.0000     0.0000     0.0269     0.1018          0 0.0000e+00
     63.729     -0.174     -0.173    14.5889    14.6656   0.032537   0.047305     0.1965     0.2879     2.7546  321.14143     0.0000     0.0000     2.7546     4.8435     5.0000     0.0000     0.0269     0.1015          0 0.0000e+00
     64.229     -0.173     -0.173    14.5910    14.6637   0.035012   0.043995     0.2117     0.2672     2.7546  321.09736     0.0000     0.0000     2.7546     4.8440     5.0000     0.0000     0.0269     0.1005          0 0.0000e+00
     64.729     -0.175     -0.174    14.5921    14.6608   0.033536   0.044395     0.2026     0.2698     2.7540  320.97990     0.0000     0.0000     2.7540     4.8437     5.0000     0.0000     0.0269     0.0996          0 0.0000e+00
     65.229     -0.180     -0.177    14.5870    14.6572   0.030392   0.041069     0.1834     0.2492     2.7537  320.92592     0.0000     0.0000     2.7537     4.8439     4.9999     0.0000     0.0269     0.0977          0 0.0000e+00
     65.729     -0.190     -0.187    14.5778    14.6558   0.031253   0.036568     0.1888     0.2213     2.7534  320.87980     0.0000     0.0000     2.7534     4.8434     5.0000     0.0000     0.0267     0.0975          0 0.0000e+00
     66.229     -0.197     -0.197    14.5705    14.6556   0.024716   0.033361     0.1490     0.2015     2.7533  321.01074     0.0000     0.0000     2.7533     4.8429     5.0000     0.0000     0.0240     0.0981          0 0.0000e+00
     66.729     -0.203     -0.202    14.5690    14.6571   0.017916   0.032514     0.1080     0.1962     2.7532  321.15466     0.0000     0.0000     2.7532     4.8432     5.0000     0.0000     0.0239     0.0979          0 0.0000e+00
     67.229     -0.202     -0.198    14.5667    14.6588   0.014846   0.034085     0.0898     0.2058     2.7534  321.29055     0.0000     0.0000     2.7534     4.8431     5.0000     0.0000     0.0240     0.0993          0 0.0000e+00
     67.729     -0.200     -0.201    14.5641    14.6604   0.014401   0.038670     0.0872     0.2341     2.7541  321.50101     0.0000     0.0000     2.7541     4.8432     4.9999     0.0000     0.0234     0.0992          0 0.0000e+00
     68.229     -0.196     -0.192    14.5697    14.6616   0.017955   0.046557     0.1082     0.2833     2.7544  321.58686     0.0000     0.0000     2.7544     4.8435     5.0000     0.0000     0.0284     0.0995          0 0.0000e+00
