odissea/cruise_data/ce25007/data/ctd/ce25007_004.cnv
* Sea-Bird SBE 9 Data File:
* FileName = C:\CE_CTD_Data\2025_CTD_Data\CE25007\CE25007_004.hdr
* Software Version Seasave V 7.26.7.121
* Temperature SN = 4382
* Conductivity SN = 2796
* Number of Bytes Per Scan = 40
* Number of Voltage Words = 5
* Number of Scans Averaged by the Deck Unit = 1
* NMEA Latitude = 52 59.89 N
* NMEA Longitude = 014 59.47 W
* NMEA UTC (Time) = May 10 2025 00:26:49
* NMEA baud rate = 4800
** Cruise: CE18001
** PSO: Caroline Cusack
** CTD operator:
** Technician:
** Cast No:
** Station:
** Event No:
** Sea state:
** Wind speed:
** Sounding depth
# nquan = 21
# nvalues = 10724                       
# units = specified
# name 0 = timeS: Time, Elapsed [seconds]
# name 1 = prDM: Pressure, Digiquartz [db]
# name 2 = depSM: Depth [salt water, m]
# name 3 = t090C: Temperature [ITS-90, deg C]
# name 4 = t190C: Temperature, 2 [ITS-90, deg C]
# name 5 = c0S/m: Conductivity [S/m]
# name 6 = c1S/m: Conductivity, 2 [S/m]
# name 7 = sal00: Salinity, Practical [PSU]
# name 8 = sal11: Salinity, Practical, 2 [PSU]
# name 9 = sbeox0V: Oxygen raw, SBE 43 [V]
# name 10 = sbeox0Mm/L: Oxygen, SBE 43 [umol/l]
# name 11 = v0: Voltage 0
# name 12 = v1: Voltage 1
# name 13 = v2: Voltage 2
# name 14 = v3: Voltage 3
# name 15 = v4: Voltage 4
# name 16 = v5: Voltage 5
# name 17 = v6: Voltage 6
# name 18 = v7: Voltage 7
# name 19 = pumps: Pump Status
# name 20 = flag: flag
# span 0 =      0.229,   5361.729       
# span 1 =     -0.337,   1521.300       
# span 2 =     -0.341,   1502.387       
# span 3 =     4.3031,    13.7347       
# span 4 =     4.3037,    13.6824       
# span 5 =   0.004012,   4.205372       
# span 6 =   0.039665,   4.203023       
# span 7 =     0.0273,    35.8222       
# span 8 =     0.2469,    35.7050       
# span 9 =     1.8131,     3.2591       
# span 10 =  186.61850,  337.65174      
# span 11 =     0.0000,     0.0000      
# span 12 =     0.0000,     0.0000      
# span 13 =     1.8130,     3.2591      
# span 14 =     0.0036,     4.8409      
# span 15 =     0.4039,     4.9988      
# span 16 =     0.0000,     0.0000      
# span 17 =     0.0195,     0.1147      
# span 18 =     0.0946,     2.7195      
# span 19 =          0,          1      
# span 20 = 0.0000e+00, 0.0000e+00      
# interval = seconds: 0.5               
# start_time = May 10 2025 00:26:49 [NMEA time, header]
# bad_flag = -9.990e-29
*END*
[from data line 5932]
   2966.229   1101.464   1088.848     6.3255     6.2424   3.529676   3.521892    35.1572    35.1579     1.9079  222.20270     0.0000     0.0000     1.8987     4.6798     4.9957     0.0000     0.0330     0.1067          1 0.0000e+00
   2966.729   1101.007   1088.395     6.3256     6.2791   3.529647   3.525155    35.1573    35.1560     1.9066  221.58766     0.0000     0.0000     1.8974     4.6797     4.9957     0.0000     0.0326     0.1068          1 0.0000e+00
   2967.229   1100.492   1087.888     6.3356     6.3207   3.530673   3.529491    35.1587    35.1607     1.9057  221.18579     0.0000     0.0000     1.8965     4.6794     4.9958     0.0000     0.0305     0.1068          1 0.0000e+00
   2967.729   1099.918   1087.318     6.3467     6.3524   3.531864   3.532732    35.1606    35.1638     1.9063  221.47426     0.0000     0.0000     1.8971     4.6796     4.9958     0.0000     0.0305     0.1068          1 0.0000e+00
   2968.229   1099.307   1086.718     6.3544     6.3702   3.532569   3.534644    35.1610    35.1670     1.9067  222.05427     0.0000     0.0000     1.8975     4.6799     4.9957     0.0000     0.0294     0.1073          1 0.0000e+00
   2968.729   1098.660   1086.079     6.3697     6.3702   3.534131   3.534670    35.1627    35.1678     1.9077  222.67896     0.0000     0.0000     1.8985     4.6801     4.9957     0.0000     0.0293     0.1075          1 0.0000e+00
   2969.229   1097.989   1085.415     6.3744     6.3759   3.534556   3.535215    35.1631    35.1685     1.9083  222.97142     0.0000     0.0000     1.8991     4.6805     4.9958     0.0000     0.0302     0.1088          1 0.0000e+00
   2969.729   1097.337   1084.770     6.3782     6.3795   3.534942   3.535571    35.1638    35.1692     1.9079  222.80012     0.0000     0.0000     1.8987     4.6803     4.9956     0.0000     0.0305     0.1093          1 0.0000e+00
   2970.229   1096.722   1084.155     6.3794     6.3827   3.535036   3.535853    35.1642    35.1695     1.9071  222.28522     0.0000     0.0000     1.8979     4.6804     4.9957     0.0000     0.0297     0.1086          1 0.0000e+00
   2970.729   1096.161   1083.607     6.3720     6.3838   3.534313   3.536001    35.1643    35.1704     1.9069  221.81484     0.0000     0.0000     1.8977     4.6802     4.9959     0.0000     0.0293     0.1076          1 0.0000e+00
   2971.229   1095.670   1083.123     6.3610     6.3780   3.532940   3.535429    35.1611    35.1706     1.9064  221.58236     0.0000     0.0000     1.8972     4.6801     4.9956     0.0000     0.0293     0.1075          1 0.0000e+00
   2971.729   1095.258   1082.708     6.3504     6.3603   3.532039   3.533619    35.1626    35.1695     1.9054  221.43744     0.0000     0.0000     1.8962     4.6803     4.9957     0.0000     0.0293     0.1075          1 0.0000e+00
   2972.229   1094.953   1082.420     6.3609     6.3621   3.533073   3.533692    35.1632    35.1688     1.9050  221.25212     0.0000     0.0000     1.8958     4.6801     4.9956     0.0000     0.0293     0.1075          1 0.0000e+00
   2972.729   1094.732   1082.199     6.3667     6.3693   3.533613   3.534397    35.1634    35.1693     1.9041  221.02508     0.0000     0.0000     1.8949     4.6802     4.9956     0.0000     0.0293     0.1067          1 0.0000e+00
   2973.229   1094.560   1082.037     6.3720     6.3692   3.534131   3.534333    35.1638    35.1689     1.9031  220.74191     0.0000     0.0000     1.8940     4.6809     4.9957     0.0000     0.0288     0.1068          1 0.0000e+00
   2973.729   1094.356   1081.840     6.3647     6.3733   3.533359   3.534733    35.1631    35.1693     1.9029  220.75801     0.0000     0.0000     1.8938     4.6810     4.9955     0.0000     0.0270     0.1071          1 0.0000e+00
   2974.229   1094.061   1081.552     6.3554     6.3726   3.532455   3.534518    35.1631    35.1679     1.9023  220.80031     0.0000     0.0000     1.8932     4.6805     4.9960     0.0000     0.0272     0.1068          1 0.0000e+00
   2974.729   1093.662   1081.157     6.3582     6.3628   3.532739   3.533807    35.1636    35.1705     1.9019  220.85421     0.0000     0.0000     1.8928     4.6807     4.9956     0.0000     0.0293     0.1069          1 0.0000e+00
   2975.229   1093.167   1080.668     6.3678     6.3718   3.533693   3.534607    35.1644    35.1703     1.9016  220.80128     0.0000     0.0000     1.8925     4.6806     4.9954     0.0000     0.0293     0.1066          1 0.0000e+00
   2975.729   1092.586   1080.093     6.3831     6.3857   3.535201   3.535971    35.1654    35.1712     1.9012  220.64712     0.0000     0.0000     1.8921     4.6809     4.9955     0.0000     0.0326     0.1053          1 0.0000e+00
   2976.229   1091.930   1079.451     6.3896     6.3947   3.535833   3.536861    35.1660    35.1721     1.9015  220.80075     0.0000     0.0000     1.8924     4.6804     4.9958     0.0000     0.0327     0.1052          1 0.0000e+00
   2976.729   1091.208   1078.724     6.4031     6.4042   3.537094   3.537720    35.1663    35.1722     1.9017  220.95391     0.0000     0.0000     1.8926     4.6808     4.9957     0.0000     0.0308     0.1053          1 0.0000e+00
   2977.229   1090.480   1078.018     6.4101     6.4131   3.537743   3.538550    35.1667    35.1724     1.9019  221.08372     0.0000     0.0000     1.8928     4.6806     4.9958     0.0000     0.0305     0.1053          1 0.0000e+00
   2977.729   1089.730   1077.271     6.4182     6.4189   3.538561   3.539145    35.1677    35.1734     1.9023  221.19030     0.0000     0.0000     1.8932     4.6807     4.9958     0.0000     0.0296     0.1071          1 0.0000e+00
   2978.229   1088.984   1076.532     6.4267     6.4251   3.539449   3.539775    35.1692    35.1744     1.9024  221.15845     0.0000     0.0000     1.8933     4.6804     4.9955     0.0000     0.0293     0.1078          1 0.0000e+00
   2978.729   1088.268   1075.830     6.4302     6.4281   3.539737   3.540056    35.1692    35.1750     1.9024  221.06724     0.0000     0.0000     1.8933     4.6809     4.9955     0.0000     0.0301     0.1071          1 0.0000e+00
   2979.229   1087.578   1075.146     6.4361     6.4276   3.540317   3.539986    35.1699    35.1752     1.9025  220.93275     0.0000     0.0000     1.8934     4.6813     4.9955     0.0000     0.0305     0.1068          1 0.0000e+00
   2979.729   1086.916   1074.492     6.4318     6.4295   3.539817   3.540168    35.1693    35.1757     1.9019  220.70841     0.0000     0.0000     1.8928     4.6808     4.9958     0.0000     0.0299     0.1068          1 0.0000e+00
   2980.229   1086.298   1073.882     6.4412     6.4205   3.540827   3.539251    35.1711    35.1753     1.9017  220.46284     0.0000     0.0000     1.8926     4.6809     4.9957     0.0000     0.0292     0.1065          1 0.0000e+00
   2980.729   1085.735   1073.328     6.4508     6.4461   3.541708   3.541603    35.1711    35.1748     1.9012  220.12358     0.0000     0.0000     1.8921     4.6810     4.9957     0.0000     0.0298     0.1066          1 0.0000e+00
   2981.229   1085.248   1072.841     6.4323     6.4308   3.539924   3.540242    35.1712    35.1763     1.9007  220.01711     0.0000     0.0000     1.8915     4.6812     4.9954     0.0000     0.0305     0.1067          1 0.0000e+00
   2981.729   1084.855   1072.458     6.4179     6.4144   3.538411   3.538576    35.1699    35.1753     1.9011  220.38876     0.0000     0.0000     1.8920     4.6811     4.9957     0.0000     0.0295     0.1071          1 0.0000e+00
   2982.229   1084.566   1072.171     6.4206     6.4230   3.538643   3.539368    35.1698    35.1752     1.9005  220.30088     0.0000     0.0000     1.8913     4.6810     4.9959     0.0000     0.0269     0.1090          1 0.0000e+00
   2982.729   1084.365   1071.977     6.4265     6.4293   3.539187   3.539984    35.1698    35.1757     1.9004  220.27936     0.0000     0.0000     1.8912     4.6811     4.9957     0.0000     0.0275     0.1085          1 0.0000e+00
   2983.229   1084.226   1071.845     6.4333     6.4425   3.539834   3.541272    35.1700    35.1762     1.8997  219.97820     0.0000     0.0000     1.8905     4.6808     4.9960     0.0000     0.0305     0.1067          1 0.0000e+00
   2983.729   1084.069   1071.698     6.4224     6.4299   3.538772   3.540118    35.1698    35.1768     1.8997  219.99229     0.0000     0.0000     1.8905     4.6809     4.9957     0.0000     0.0305     0.1067          1 0.0000e+00
   2984.229   1083.840   1071.477     6.4165     6.4174   3.538187   3.538815    35.1697    35.1757     1.8996  220.10217     0.0000     0.0000     1.8904     4.6813     4.9955     0.0000     0.0293     0.1076          1 0.0000e+00
   2984.729   1083.500   1071.137     6.4246     6.4188   3.539004   3.538953    35.1704    35.1760     1.8995  220.12809     0.0000     0.0000     1.8903     4.6808     4.9958     0.0000     0.0293     0.1076          1 0.0000e+00
   2985.229   1083.057   1070.695     6.4292     6.4328   3.539409   3.540319    35.1703    35.1767     1.8993  220.12897     0.0000     0.0000     1.8901     4.6813     4.9956     0.0000     0.0293     0.1076          1 0.0000e+00
   2985.729   1082.529   1070.179     6.4372     6.4416   3.540190   3.541180    35.1709    35.1773     1.8993  220.03222     0.0000     0.0000     1.8901     4.6811     4.9959     0.0000     0.0293     0.1080          1 0.0000e+00
   2986.229   1081.937   1069.594     6.4449     6.4462   3.540938   3.541543    35.1715    35.1769     1.8998  220.14947     0.0000     0.0000     1.8906     4.6812     4.9956     0.0000     0.0302     0.1058          1 0.0000e+00
   2986.729   1081.303   1068.962     6.4563     6.4636   3.542129   3.543416    35.1731    35.1798     1.9003  220.40045     0.0000     0.0000     1.8911     4.6812     4.9958     0.0000     0.0305     0.1053          1 0.0000e+00
   2987.229   1080.644   1068.314     6.5055     6.5316   3.547236   3.550204    35.1785    35.1839     1.9005  220.31445     0.0000     0.0000     1.8913     4.6812     4.9958     0.0000     0.0297     0.1067          1 0.0000e+00
   2987.729   1079.966   1067.649     6.5433     6.5430   3.550949   3.551435    35.1803    35.1861     1.9005  220.03649     0.0000     0.0000     1.8913     4.6814     4.9959     0.0000     0.0293     0.1076          1 0.0000e+00
   2988.229   1079.272   1066.956     6.5530     6.5483   3.551928   3.551964    35.1816    35.1870     1.9017  220.11887     0.0000     0.0000     1.8926     4.6810     4.9960     0.0000     0.0293     0.1070          1 0.0000e+00
   2988.729   1078.594   1066.294     6.5526     6.5379   3.551879   3.550992    35.1821    35.1877     1.9018  220.25350     0.0000     0.0000     1.8927     4.6813     4.9954     0.0000     0.0293     0.1067          1 0.0000e+00
   2989.229   1077.930   1065.634     6.5554     6.5561   3.552193   3.552756    35.1832    35.1887     1.9016  220.14310     0.0000     0.0000     1.8925     4.6813     4.9956     0.0000     0.0293     0.1077          1 0.0000e+00
   2989.729   1077.294   1065.003     6.5607     6.5587   3.552654   3.552991    35.1832    35.1891     1.9014  219.78149     0.0000     0.0000     1.8923     4.6815     4.9955     0.0000     0.0293     0.1088          1 0.0000e+00
   2990.229   1076.704   1064.424     6.5641     6.5580   3.553044   3.552886    35.1845    35.1892     1.9006  219.25661     0.0000     0.0000     1.8914     4.6819     4.9959     0.0000     0.0293     0.1086          1 0.0000e+00
   2990.729   1076.155   1063.881     6.5629     6.5578   3.552815   3.552855    35.1837    35.1895     1.8997  218.86145     0.0000     0.0000     1.8905     4.6821     4.9957     0.0000     0.0293     0.1076          1 0.0000e+00
   2991.229   1075.661   1063.395     6.5704     6.5558   3.553512   3.552720    35.1839    35.1905     1.8989  218.47572     0.0000     0.0000     1.8897     4.6818     4.9960     0.0000     0.0293     0.1071          1 0.0000e+00
   2991.729   1075.230   1062.967     6.5685     6.5271   3.553065   3.549791    35.1814    35.1887     1.8974  218.04162     0.0000     0.0000     1.8883     4.6819     4.9959     0.0000     0.0293     0.1039          1 0.0000e+00
   2992.229   1074.849   1062.599     6.5408     6.5356   3.550566   3.550490    35.1833    35.1877     1.8964  217.88331     0.0000     0.0000     1.8873     4.6820     4.9958     0.0000     0.0293     0.1039          1 0.0000e+00
   2992.729   1074.486   1062.245     6.5453     6.5503   3.550966   3.551953    35.1831    35.1888     1.8957  217.70673     0.0000     0.0000     1.8865     4.6820     4.9958     0.0000     0.0293     0.1068          1 0.0000e+00
   2993.229   1074.072   1061.838     6.5437     6.5461   3.550770   3.551601    35.1830    35.1896     1.8949  217.74386     0.0000     0.0000     1.8857     4.6825     4.9955     0.0000     0.0292     0.1070          1 0.0000e+00
   2993.729   1073.610   1061.380     6.5440     6.5455   3.550814   3.551450    35.1835    35.1888     1.8945  217.82346     0.0000     0.0000     1.8853     4.6820     4.9958     0.0000     0.0292     0.1070          1 0.0000e+00
   2994.229   1073.096   1060.875     6.5521     6.5693   3.551622   3.553896    35.1843    35.1913     1.8944  217.95862     0.0000     0.0000     1.8852     4.6826     4.9958     0.0000     0.0293     0.1068          1 0.0000e+00
   2994.729   1072.526   1060.314     6.5997     6.5955   3.556725   3.556665    35.1911    35.1948     1.8944  217.90695     0.0000     0.0000     1.8852     4.6818     4.9960     0.0000     0.0320     0.1070          1 0.0000e+00
   2995.229   1071.910   1059.705     6.6184     6.6291   3.558436   3.560031    35.1910    35.1973     1.8944  218.02895     0.0000     0.0000     1.8852     4.6820     4.9957     0.0000     0.0326     0.1071          1 0.0000e+00
   2995.729   1071.272   1059.067     6.6269     6.6337   3.559359   3.560574    35.1927    35.1990     1.8951  218.19939     0.0000     0.0000     1.8859     4.6823     4.9958     0.0000     0.0311     0.1075          1 0.0000e+00
   2996.229   1070.631   1058.438     6.6420     6.6418   3.560886   3.561390    35.1943    35.2000     1.8954  218.35722     0.0000     0.0000     1.8862     4.6829     4.9955     0.0000     0.0305     0.1077          1 0.0000e+00
   2996.729   1069.995   1057.811     6.6487     6.6466   3.561567   3.561895    35.1953    35.2011     1.8956  218.44403     0.0000     0.0000     1.8864     4.6824     4.9957     0.0000     0.0299     0.1078          1 0.0000e+00
   2997.229   1069.395   1057.210     6.6522     6.6501   3.561936   3.562232    35.1963    35.2017     1.8951  218.18627     0.0000     0.0000     1.8859     4.6828     4.9954     0.0000     0.0293     0.1076          1 0.0000e+00
   2997.729   1068.838   1056.676     6.6549     6.6530   3.562216   3.562516    35.1970    35.2022     1.8950  217.82075     0.0000     0.0000     1.8858     4.6826     4.9957     0.0000     0.0298     0.1066          1 0.0000e+00
   2998.229   1068.325   1056.159     6.6577     6.6541   3.562543   3.562621    35.1981    35.2028     1.8943  217.44598     0.0000     0.0000     1.8851     4.6828     4.9957     0.0000     0.0305     0.1052          1 0.0000e+00
   2998.729   1067.882   1055.719     6.6558     6.6133   3.562176   3.558533    35.1965    35.2008     1.8942  217.36172     0.0000     0.0000     1.8850     4.6831     4.9957     0.0000     0.0302     0.1058          1 0.0000e+00
   2999.229   1067.519   1055.368     6.6459     6.6173   3.561033   3.558715    35.1946    35.1989     1.8929  217.12388     0.0000     0.0000     1.8838     4.6829     4.9956     0.0000     0.0293     0.1072          1 0.0000e+00
   2999.729   1067.226   1055.074     6.6284     6.6216   3.559267   3.559122    35.1937    35.1991     1.8917  216.78035     0.0000     0.0000     1.8826     4.6832     4.9958     0.0000     0.0294     0.1073          1 0.0000e+00
