odissea/cruise_data/ce25007/data/ctd/ce25007_012.cnv
* Sea-Bird SBE 9 Data File:
* FileName = C:\CE_CTD_Data\2025_CTD_Data\CE25007\CE25007_012.hdr
* Software Version Seasave V 7.26.7.121
* Temperature SN = 4382
* Conductivity SN = 2796
* Number of Bytes Per Scan = 40
* Number of Voltage Words = 5
* Number of Scans Averaged by the Deck Unit = 1
* NMEA Latitude = 53 41.50 N
* NMEA Longitude = 016 35.12 W
* NMEA UTC (Time) = May 13 2025 23:44:20
* NMEA baud rate = 4800
** Cruise: CE18001
** PSO: Caroline Cusack
** CTD operator:
** Technician:
** Cast No:
** Station:
** Event No:
** Sea state:
** Wind speed:
** Sounding depth
# nquan = 21
# nvalues = 16917                       
# units = specified
# name 0 = timeS: Time, Elapsed [seconds]
# name 1 = prDM: Pressure, Digiquartz [db]
# name 2 = depSM: Depth [salt water, m]
# name 3 = t090C: Temperature [ITS-90, deg C]
# name 4 = t190C: Temperature, 2 [ITS-90, deg C]
# name 5 = c0S/m: Conductivity [S/m]
# name 6 = c1S/m: Conductivity, 2 [S/m]
# name 7 = sal00: Salinity, Practical [PSU]
# name 8 = sal11: Salinity, Practical, 2 [PSU]
# name 9 = sbeox0V: Oxygen raw, SBE 43 [V]
# name 10 = sbeox0Mm/L: Oxygen, SBE 43 [umol/l]
# name 11 = v0: Voltage 0
# name 12 = v1: Voltage 1
# name 13 = v2: Voltage 2
# name 14 = v3: Voltage 3
# name 15 = v4: Voltage 4
# name 16 = v5: Voltage 5
# name 17 = v6: Voltage 6
# name 18 = v7: Voltage 7
# name 19 = pumps: Pump Status
# name 20 = flag: flag
# span 0 =      0.229,   8458.167       
# span 1 =     -0.305,   2467.695       
# span 2 =     -0.336,   2431.446       
# span 3 =     2.5590,    15.1105       
# span 4 =     2.5575,    15.0953       
# span 5 =   0.017132,   4.234734       
# span 6 =   0.019792,   4.206497       
# span 7 =     0.1030,    35.8443       
# span 8 =     0.1207,    35.8681       
# span 9 =     1.6547,     2.8991       
# span 10 =  168.96267,  340.08503      
# span 11 =     0.0000,     0.0000      
# span 12 =     0.0000,     0.0000      
# span 13 =     1.6447,     2.8963      
# span 14 =     0.0036,     4.7805      
# span 15 =     0.0488,     4.9999      
# span 16 =     0.0000,     0.0000      
# span 17 =     0.0114,     0.8647      
# span 18 =     0.0911,     2.2248      
# span 19 =          0,          1      
# span 20 = 0.0000e+00, 0.0000e+00      
# interval = seconds: 0.5               
# start_time = May 13 2025 23:44:20 [NMEA time, header]
# bad_flag = -9.990e-29
*END*
[from data line 15173]
   7586.729    292.467    289.660    11.2066    11.2070   3.982442   3.982977    35.4525    35.4574     2.2841  227.63795     0.0000     0.0000     2.2736     4.7752     4.9986     0.0000     0.0293     0.1056          1 0.0000e+00
   7587.229    292.108    289.308    11.2078    11.2064   3.982552   3.982895    35.4525    35.4573     2.2844  227.50295     0.0000     0.0000     2.2739     4.7754     4.9984     0.0000     0.0293     0.1064          1 0.0000e+00
   7587.729    291.721    288.923    11.2087    11.2098   3.982623   3.983334    35.4525    35.4585     2.2850  227.53970     0.0000     0.0000     2.2745     4.7756     4.9985     0.0000     0.0293     0.1079          1 0.0000e+00
   7588.229    291.309    288.515    11.2095    11.2214   3.982713   3.984757    35.4528    35.4614     2.2860  227.75693     0.0000     0.0000     2.2755     4.7759     4.9985     0.0000     0.0294     0.1079          1 0.0000e+00
   7588.729    290.886    288.092    11.2293    11.2281   3.985137   3.985444    35.4575    35.4618     2.2871  227.91768     0.0000     0.0000     2.2766     4.7764     4.9984     0.0000     0.0305     0.1083          1 0.0000e+00
   7589.229    290.452    287.662    11.2502    11.2494   3.987522   3.988211    35.4608    35.4685     2.2877  227.96713     0.0000     0.0000     2.2772     4.7757     4.9985     0.0000     0.0303     0.1082          1 0.0000e+00
   7589.729    290.034    287.252    11.2714    11.2784   3.989875   3.991261    35.4635    35.4703     2.2889  228.01583     0.0000     0.0000     2.2784     4.7755     4.9988     0.0000     0.0256     0.1083          1 0.0000e+00
   7590.229    289.635    286.853    11.2762    11.2780   3.990235   3.990927    35.4627    35.4678     2.2894  227.98511     0.0000     0.0000     2.2789     4.7757     4.9985     0.0000     0.0256     0.1076          1 0.0000e+00
   7590.729    289.243    286.466    11.2756    11.2710   3.990162   3.990109    35.4628    35.4669     2.2902  228.04391     0.0000     0.0000     2.2797     4.7762     4.9985     0.0000     0.0290     0.1056          1 0.0000e+00
   7591.229    288.858    286.091    11.2670    11.2662   3.989035   3.989374    35.4604    35.4646     2.2902  228.02639     0.0000     0.0000     2.2797     4.7760     4.9987     0.0000     0.0293     0.1053          1 0.0000e+00
   7591.729    288.468    285.700    11.2611    11.2608   3.988355   3.988685    35.4597    35.4633     2.2896  227.75351     0.0000     0.0000     2.2791     4.7761     4.9986     0.0000     0.0303     0.1067          1 0.0000e+00
   7592.229    288.075    285.309    11.2593    11.2586   3.987917   3.988339    35.4574    35.4624     2.2892  227.48155     0.0000     0.0000     2.2787     4.7759     4.9983     0.0000     0.0305     0.1070          1 0.0000e+00
   7592.729    287.670    284.916    11.2590    11.2571   3.987871   3.988120    35.4574    35.4618     2.2893  227.38103     0.0000     0.0000     2.2788     4.7752     4.9984     0.0000     0.0297     0.1074          1 0.0000e+00
   7593.229    287.249    284.492    11.2571    11.2566   3.987563   3.988050    35.4566    35.4619     2.2896  227.50104     0.0000     0.0000     2.2791     4.7753     4.9985     0.0000     0.0293     0.1076          1 0.0000e+00
   7593.729    286.826    284.078    11.2565    11.2569   3.987477   3.988033    35.4565    35.4616     2.2900  227.70316     0.0000     0.0000     2.2795     4.7754     4.9987     0.0000     0.0293     0.1074          1 0.0000e+00
   7594.229    286.418    283.667    11.2569    11.2574   3.987456   3.988065    35.4561    35.4617     2.2897  227.68862     0.0000     0.0000     2.2792     4.7747     4.9985     0.0000     0.0293     0.1071          1 0.0000e+00
   7594.729    286.037    283.294    11.2567    11.2599   3.987452   3.988323    35.4565    35.4620     2.2899  227.67517     0.0000     0.0000     2.2794     4.7752     4.9987     0.0000     0.0293     0.1075          1 0.0000e+00
   7595.229    285.683    282.944    11.2584    11.2613   3.987638   3.988459    35.4569    35.4622     2.2902  227.66711     0.0000     0.0000     2.2797     4.7760     4.9985     0.0000     0.0293     0.1077          1 0.0000e+00
   7595.729    285.346    282.607    11.2603    11.2605   3.987798   3.988386    35.4568    35.4624     2.2901  227.66289     0.0000     0.0000     2.2796     4.7755     4.9986     0.0000     0.0286     0.1070          1 0.0000e+00
   7596.229    285.028    282.294    11.2611    11.2648   3.987886   3.988828    35.4570    35.4627     2.2901  227.63135     0.0000     0.0000     2.2796     4.7754     4.9986     0.0000     0.0269     0.1054          1 0.0000e+00
   7596.729    284.709    281.985    11.2640    11.2645   3.988183   3.988775    35.4574    35.4628     2.2905  227.62064     0.0000     0.0000     2.2800     4.7752     4.9984     0.0000     0.0277     0.1060          1 0.0000e+00
   7597.229    284.372    281.653    11.2653    11.2635   3.988345   3.988717    35.4578    35.4633     2.2912  227.80616     0.0000     0.0000     2.2807     4.7758     4.9985     0.0000     0.0293     0.1079          1 0.0000e+00
   7597.729    284.007    281.284    11.2665    11.2700   3.988463   3.989416    35.4580    35.4641     2.2913  227.89793     0.0000     0.0000     2.2808     4.7761     4.9984     0.0000     0.0292     0.1082          1 0.0000e+00
   7598.229    283.614    280.900    11.2687    11.2680   3.988701   3.989126    35.4584    35.4633     2.2912  227.82524     0.0000     0.0000     2.2807     4.7755     4.9986     0.0000     0.0269     0.1095          1 0.0000e+00
   7598.729    283.193    280.479    11.2679    11.2703   3.988521   3.989396    35.4576    35.4640     2.2910  227.63433     0.0000     0.0000     2.2805     4.7753     4.9988     0.0000     0.0269     0.1094          1 0.0000e+00
   7599.229    282.759    280.057    11.2672    11.2759   3.988490   3.989989    35.4582    35.4646     2.2907  227.47238     0.0000     0.0000     2.2802     4.7756     4.9985     0.0000     0.0292     0.1079          1 0.0000e+00
   7599.729    282.315    279.610    11.2757    11.2793   3.989349   3.990256    35.4586    35.4642     2.2908  227.42680     0.0000     0.0000     2.2803     4.7742     4.9987     0.0000     0.0293     0.1080          1 0.0000e+00
   7600.229    281.889    279.186    11.2772    11.2800   3.989465   3.990299    35.4585    35.4641     2.2902  227.32127     0.0000     0.0000     2.2798     4.7733     4.9988     0.0000     0.0293     0.1073          1 0.0000e+00
   7600.729    281.488    278.791    11.2787    11.2808   3.989599   3.990352    35.4586    35.4641     2.2900  227.27110     0.0000     0.0000     2.2796     4.7755     4.9984     0.0000     0.0293     0.1074          1 0.0000e+00
   7601.229    281.104    278.412    11.2793    11.2815   3.989623   3.990401    35.4585    35.4641     2.2901  227.26366     0.0000     0.0000     2.2797     4.7753     4.9984     0.0000     0.0293     0.1077          1 0.0000e+00
   7601.729    280.726    278.037    11.2786    11.2817   3.989548   3.990378    35.4586    35.4638     2.2909  227.46419     0.0000     0.0000     2.2804     4.7757     4.9986     0.0000     0.0293     0.1080          1 0.0000e+00
   7602.229    280.356    277.671    11.2793    11.2814   3.989583   3.990316    35.4585    35.4637     2.2918  227.76393     0.0000     0.0000     2.2813     4.7758     4.9986     0.0000     0.0293     0.1086          1 0.0000e+00
   7602.729    279.995    277.314    11.2797    11.2813   3.989569   3.990277    35.4582    35.4637     2.2931  228.13581     0.0000     0.0000     2.2827     4.7755     4.9986     0.0000     0.0293     0.1094          1 0.0000e+00
   7603.229    279.636    276.960    11.2800    11.2816   3.989587   3.990273    35.4582    35.4635     2.2946  228.50979     0.0000     0.0000     2.2842     4.7750     4.9986     0.0000     0.0308     0.1084          1 0.0000e+00
   7603.729    279.274    276.605    11.2791    11.2836   3.989468   3.990460    35.4582    35.4636     2.2959  228.79124     0.0000     0.0000     2.2855     4.7750     4.9987     0.0000     0.0329     0.1073          1 0.0000e+00
   7604.229    278.904    276.232    11.2799    11.2832   3.989547   3.990395    35.4583    35.4635     2.2974  229.00140     0.0000     0.0000     2.2869     4.7755     4.9985     0.0000     0.0318     0.1072          1 0.0000e+00
   7604.729    278.517    275.857    11.2827    11.2824   3.989771   3.990349    35.4580    35.4641     2.2983  229.00805     0.0000     0.0000     2.2879     4.7755     4.9987     0.0000     0.0293     0.1080          1 0.0000e+00
   7605.229    278.105    275.444    11.2839    11.2888   3.989924   3.990935    35.4586    35.4638     2.2993  229.03060     0.0000     0.0000     2.2889     4.7754     4.9987     0.0000     0.0293     0.1075          1 0.0000e+00
   7605.729    277.680    275.025    11.2898    11.2930   3.990428   3.991308    35.4579    35.4635     2.3002  229.06035     0.0000     0.0000     2.2898     4.7752     4.9986     0.0000     0.0293     0.1070          1 0.0000e+00
   7606.229    277.240    274.588    11.2921    11.2899   3.990655   3.990990    35.4581    35.4637     2.3014  229.18772     0.0000     0.0000     2.2910     4.7749     4.9987     0.0000     0.0293     0.1069          1 0.0000e+00
   7606.729    276.797    274.149    11.2942    11.2945   3.990815   3.991419    35.4579    35.4637     2.3021  229.26197     0.0000     0.0000     2.2917     4.7762     4.9986     0.0000     0.0293     0.1078          1 0.0000e+00
   7607.229    276.374    273.728    11.2922    11.2999   3.990612   3.991983    35.4581    35.4642     2.3022  229.15601     0.0000     0.0000     2.2918     4.7763     4.9986     0.0000     0.0293     0.1078          1 0.0000e+00
   7607.729    275.964    273.322    11.2959    11.3042   3.990985   3.992416    35.4584    35.4645     2.3026  229.01300     0.0000     0.0000     2.2922     4.7757     4.9986     0.0000     0.0270     0.1049          1 0.0000e+00
   7608.229    275.567    272.933    11.2970    11.3031   3.991076   3.992301    35.4584    35.4646     2.3034  229.02873     0.0000     0.0000     2.2929     4.7757     4.9983     0.0000     0.0269     0.1043          1 0.0000e+00
   7608.729    275.176    272.544    11.2996    11.3066   3.991345   3.992653    35.4587    35.4648     2.3033  228.97820     0.0000     0.0000     2.2928     4.7754     4.9983     0.0000     0.0288     0.1085          1 0.0000e+00
   7609.229    274.777    272.155    11.3011    11.3069   3.991507   3.992682    35.4591    35.4651     2.3034  228.93399     0.0000     0.0000     2.2929     4.7757     4.9986     0.0000     0.0293     0.1091          1 0.0000e+00
   7609.729    274.364    271.735    11.3092    11.3095   3.992299   3.992939    35.4592    35.4653     2.3038  228.85087     0.0000     0.0000     2.2933     4.7751     4.9986     0.0000     0.0293     0.1082          1 0.0000e+00
   7610.229    273.967    271.351    11.3124    11.3129   3.992611   3.993275    35.4593    35.4655     2.3045  228.99755     0.0000     0.0000     2.2941     4.7752     4.9987     0.0000     0.0293     0.1078          1 0.0000e+00
   7610.729    273.588    270.972    11.3106    11.3236   3.992406   3.994385    35.4593    35.4662     2.3045  229.04275     0.0000     0.0000     2.2941     4.7740     4.9986     0.0000     0.0293     0.1073          1 0.0000e+00
   7611.229    273.236    270.622    11.3147    11.3282   3.992807   3.994813    35.4594    35.4661     2.3046  228.98366     0.0000     0.0000     2.2942     4.7732     4.9986     0.0000     0.0293     0.1072          1 0.0000e+00
   7611.729    272.912    270.303    11.3182    11.3290   3.993182   3.994937    35.4599    35.4668     2.3051  228.95402     0.0000     0.0000     2.2947     4.7747     4.9985     0.0000     0.0281     0.1065          1 0.0000e+00
   7612.229    272.624    270.014    11.3205    11.3343   3.993148   3.995451    35.4575    35.4668     2.3068  229.29326     0.0000     0.0000     2.2964     4.7750     4.9986     0.0000     0.0270     0.1056          1 0.0000e+00
   7612.729    272.358    269.758    11.3200    11.3324   3.993230   3.995224    35.4590    35.4667     2.3094  229.99830     0.0000     0.0000     2.2989     4.7747     4.9987     0.0000     0.0281     0.1052          1 0.0000e+00
   7613.229    272.092    269.497    11.3061    11.3380   3.991944   3.995662    35.4601    35.4656     2.3124  230.90551     0.0000     0.0000     2.3020     4.7751     4.9986     0.0000     0.0305     0.1055          1 0.0000e+00
   7613.729    271.785    269.193    11.3034    11.3347   3.991790   3.995548    35.4614    35.4680     2.3157  231.68025     0.0000     0.0000     2.3053     4.7754     4.9983     0.0000     0.0302     0.1059          1 0.0000e+00
   7614.229    271.423    268.833    11.3245    11.3357   3.994119   3.995550    35.4639    35.4673     2.3183  232.01947     0.0000     0.0000     2.3079     4.7740     4.9984     0.0000     0.0293     0.1077          1 0.0000e+00
   7614.729    271.014    268.432    11.3424    11.3371   3.995658   3.995776    35.4617    35.4684     2.3207  232.16790     0.0000     0.0000     2.3102     4.7738     4.9985     0.0000     0.0293     0.1080          1 0.0000e+00
   7615.229    270.565    267.982    11.3410    11.3517   3.995587   3.997260    35.4626    35.4689     2.3234  232.39762     0.0000     0.0000     2.3130     4.7749     4.9985     0.0000     0.0293     0.1100          1 0.0000e+00
   7615.729    270.075    267.500    11.3553    11.3658   3.997130   3.998817    35.4642    35.4708     2.3256  232.52024     0.0000     0.0000     2.3152     4.7747     4.9985     0.0000     0.0293     0.1100          1 0.0000e+00
   7616.229    269.561    266.985    11.3653    11.3748   3.998180   3.999636    35.4650    35.4703     2.3284  232.78858     0.0000     0.0000     2.3180     4.7747     4.9986     0.0000     0.0304     0.1081          1 0.0000e+00
   7616.729    269.060    266.496    11.3742    11.3764   3.998954   3.999779    35.4643    35.4704     2.3312  233.11469     0.0000     0.0000     2.3208     4.7747     4.9986     0.0000     0.0305     0.1078          1 0.0000e+00
   7617.229    268.568    266.001    11.3757    11.3771   3.999091   3.999830    35.4644    35.4706     2.3347  233.65670     0.0000     0.0000     2.3243     4.7743     4.9988     0.0000     0.0323     0.1079          1 0.0000e+00
   7617.729    268.097    265.539    11.3759    11.3790   3.999106   3.999994    35.4647    35.4707     2.3392  234.48371     0.0000     0.0000     2.3287     4.7742     4.9981     0.0000     0.0327     0.1079          1 0.0000e+00
   7618.229    267.642    265.081    11.3768    11.3795   3.999180   3.999996    35.4648    35.4705     2.3442  235.47197     0.0000     0.0000     2.3337     4.7741     4.9986     0.0000     0.0311     0.1075          1 0.0000e+00
   7618.729    267.210    264.652    11.3774    11.3789   3.999213   3.999890    35.4649    35.4704     2.3487  236.27982     0.0000     0.0000     2.3382     4.7746     4.9986     0.0000     0.0305     0.1070          1 0.0000e+00
   7619.229    266.799    264.259    11.3769    11.3778   3.999111   3.999757    35.4647    35.4703     2.3521  236.69042     0.0000     0.0000     2.3417     4.7743     4.9984     0.0000     0.0298     0.1070          1 0.0000e+00
   7619.729    266.409    263.866    11.3758    11.3771   3.998996   3.999632    35.4649    35.4701     2.3558  236.96898     0.0000     0.0000     2.3453     4.7744     4.9985     0.0000     0.0293     0.1069          1 0.0000e+00
   7620.229    266.038    263.499    11.3728    11.3762   3.998621   3.999521    35.4644    35.4701     2.3583  237.00591     0.0000     0.0000     2.3479     4.7742     4.9986     0.0000     0.0299     0.1076          1 0.0000e+00
