odissea/cruise_data/ce25007/data/ctd/ce25007_021.cnv
* Sea-Bird SBE 9 Data File:
* FileName = C:\CE_CTD_Data\2025_CTD_Data\CE25007\CE25007_021.hdr
* Software Version Seasave V 7.26.7.121
* Temperature SN = 4382
* Conductivity SN = 2796
* Number of Bytes Per Scan = 40
* Number of Voltage Words = 5
* Number of Scans Averaged by the Deck Unit = 1
* NMEA Latitude = 54 31.42 N
* NMEA Longitude = 019 45.55 W
* NMEA UTC (Time) = May 15 2025 12:38:47
* NMEA baud rate = 4800
** Cruise: CE18001
** PSO: Caroline Cusack
** CTD operator:
** Technician:
** Cast No:
** Station:
** Event No:
** Sea state:
** Wind speed:
** Sounding depth
# nquan = 21
# nvalues = 12942                       
# units = specified
# name 0 = timeS: Time, Elapsed [seconds]
# name 1 = prDM: Pressure, Digiquartz [db]
# name 2 = depSM: Depth [salt water, m]
# name 3 = t090C: Temperature [ITS-90, deg C]
# name 4 = t190C: Temperature, 2 [ITS-90, deg C]
# name 5 = c0S/m: Conductivity [S/m]
# name 6 = c1S/m: Conductivity, 2 [S/m]
# name 7 = sal00: Salinity, Practical [PSU]
# name 8 = sal11: Salinity, Practical, 2 [PSU]
# name 9 = sbeox0V: Oxygen raw, SBE 43 [V]
# name 10 = sbeox0Mm/L: Oxygen, SBE 43 [umol/l]
# name 11 = v0: Voltage 0
# name 12 = v1: Voltage 1
# name 13 = v2: Voltage 2
# name 14 = v3: Voltage 3
# name 15 = v4: Voltage 4
# name 16 = v5: Voltage 5
# name 17 = v6: Voltage 6
# name 18 = v7: Voltage 7
# name 19 = pumps: Pump Status
# name 20 = flag: flag
# span 0 =      0.229,   6470.521       
# span 1 =     -0.246,   1302.029       
# span 2 =     -0.275,   1286.329       
# span 3 =     4.3340,    16.1057       
# span 4 =     4.3347,    16.2978       
# span 5 =   0.017730,   4.198209       
# span 6 =   0.093281,   4.262950       
# span 7 =     0.1032,    36.0099       
# span 8 =     0.5594,    36.1670       
# span 9 =     1.8916,     2.8973       
# span 10 =  201.09670,  344.49508      
# span 11 =     0.0000,     0.0000      
# span 12 =     0.0000,     0.0000      
# span 13 =     1.8917,     2.8917      
# span 14 =     0.0027,     4.8877      
# span 15 =     0.0396,     5.0000      
# span 16 =     0.0000,     0.0000      
# span 17 =     0.0061,     4.9304      
# span 18 =     0.0182,     4.9603      
# span 19 =          0,          1      
# span 20 = 0.0000e+00, 0.0000e+00      
# interval = seconds: 0.5               
# start_time = May 15 2025 12:38:47 [NMEA time, header]
# bad_flag = -9.990e-29
*END*
[from data line 10552]
   5276.229    325.853    322.680    10.6519    10.6231   3.921807   3.919562    35.3639    35.3695     2.4428  252.37552     0.0000     0.0000     2.4341     4.7597     4.9989     0.0000     0.0293     0.1089          1 0.0000e+00
   5276.729    325.621    322.446    10.6479    10.6403   3.921397   3.921004    35.3639    35.3670     2.4431  252.22597     0.0000     0.0000     2.4344     4.7594     4.9989     0.0000     0.0293     0.1091          1 0.0000e+00
   5277.229    325.358    322.187    10.6451    10.6299   3.921083   3.919660    35.3638    35.3641     2.4434  252.16669     0.0000     0.0000     2.4347     4.7594     4.9991     0.0000     0.0293     0.1089          1 0.0000e+00
   5277.729    325.058    321.897    10.6438    10.6269   3.920928   3.919626    35.3637    35.3670     2.4436  252.03829     0.0000     0.0000     2.4349     4.7595     4.9988     0.0000     0.0293     0.1091          1 0.0000e+00
   5278.229    324.722    321.551    10.6433    10.6576   3.920843   3.923063    35.3636    35.3713     2.4446  252.20898     0.0000     0.0000     2.4359     4.7597     4.9990     0.0000     0.0305     0.1101          1 0.0000e+00
   5278.729    324.354    321.200    10.6538    10.6662   3.921972   3.923949    35.3648    35.3720     2.4461  252.47137     0.0000     0.0000     2.4373     4.7595     4.9989     0.0000     0.0305     0.1103          1 0.0000e+00
   5279.229    323.939    320.784    10.6742    10.6655   3.924261   3.923937    35.3678    35.3728     2.4471  252.68508     0.0000     0.0000     2.4383     4.7596     4.9990     0.0000     0.0294     0.1093          1 0.0000e+00
   5279.729    323.475    320.321    10.6770    10.6795   3.924601   3.925461    35.3687    35.3746     2.4486  252.94258     0.0000     0.0000     2.4399     4.7599     4.9989     0.0000     0.0293     0.1090          1 0.0000e+00
   5280.229    322.977    319.839    10.6819    10.6777   3.925126   3.925182    35.3695    35.3739     2.4512  253.41184     0.0000     0.0000     2.4425     4.7597     4.9989     0.0000     0.0293     0.1100          1 0.0000e+00
   5280.729    322.431    319.288    10.6836    10.6806   3.925307   3.925535    35.3700    35.3750     2.4541  254.02244     0.0000     0.0000     2.4454     4.7599     4.9992     0.0000     0.0293     0.1101          1 0.0000e+00
   5281.229    321.852    318.715    10.6846    10.6827   3.925418   3.925744    35.3705    35.3754     2.4575  254.80975     0.0000     0.0000     2.4487     4.7596     4.9991     0.0000     0.0293     0.1096          1 0.0000e+00
   5281.729    321.260    318.127    10.6886    10.6878   3.925826   3.926294    35.3710    35.3762     2.4599  255.24914     0.0000     0.0000     2.4512     4.7600     4.9990     0.0000     0.0293     0.1089          1 0.0000e+00
   5282.229    320.697    317.572    10.6913    10.6883   3.926130   3.926298    35.3717    35.3762     2.4622  255.40909     0.0000     0.0000     2.4534     4.7601     4.9991     0.0000     0.0280     0.1080          1 0.0000e+00
   5282.729    320.173    317.050    10.6914    10.6846   3.926102   3.925883    35.3717    35.3760     2.4640  255.42453     0.0000     0.0000     2.4552     4.7599     4.9992     0.0000     0.0269     0.1071          1 0.0000e+00
   5283.229    319.698    316.578    10.6944    10.6793   3.926523   3.925254    35.3733    35.3753     2.4653  255.32616     0.0000     0.0000     2.4566     4.7600     4.9989     0.0000     0.0283     0.1074          1 0.0000e+00
   5283.729    319.296    316.179    10.6855    10.6823   3.925432   3.925568    35.3714    35.3757     2.4664  255.28844     0.0000     0.0000     2.4577     4.7604     4.9990     0.0000     0.0305     0.1078          1 0.0000e+00
   5284.229    318.972    315.857    10.6790    10.6855   3.924831   3.925935    35.3720    35.3764     2.4677  255.30144     0.0000     0.0000     2.4589     4.7602     4.9988     0.0000     0.0301     0.1085          1 0.0000e+00
   5284.729    318.729    315.621    10.6987    10.6923   3.926815   3.926690    35.3726    35.3775     2.4684  255.15357     0.0000     0.0000     2.4596     4.7604     4.9988     0.0000     0.0293     0.1100          1 0.0000e+00
   5285.229    318.547    315.450    10.6998    10.6967   3.926981   3.927191    35.3732    35.3783     2.4688  255.09549     0.0000     0.0000     2.4600     4.7605     4.9989     0.0000     0.0295     0.1098          1 0.0000e+00
   5285.729    318.368    315.271    10.7027    10.6977   3.927321   3.927267    35.3740    35.3783     2.4694  255.02520     0.0000     0.0000     2.4606     4.7606     4.9989     0.0000     0.0305     0.1089          1 0.0000e+00
   5286.229    318.143    315.046    10.7029    10.6951   3.927350   3.927026    35.3742    35.3786     2.4701  255.04583     0.0000     0.0000     2.4613     4.7605     4.9990     0.0000     0.0304     0.1089          1 0.0000e+00
   5286.729    317.895    314.803    10.7050    10.7027   3.927588   3.927879    35.3748    35.3798     2.4703  255.04131     0.0000     0.0000     2.4615     4.7605     4.9988     0.0000     0.0293     0.1100          1 0.0000e+00
   5287.229    317.630    314.536    10.7023    10.7012   3.927255   3.927620    35.3743    35.3790     2.4713  255.17410     0.0000     0.0000     2.4626     4.7603     4.9989     0.0000     0.0293     0.1100          1 0.0000e+00
   5287.729    317.344    314.260    10.7023    10.6975   3.927237   3.927236    35.3743    35.3789     2.4720  255.31098     0.0000     0.0000     2.4633     4.7609     4.9990     0.0000     0.0304     0.1092          1 0.0000e+00
   5288.229    317.048    313.962    10.7021    10.7005   3.927239   3.927531    35.3747    35.3791     2.4731  255.52783     0.0000     0.0000     2.4644     4.7607     4.9989     0.0000     0.0305     0.1088          1 0.0000e+00
   5288.729    316.751    313.675    10.6995    10.7037   3.926923   3.928016    35.3743    35.3810     2.4748  255.91360     0.0000     0.0000     2.4660     4.7609     4.9991     0.0000     0.0295     0.1080          1 0.0000e+00
   5289.229    316.437    313.357    10.7050    10.7107   3.927510   3.928680    35.3749    35.3809     2.4753  255.97859     0.0000     0.0000     2.4665     4.7614     4.9989     0.0000     0.0293     0.1076          1 0.0000e+00
   5289.729    316.094    313.023    10.7099    10.7108   3.928068   3.928691    35.3760    35.3812     2.4763  256.01989     0.0000     0.0000     2.4675     4.7610     4.9990     0.0000     0.0293     0.1059          1 0.0000e+00
   5290.229    315.726    312.660    10.7105    10.7106   3.928145   3.928665    35.3763    35.3814     2.4768  255.94331     0.0000     0.0000     2.4680     4.7610     4.9990     0.0000     0.0293     0.1052          1 0.0000e+00
   5290.729    315.310    312.247    10.7129    10.7118   3.928377   3.928776    35.3765    35.3816     2.4775  255.92782     0.0000     0.0000     2.4688     4.7610     4.9990     0.0000     0.0293     0.1061          1 0.0000e+00
   5291.229    314.841    311.778    10.7139    10.7133   3.928480   3.928937    35.3768    35.3819     2.4790  256.15343     0.0000     0.0000     2.4702     4.7609     4.9992     0.0000     0.0293     0.1067          1 0.0000e+00
   5291.729    314.326    311.273    10.7150    10.7135   3.928561   3.928904    35.3768    35.3818     2.4802  256.38908     0.0000     0.0000     2.4714     4.7613     4.9990     0.0000     0.0293     0.1073          1 0.0000e+00
   5292.229    313.792    310.739    10.7175    10.7148   3.928809   3.929052    35.3772    35.3822     2.4816  256.68329     0.0000     0.0000     2.4728     4.7613     4.9991     0.0000     0.0293     0.1074          1 0.0000e+00
   5292.729    313.260    310.211    10.7185    10.7162   3.928920   3.929160    35.3776    35.3822     2.4823  256.76216     0.0000     0.0000     2.4735     4.7611     4.9990     0.0000     0.0286     0.1074          1 0.0000e+00
   5293.229    312.768    309.725    10.7182    10.7144   3.928876   3.929011    35.3777    35.3828     2.4836  256.83260     0.0000     0.0000     2.4749     4.7616     4.9991     0.0000     0.0269     0.1067          1 0.0000e+00
   5293.729    312.313    309.267    10.7192    10.7130   3.928961   3.928772    35.3778    35.3820     2.4850  257.01129     0.0000     0.0000     2.4762     4.7615     4.9992     0.0000     0.0276     0.1071          1 0.0000e+00
   5294.229    311.922    308.890    10.7187    10.7141   3.928889   3.928861    35.3778    35.3821     2.4851  256.94721     0.0000     0.0000     2.4763     4.7619     4.9989     0.0000     0.0305     0.1091          1 0.0000e+00
   5294.729    311.599    308.561    10.7176    10.7167   3.928762   3.929133    35.3779    35.3824     2.4858  256.90832     0.0000     0.0000     2.4770     4.7614     4.9990     0.0000     0.0305     0.1092          1 0.0000e+00
   5295.229    311.329    308.301    10.7191    10.7190   3.928907   3.929386    35.3780    35.3827     2.4862  256.78849     0.0000     0.0000     2.4774     4.7619     4.9990     0.0000     0.0293     0.1113          1 0.0000e+00
   5295.729    311.092    308.065    10.7204    10.7188   3.929053   3.929361    35.3783    35.3829     2.4862  256.71314     0.0000     0.0000     2.4774     4.7614     4.9989     0.0000     0.0293     0.1117          1 0.0000e+00
   5296.229    310.849    307.835    10.7220    10.7188   3.929211   3.929351    35.3785    35.3829     2.4863  256.62152     0.0000     0.0000     2.4775     4.7618     4.9990     0.0000     0.0293     0.1090          1 0.0000e+00
   5296.729    310.582    307.564    10.7222    10.7202   3.929235   3.929501    35.3786    35.3833     2.4866  256.57723     0.0000     0.0000     2.4778     4.7620     4.9991     0.0000     0.0293     0.1089          1 0.0000e+00
   5297.229    310.296    307.281    10.7232    10.7210   3.929328   3.929558    35.3787    35.3832     2.4862  256.47840     0.0000     0.0000     2.4774     4.7621     4.9991     0.0000     0.0293     0.1099          1 0.0000e+00
   5297.729    309.997    306.988    10.7210    10.7195   3.929075   3.929403    35.3785    35.3832     2.4860  256.39681     0.0000     0.0000     2.4772     4.7620     4.9989     0.0000     0.0293     0.1101          1 0.0000e+00
   5298.229    309.688    306.678    10.7203    10.7193   3.928987   3.929361    35.3785    35.3832     2.4862  256.34872     0.0000     0.0000     2.4774     4.7623     4.9990     0.0000     0.0293     0.1076          1 0.0000e+00
   5298.729    309.358    306.349    10.7224    10.7231   3.929183   3.929787    35.3786    35.3839     2.4860  256.31854     0.0000     0.0000     2.4772     4.7624     4.9989     0.0000     0.0293     0.1067          1 0.0000e+00
   5299.229    309.021    306.031    10.7248    10.7248   3.929431   3.929924    35.3789    35.3838     2.4863  256.40113     0.0000     0.0000     2.4775     4.7624     4.9992     0.0000     0.0293     0.1075          1 0.0000e+00
   5299.729    308.661    305.660    10.7255    10.7250   3.929501   3.929936    35.3791    35.3839     2.4870  256.59785     0.0000     0.0000     2.4782     4.7625     4.9989     0.0000     0.0293     0.1077          1 0.0000e+00
   5300.229    308.282    305.291    10.7254    10.7256   3.929476   3.929991    35.3791    35.3840     2.4871  256.65811     0.0000     0.0000     2.4783     4.7626     4.9989     0.0000     0.0298     0.1084          1 0.0000e+00
   5300.729    307.878    304.893    10.7259    10.7257   3.929522   3.929974    35.3792    35.3840     2.4875  256.71090     0.0000     0.0000     2.4787     4.7623     4.9989     0.0000     0.0305     0.1090          1 0.0000e+00
   5301.229    307.455    304.469    10.7268    10.7254   3.929576   3.929958    35.3792    35.3843     2.4881  256.76997     0.0000     0.0000     2.4794     4.7625     4.9988     0.0000     0.0302     0.1080          1 0.0000e+00
   5301.729    307.000    304.023    10.7278    10.7261   3.929668   3.929992    35.3793    35.3842     2.4892  257.00291     0.0000     0.0000     2.4805     4.7624     4.9990     0.0000     0.0293     0.1052          1 0.0000e+00
   5302.229    306.535    303.560    10.7283    10.7276   3.929685   3.930118    35.3792    35.3842     2.4897  257.16660     0.0000     0.0000     2.4810     4.7628     4.9990     0.0000     0.0293     0.1061          1 0.0000e+00
   5302.729    306.082    303.108    10.7281    10.7280   3.929646   3.930133    35.3793    35.3842     2.4898  257.12317     0.0000     0.0000     2.4811     4.7626     4.9989     0.0000     0.0293     0.1100          1 0.0000e+00
   5303.229    305.653    302.685    10.7288    10.7286   3.929685   3.930170    35.3792    35.3842     2.4903  257.04123     0.0000     0.0000     2.4816     4.7631     4.9989     0.0000     0.0292     0.1100          1 0.0000e+00
   5303.729    305.241    302.273    10.7293    10.7281   3.929730   3.930099    35.3793    35.3842     2.4909  257.05832     0.0000     0.0000     2.4821     4.7631     4.9989     0.0000     0.0269     0.1090          1 0.0000e+00
   5304.229    304.848    301.892    10.7290    10.7254   3.929697   3.929797    35.3795    35.3841     2.4910  257.04051     0.0000     0.0000     2.4822     4.7630     4.9988     0.0000     0.0269     0.1092          1 0.0000e+00
   5304.729    304.469    301.512    10.7297    10.7270   3.929727   3.929965    35.3793    35.3843     2.4910  257.01285     0.0000     0.0000     2.4823     4.7628     4.9988     0.0000     0.0290     0.1077          1 0.0000e+00
   5305.229    304.100    301.147    10.7302    10.7299   3.929754   3.930218    35.3792    35.3842     2.4911  256.91816     0.0000     0.0000     2.4824     4.7629     4.9989     0.0000     0.0293     0.1077          1 0.0000e+00
   5305.729    303.738    300.791    10.7300    10.7307   3.929716   3.930266    35.3792    35.3841     2.4910  256.86333     0.0000     0.0000     2.4823     4.7631     4.9989     0.0000     0.0293     0.1088          1 0.0000e+00
   5306.229    303.386    300.447    10.7297    10.7303   3.929671   3.930232    35.3793    35.3843     2.4916  256.94502     0.0000     0.0000     2.4829     4.7632     4.9988     0.0000     0.0293     0.1092          1 0.0000e+00
   5306.729    303.064    300.115    10.7300    10.7304   3.929688   3.930230    35.3793    35.3843     2.4920  257.01820     0.0000     0.0000     2.4832     4.7632     4.9988     0.0000     0.0293     0.1080          1 0.0000e+00
   5307.229    302.786    299.845    10.7295    10.7307   3.929623   3.930238    35.3793    35.3843     2.4915  256.96244     0.0000     0.0000     2.4828     4.7631     4.9989     0.0000     0.0293     0.1076          1 0.0000e+00
   5307.729    302.576    299.633    10.7291    10.7304   3.929565   3.930196    35.3792    35.3843     2.4926  257.10373     0.0000     0.0000     2.4838     4.7630     4.9989     0.0000     0.0293     0.1084          1 0.0000e+00
   5308.229    302.459    299.518    10.7296    10.7304   3.929628   3.930208    35.3795    35.3845     2.4935  257.33125     0.0000     0.0000     2.4847     4.7631     4.9989     0.0000     0.0293     0.1090          1 0.0000e+00
   5308.729    302.437    299.500    10.7305    10.7302   3.929697   3.930186    35.3792    35.3844     2.4947  257.69958     0.0000     0.0000     2.4860     4.7635     4.9988     0.0000     0.0293     0.1084          1 0.0000e+00
   5309.229    302.481    299.545    10.7312    10.7311   3.929737   3.930238    35.3790    35.3841     2.4949  257.78216     0.0000     0.0000     2.4862     4.7633     4.9988     0.0000     0.0293     0.1077          1 0.0000e+00
   5309.729    302.543    299.607    10.7312    10.7310   3.929758   3.930253    35.3791    35.3843     2.4949  257.61135     0.0000     0.0000     2.4862     4.7634     4.9991     0.0000     0.0293     0.1074          1 0.0000e+00
