odissea/cruise_data/ce25007/data/ctd/ce25007_004.cnv
* Sea-Bird SBE 9 Data File:
* FileName = C:\CE_CTD_Data\2025_CTD_Data\CE25007\CE25007_004.hdr
* Software Version Seasave V 7.26.7.121
* Temperature SN = 4382
* Conductivity SN = 2796
* Number of Bytes Per Scan = 40
* Number of Voltage Words = 5
* Number of Scans Averaged by the Deck Unit = 1
* NMEA Latitude = 52 59.89 N
* NMEA Longitude = 014 59.47 W
* NMEA UTC (Time) = May 10 2025 00:26:49
* NMEA baud rate = 4800
** Cruise: CE18001
** PSO: Caroline Cusack
** CTD operator:
** Technician:
** Cast No:
** Station:
** Event No:
** Sea state:
** Wind speed:
** Sounding depth
# nquan = 21
# nvalues = 10724                       
# units = specified
# name 0 = timeS: Time, Elapsed [seconds]
# name 1 = prDM: Pressure, Digiquartz [db]
# name 2 = depSM: Depth [salt water, m]
# name 3 = t090C: Temperature [ITS-90, deg C]
# name 4 = t190C: Temperature, 2 [ITS-90, deg C]
# name 5 = c0S/m: Conductivity [S/m]
# name 6 = c1S/m: Conductivity, 2 [S/m]
# name 7 = sal00: Salinity, Practical [PSU]
# name 8 = sal11: Salinity, Practical, 2 [PSU]
# name 9 = sbeox0V: Oxygen raw, SBE 43 [V]
# name 10 = sbeox0Mm/L: Oxygen, SBE 43 [umol/l]
# name 11 = v0: Voltage 0
# name 12 = v1: Voltage 1
# name 13 = v2: Voltage 2
# name 14 = v3: Voltage 3
# name 15 = v4: Voltage 4
# name 16 = v5: Voltage 5
# name 17 = v6: Voltage 6
# name 18 = v7: Voltage 7
# name 19 = pumps: Pump Status
# name 20 = flag: flag
# span 0 =      0.229,   5361.729       
# span 1 =     -0.337,   1521.300       
# span 2 =     -0.341,   1502.387       
# span 3 =     4.3031,    13.7347       
# span 4 =     4.3037,    13.6824       
# span 5 =   0.004012,   4.205372       
# span 6 =   0.039665,   4.203023       
# span 7 =     0.0273,    35.8222       
# span 8 =     0.2469,    35.7050       
# span 9 =     1.8131,     3.2591       
# span 10 =  186.61850,  337.65174      
# span 11 =     0.0000,     0.0000      
# span 12 =     0.0000,     0.0000      
# span 13 =     1.8130,     3.2591      
# span 14 =     0.0036,     4.8409      
# span 15 =     0.4039,     4.9988      
# span 16 =     0.0000,     0.0000      
# span 17 =     0.0195,     0.1147      
# span 18 =     0.0946,     2.7195      
# span 19 =          0,          1      
# span 20 = 0.0000e+00, 0.0000e+00      
# interval = seconds: 0.5               
# start_time = May 10 2025 00:26:49 [NMEA time, header]
# bad_flag = -9.990e-29
*END*
[from data line 4690]
   2345.229   1519.904   1500.992     4.3074     4.3076   3.346507   3.347074    34.9617    34.9681     1.9744  259.34343     0.0000     0.0000     1.9673     4.6799     0.9528     0.0000     0.0354     0.1070          1 0.0000e+00
   2345.729   1520.069   1501.154     4.3076     4.3078   3.346529   3.347087    34.9617    34.9680     1.9741  259.15828     0.0000     0.0000     1.9670     4.6799     0.9431     0.0000     0.0354     0.1075          1 0.0000e+00
   2346.229   1520.260   1501.345     4.3075     4.3080   3.346524   3.347108    34.9616    34.9679     1.9740  259.19754     0.0000     0.0000     1.9669     4.6801     0.9389     0.0000     0.0354     0.1078          1 0.0000e+00
   2346.729   1520.455   1501.543     4.3078     4.3076   3.346573   3.347100    34.9617    34.9681     1.9737  259.11087     0.0000     0.0000     1.9666     4.6800     0.9231     0.0000     0.0354     0.1232          1 0.0000e+00
   2347.229   1520.601   1501.687     4.3075     4.3072   3.346532   3.347072    34.9615    34.9682     1.9736  259.16301     0.0000     0.0000     1.9665     4.6796     0.9167     0.0000     0.0354     0.1331          1 0.0000e+00
   2347.729   1520.668   1501.753     4.3071     4.3074   3.346520   3.347094    34.9619    34.9682     1.9735  259.17511     0.0000     0.0000     1.9664     4.6798     0.9151     0.0000     0.0354     0.1200          1 0.0000e+00
   2348.229   1520.658   1501.744     4.3074     4.3079   3.346542   3.347111    34.9617    34.9678     1.9733  259.17099     0.0000     0.0000     1.9662     4.6793     0.9088     0.0000     0.0354     0.1054          1 0.0000e+00
   2348.729   1520.569   1501.656     4.3078     4.3077   3.346568   3.347093    34.9617    34.9679     1.9737  259.33667     0.0000     0.0000     1.9666     4.6798     0.9193     0.0000     0.0359     0.1059          1 0.0000e+00
   2349.229   1520.428   1501.515     4.3076     4.3076   3.346528   3.347095    34.9615    34.9681     1.9733  259.33787     0.0000     0.0000     1.9662     4.6795     0.9258     0.0000     0.0366     0.1067          1 0.0000e+00
   2349.729   1520.243   1501.329     4.3077     4.3075   3.346530   3.347072    34.9615    34.9680     1.9737  259.46369     0.0000     0.0000     1.9666     4.6795     0.9225     0.0000     0.0361     0.1066          1 0.0000e+00
   2350.229   1520.050   1501.139     4.3078     4.3073   3.346541   3.347042    34.9616    34.9680     1.9736  259.41740     0.0000     0.0000     1.9665     4.6796     0.9376     0.0000     0.0342     0.1065          1 0.0000e+00
   2350.729   1519.886   1500.972     4.3074     4.3073   3.346493   3.347032    34.9615    34.9680     1.9738  259.53414     0.0000     0.0000     1.9667     4.6794     0.9510     0.0000     0.0343     0.1067          1 0.0000e+00
   2351.229   1519.777   1500.864     4.3068     4.3072   3.346447   3.347027    34.9617    34.9680     1.9737  259.49282     0.0000     0.0000     1.9666     4.6794     0.9654     0.0000     0.0354     0.1076          1 0.0000e+00
   2351.729   1519.725   1500.813     4.3066     4.3074   3.346424   3.347033    34.9617    34.9679     1.9739  259.51956     0.0000     0.0000     1.9668     4.6797     0.9707     0.0000     0.0354     0.1075          1 0.0000e+00
   2352.229   1519.735   1500.825     4.3067     4.3074   3.346443   3.347036    34.9618    34.9679     1.9740  259.54362     0.0000     0.0000     1.9669     4.6792     0.9685     0.0000     0.0366     0.1054          1 0.0000e+00
   2352.729   1519.782   1500.876     4.3068     4.3074   3.346445   3.347020    34.9617    34.9678     1.9741  259.65331     0.0000     0.0000     1.9670     4.6795     0.9708     0.0000     0.0366     0.1053          1 0.0000e+00
   2353.229   1519.868   1500.960     4.3069     4.3072   3.346465   3.347023    34.9618    34.9679     1.9742  259.60532     0.0000     0.0000     1.9670     4.6796     0.9670     0.0000     0.0366     0.1063          1 0.0000e+00
   2353.729   1519.956   1501.048     4.3069     4.3070   3.346466   3.347001    34.9618    34.9679     1.9742  259.53126     0.0000     0.0000     1.9670     4.6794     0.9682     0.0000     0.0366     0.1067          1 0.0000e+00
   2354.229   1520.012   1501.104     4.3069     4.3071   3.346464   3.347006    34.9617    34.9678     1.9744  259.56583     0.0000     0.0000     1.9672     4.6799     0.9597     0.0000     0.0357     0.1055          1 0.0000e+00
   2354.729   1520.051   1501.139     4.3071     4.3070   3.346469   3.346996    34.9616    34.9678     1.9746  259.70779     0.0000     0.0000     1.9674     4.6795     0.9688     0.0000     0.0354     0.1053          1 0.0000e+00
   2355.229   1520.109   1501.190     4.3073     4.3070   3.346507   3.346996    34.9617    34.9678     1.9748  259.84004     0.0000     0.0000     1.9676     4.6795     0.9674     0.0000     0.0370     0.1107          1 0.0000e+00
   2355.729   1520.230   1501.312     4.3074     4.3070   3.346529   3.347010    34.9618    34.9679     1.9746  259.73350     0.0000     0.0000     1.9674     4.6794     0.9537     0.0000     0.0379     0.1137          1 0.0000e+00
   2356.229   1520.398   1501.479     4.3076     4.3070   3.346541   3.347028    34.9617    34.9680     1.9752  259.82132     0.0000     0.0000     1.9681     4.6797     0.9496     0.0000     0.0367     0.1103          1 0.0000e+00
   2356.729   1520.609   1501.685     4.3076     4.3071   3.346560   3.347030    34.9617    34.9678     1.9751  259.80638     0.0000     0.0000     1.9680     4.6792     0.9546     0.0000     0.0354     0.1070          1 0.0000e+00
   2357.229   1520.844   1501.923     4.3076     4.3072   3.346565   3.347063    34.9616    34.9679     1.9752  259.91499     0.0000     0.0000     1.9681     4.6793     0.9440     0.0000     0.0359     0.1068          1 0.0000e+00
   2357.729   1521.067   1502.148     4.3078     4.3075   3.346592   3.347102    34.9617    34.9680     1.9747  259.65042     0.0000     0.0000     1.9675     4.6793     0.9349     0.0000     0.0366     0.1070          1 0.0000e+00
   2358.229   1521.214   1502.292     4.3077     4.3074   3.346599   3.347106    34.9618    34.9681     1.9746  259.36657     0.0000     0.0000     1.9674     4.6794     0.9214     0.0000     0.0372     0.1067          1 0.0000e+00
   2358.729   1521.247   1502.331     4.3077     4.3076   3.346588   3.347120    34.9617    34.9680     1.9750  259.55867     0.0000     0.0000     1.9679     4.6795     0.9093     0.0000     0.0391     0.1071          1 0.0000e+00
   2359.229   1521.168   1502.248     4.3076     4.3075   3.346562   3.347115    34.9615    34.9681     1.9743  259.43082     0.0000     0.0000     1.9671     4.6792     0.9223     0.0000     0.0388     0.1067          1 0.0000e+00
   2359.729   1520.988   1502.068     4.3078     4.3072   3.346571   3.347080    34.9615    34.9680     1.9740  259.26810     0.0000     0.0000     1.9668     4.6786     0.9331     0.0000     0.0366     0.1079          1 0.0000e+00
   2360.229   1520.715   1501.800     4.3077     4.3067   3.346544   3.347020    34.9614    34.9681     1.9741  259.04222     0.0000     0.0000     1.9669     4.6786     0.9331     0.0000     0.0366     0.1074          1 0.0000e+00
   2360.729   1520.380   1501.465     4.3074     4.3068   3.346515   3.347014    34.9615    34.9681     1.9741  259.26678     0.0000     0.0000     1.9669     4.6788     0.9477     0.0000     0.0354     0.1069          1 0.0000e+00
   2361.229   1520.015   1501.109     4.3074     4.3070   3.346497   3.347020    34.9615    34.9681     1.9743  259.57404     0.0000     0.0000     1.9671     4.6789     0.9610     0.0000     0.0354     0.1069          1 0.0000e+00
   2361.729   1519.683   1500.768     4.3073     4.3067   3.346469   3.346970    34.9615    34.9679     1.9742  259.57548     0.0000     0.0000     1.9670     4.6786     0.9811     0.0000     0.0365     0.1077          1 0.0000e+00
   2362.229   1519.415   1500.512     4.3071     4.3066   3.346431   3.346941    34.9614    34.9679     1.9743  259.53398     0.0000     0.0000     1.9671     4.6786     1.0078     0.0000     0.0366     0.1075          1 0.0000e+00
   2362.729   1519.207   1500.295     4.3069     4.3069   3.346422   3.346960    34.9616    34.9679     1.9742  259.46070     0.0000     0.0000     1.9670     4.6787     1.0077     0.0000     0.0357     0.1074          1 0.0000e+00
   2363.229   1519.107   1500.202     4.3067     4.3072   3.346404   3.346985    34.9617    34.9679     1.9747  259.65798     0.0000     0.0000     1.9675     4.6789     1.0263     0.0000     0.0354     0.1076          1 0.0000e+00
   2363.729   1519.122   1500.215     4.3069     4.3068   3.346416   3.346957    34.9616    34.9679     1.9744  259.63901     0.0000     0.0000     1.9672     4.6785     1.0351     0.0000     0.0361     0.1085          1 0.0000e+00
   2364.229   1519.248   1500.345     4.3067     4.3066   3.346414   3.346944    34.9617    34.9680     1.9750  259.75490     0.0000     0.0000     1.9678     4.6786     1.0323     0.0000     0.0366     0.1090          1 0.0000e+00
   2364.729   1519.463   1500.555     4.3067     4.3066   3.346420   3.346957    34.9616    34.9680     1.9751  259.85934     0.0000     0.0000     1.9679     4.6788     1.0168     0.0000     0.0366     0.1095          1 0.0000e+00
   2365.229   1519.742   1500.831     4.3070     4.3067   3.346467   3.346977    34.9617    34.9681     1.9751  259.86429     0.0000     0.0000     1.9679     4.6785     1.0140     0.0000     0.0366     0.1100          1 0.0000e+00
   2365.729   1520.057   1501.144     4.3068     4.3066   3.346470   3.346983    34.9618    34.9681     1.9744  259.56104     0.0000     0.0000     1.9672     4.6785     0.9983     0.0000     0.0362     0.1082          1 0.0000e+00
   2366.229   1520.369   1501.456     4.3067     4.3064   3.346459   3.346977    34.9617    34.9680     1.9742  259.20855     0.0000     0.0000     1.9670     4.6787     0.9877     0.0000     0.0354     0.1052          1 0.0000e+00
   2366.729   1520.648   1501.732     4.3068     4.3066   3.346488   3.347006    34.9618    34.9681     1.9740  259.11286     0.0000     0.0000     1.9668     4.6783     0.9688     0.0000     0.0357     0.1060          1 0.0000e+00
   2367.229   1520.886   1501.966     4.3068     4.3065   3.346506   3.347001    34.9618    34.9680     1.9740  259.18282     0.0000     0.0000     1.9668     4.6785     0.9612     0.0000     0.0366     0.1076          1 0.0000e+00
   2367.729   1521.070   1502.148     4.3065     4.3059   3.346466   3.346964    34.9617    34.9681     1.9734  259.09803     0.0000     0.0000     1.9662     4.6783     0.9467     0.0000     0.0365     0.1079          1 0.0000e+00
   2368.229   1521.178   1502.265     4.3062     4.3060   3.346457   3.346984    34.9618    34.9681     1.9738  259.16725     0.0000     0.0000     1.9665     4.6785     0.9459     0.0000     0.0354     0.1101          1 0.0000e+00
   2368.729   1521.188   1502.266     4.3069     4.3066   3.346514   3.347026    34.9617    34.9680     1.9742  259.50855     0.0000     0.0000     1.9669     4.6784     0.9338     0.0000     0.0354     0.1101          1 0.0000e+00
   2369.229   1521.093   1502.171     4.3070     4.3064   3.346503   3.346991    34.9615    34.9678     1.9740  259.60783     0.0000     0.0000     1.9667     4.6783     0.9393     0.0000     0.0354     0.1078          1 0.0000e+00
   2369.729   1520.905   1501.990     4.3071     4.3062   3.346506   3.346972    34.9615    34.9679     1.9738  259.54751     0.0000     0.0000     1.9665     4.6787     0.9432     0.0000     0.0354     0.1077          1 0.0000e+00
   2370.229   1520.641   1501.725     4.3071     4.3062   3.346485   3.346972    34.9614    34.9680     1.9740  259.43177     0.0000     0.0000     1.9667     4.6783     0.9529     0.0000     0.0365     0.1068          1 0.0000e+00
   2370.729   1520.337   1501.415     4.3072     4.3070   3.346482   3.347026    34.9614    34.9680     1.9742  259.52202     0.0000     0.0000     1.9669     4.6783     0.9694     0.0000     0.0366     0.1066          1 0.0000e+00
   2371.229   1520.045   1501.133     4.3073     4.3069   3.346475   3.347003    34.9614    34.9680     1.9742  259.64692     0.0000     0.0000     1.9669     4.6783     0.9895     0.0000     0.0366     0.1083          1 0.0000e+00
   2371.729   1519.812   1500.897     4.3071     4.3068   3.346460   3.346980    34.9615    34.9679     1.9751  259.93540     0.0000     0.0000     1.9679     4.6783     0.9994     0.0000     0.0366     0.1088          1 0.0000e+00
   2372.229   1519.640   1500.732     4.3069     4.3063   3.346442   3.346924    34.9616    34.9679     1.9746  259.92342     0.0000     0.0000     1.9673     4.6785     1.0231     0.0000     0.0359     0.1089          1 0.0000e+00
   2372.729   1519.551   1500.638     4.3069     4.3066   3.346456   3.346948    34.9618    34.9679     1.9749  259.79730     0.0000     0.0000     1.9676     4.6783     1.0177     0.0000     0.0354     0.1091          1 0.0000e+00
   2373.229   1519.562   1500.647     4.3069     4.3068   3.346441   3.346962    34.9617    34.9678     1.9748  259.63705     0.0000     0.0000     1.9675     4.6778     1.0211     0.0000     0.0360     0.1095          1 0.0000e+00
   2373.729   1519.666   1500.754     4.3068     4.3068   3.346435   3.346972    34.9616    34.9679     1.9751  259.68895     0.0000     0.0000     1.9679     4.6780     1.0220     0.0000     0.0366     0.1100          1 0.0000e+00
   2374.229   1519.833   1500.925     4.3069     4.3065   3.346455   3.346961    34.9617    34.9680     1.9748  259.71343     0.0000     0.0000     1.9675     4.6783     1.0214     0.0000     0.0361     0.1095          1 0.0000e+00
   2374.729   1520.012   1501.106     4.3069     4.3063   3.346466   3.346948    34.9617    34.9680     1.9753  259.76841     0.0000     0.0000     1.9681     4.6782     1.0124     0.0000     0.0354     0.1076          1 0.0000e+00
   2375.229   1520.154   1501.245     4.3071     4.3063   3.346482   3.346957    34.9617    34.9680     1.9744  259.47916     0.0000     0.0000     1.9671     4.6783     1.0041     0.0000     0.0354     0.1078          1 0.0000e+00
   2375.729   1520.257   1501.345     4.3071     4.3066   3.346493   3.346974    34.9617    34.9679     1.9745  259.33663     0.0000     0.0000     1.9672     4.6781     1.0024     0.0000     0.0354     0.1079          1 0.0000e+00
   2376.229   1520.330   1501.420     4.3067     4.3065   3.346457   3.346964    34.9617    34.9677     1.9743  259.25102     0.0000     0.0000     1.9670     4.6785     0.9872     0.0000     0.0354     0.1080          1 0.0000e+00
   2376.729   1520.373   1501.458     4.3067     4.3064   3.346460   3.346960    34.9617    34.9678     1.9744  259.32011     0.0000     0.0000     1.9671     4.6778     0.9879     0.0000     0.0354     0.1103          1 0.0000e+00
   2377.229   1520.404   1501.485     4.3067     4.3065   3.346469   3.346973    34.9617    34.9678     1.9742  259.46351     0.0000     0.0000     1.9669     4.6783     0.9938     0.0000     0.0354     0.1104          1 0.0000e+00
   2377.729   1520.432   1501.518     4.3068     4.3065   3.346474   3.346979    34.9617    34.9679     1.9743  259.43815     0.0000     0.0000     1.9670     4.6783     0.9891     0.0000     0.0354     0.1079          1 0.0000e+00
   2378.229   1520.442   1501.525     4.3067     4.3065   3.346465   3.346970    34.9617    34.9678     1.9743  259.50507     0.0000     0.0000     1.9670     4.6780     0.9872     0.0000     0.0354     0.1076          1 0.0000e+00
   2378.729   1520.423   1501.510     4.3061     4.3066   3.346415   3.346979    34.9618    34.9678     1.9740  259.43391     0.0000     0.0000     1.9667     4.6779     0.9933     0.0000     0.0354     0.1099          1 0.0000e+00
