odissea/cruise_data/ce25007/data/ctd/ce25007_028.cnv
* Sea-Bird SBE 9 Data File:
* FileName = C:\CE_CTD_Data\2025_CTD_Data\CE25007\CE25007_028.hdr
* Software Version Seasave V 7.26.7.121
* Temperature SN = 4382
* Conductivity SN = 2796
* Number of Bytes Per Scan = 40
* Number of Voltage Words = 5
* Number of Scans Averaged by the Deck Unit = 1
* NMEA Latitude = 54 30.09 N
* NMEA Longitude = 022 29.13 W
* NMEA UTC (Time) = May 16 2025 18:25:33
* NMEA baud rate = 4800
** Cruise: CE18001
** PSO: Caroline Cusack
** CTD operator:
** Technician:
** Cast No:
** Station:
** Event No:
** Sea state:
** Wind speed:
** Sounding depth
# nquan = 21
# nvalues = 434                         
# units = specified
# name 0 = timeS: Time, Elapsed [seconds]
# name 1 = prDM: Pressure, Digiquartz [db]
# name 2 = depSM: Depth [salt water, m]
# name 3 = t090C: Temperature [ITS-90, deg C]
# name 4 = t190C: Temperature, 2 [ITS-90, deg C]
# name 5 = c0S/m: Conductivity [S/m]
# name 6 = c1S/m: Conductivity, 2 [S/m]
# name 7 = sal00: Salinity, Practical [PSU]
# name 8 = sal11: Salinity, Practical, 2 [PSU]
# name 9 = sbeox0V: Oxygen raw, SBE 43 [V]
# name 10 = sbeox0Mm/L: Oxygen, SBE 43 [umol/l]
# name 11 = v0: Voltage 0
# name 12 = v1: Voltage 1
# name 13 = v2: Voltage 2
# name 14 = v3: Voltage 3
# name 15 = v4: Voltage 4
# name 16 = v5: Voltage 5
# name 17 = v6: Voltage 6
# name 18 = v7: Voltage 7
# name 19 = pumps: Pump Status
# name 20 = flag: flag
# span 0 =      0.229,    216.729       
# span 1 =     -0.339,     14.278       
# span 2 =     -0.357,     14.170       
# span 3 =    11.6126,    14.0528       
# span 4 =    11.6128,    14.1333       
# span 5 =   0.019246,   4.060633       
# span 6 =   0.115865,   4.092260       
# span 7 =     0.1172,    35.8381       
# span 8 =     0.7397,    36.1293       
# span 9 =     2.1738,     2.8082       
# span 10 =  199.16741,  340.57700      
# span 11 =     0.0000,     0.0000      
# span 12 =     0.0000,     0.0000      
# span 13 =     2.1738,     2.8082      
# span 14 =     0.0391,     4.8452      
# span 15 =     0.0247,     4.9990      
# span 16 =     0.0000,     0.0000      
# span 17 =     0.0060,     4.9459      
# span 18 =     0.0860,     3.0464      
# span 19 =          0,          1      
# span 20 = 0.0000e+00, 0.0000e+00      
# interval = seconds: 0.5               
# start_time = May 16 2025 18:25:33 [NMEA time, header]
# bad_flag = -9.990e-29
*END*
[from data line 276]
    138.229      9.533      9.455    11.6354    11.6354   3.984441   3.985045    35.1886    35.1945     2.8040  281.38692     0.0000     0.0000     2.8039     4.3394     4.9971     0.0000     0.3297     0.1348          1 0.0000e+00
    138.729      9.377      9.302    11.6356    11.6359   3.984441   3.985103    35.1884    35.1947     2.8035  281.24707     0.0000     0.0000     2.8034     4.3394     4.9968     0.0000     0.3294     0.1352          1 0.0000e+00
    139.229      9.127      9.054    11.6350    11.6348   3.984356   3.984959    35.1883    35.1945     2.8038  281.23427     0.0000     0.0000     2.8037     4.3388     4.9965     0.0000     0.3272     0.1366          1 0.0000e+00
    139.729      8.797      8.723    11.6305    11.6306   3.983887   3.984526    35.1882    35.1944     2.8035  281.17067     0.0000     0.0000     2.8034     4.3368     4.9887     0.0000     0.3272     0.1366          1 0.0000e+00
    140.229      8.394      8.319    11.6280    11.6287   3.983654   3.984344    35.1886    35.1947     2.8036  281.19405     0.0000     0.0000     2.8035     4.3326     4.6173     0.0000     0.3339     0.1328          1 0.0000e+00
    140.729      7.923      7.858    11.6319    11.6329   3.984028   3.984767    35.1887    35.1950     2.8036  281.18124     0.0000     0.0000     2.8035     4.3372     4.9964     0.0000     0.3358     0.1324          1 0.0000e+00
    141.229      7.411      7.348    11.6352    11.6329   3.984309   3.984704    35.1884    35.1945     2.8036  281.12851     0.0000     0.0000     2.8035     4.3390     4.9966     0.0000     0.3421     0.1335          1 0.0000e+00
    141.729      6.860      6.806    11.6360    11.6328   3.984383   3.984692    35.1887    35.1948     2.8043  281.25222     0.0000     0.0000     2.8042     4.3360     4.9968     0.0000     0.3431     0.1335          1 0.0000e+00
    142.229      6.263      6.208    11.6365    11.6355   3.984407   3.984933    35.1887    35.1948     2.8048  281.39709     0.0000     0.0000     2.8047     4.3350     4.9966     0.0000     0.3369     0.1338          1 0.0000e+00
    142.729      5.651      5.602    11.6369    11.6364   3.984425   3.984982    35.1888    35.1947     2.8057  281.60465     0.0000     0.0000     2.8057     4.3334     4.9967     0.0000     0.3346     0.1335          1 0.0000e+00
    143.229      5.080      5.020    11.6367    11.6368   3.984364   3.985001    35.1887    35.1947     2.8066  281.78592     0.0000     0.0000     2.8066     4.3340     4.9966     0.0000     0.3353     0.1346          1 0.0000e+00
    143.729      4.590      4.542    11.6369    11.6368   3.984362   3.984961    35.1886    35.1947     2.8070  281.81606     0.0000     0.0000     2.8070     4.3346     4.9965     0.0000     0.3358     0.1347          1 0.0000e+00
    144.229      4.212      4.163    11.6368    11.6370   3.984336   3.984968    35.1887    35.1947     2.8074  281.81743     0.0000     0.0000     2.8074     4.3353     4.9965     0.0000     0.3290     0.1332          1 0.0000e+00
    144.729      3.970      3.920    11.6369    11.6371   3.984348   3.984975    35.1888    35.1948     2.8078  281.77109     0.0000     0.0000     2.8078     4.3320     4.9965     0.0000     0.3211     0.1313          1 0.0000e+00
    145.229      3.861      3.820    11.6369    11.6372   3.984329   3.984973    35.1887    35.1948     2.8082  281.74555     0.0000     0.0000     2.8082     4.3211     4.9967     0.0000     0.3228     0.1327          1 0.0000e+00
    145.729      3.847      3.803    11.6370    11.6371   3.984360   3.984958    35.1889    35.1947     2.8075  281.60271     0.0000     0.0000     2.8075     4.3293     4.9967     0.0000     0.3261     0.1347          1 0.0000e+00
    146.229      3.886      3.854    11.6371    11.6370   3.984326   3.984966    35.1885    35.1948     2.8065  281.27981     0.0000     0.0000     2.8065     4.3351     4.9965     0.0000     0.3224     0.1350          1 0.0000e+00
    146.729      3.902      3.876    11.6371    11.6370   3.984337   3.984961    35.1886    35.1948     2.8067  281.15136     0.0000     0.0000     2.8067     4.3359     4.9969     0.0000     0.3090     0.1351          1 0.0000e+00
    147.229      3.811      3.788    11.6370    11.6370   3.984335   3.984951    35.1887    35.1948     2.8063  281.11057     0.0000     0.0000     2.8063     4.3354     4.9969     0.0000     0.3087     0.1354          1 0.0000e+00
    147.729      3.624      3.598    11.6372    11.6371   3.984339   3.984948    35.1887    35.1947     2.8058  281.11995     0.0000     0.0000     2.8058     4.3337     4.9969     0.0000     0.3024     0.1382          1 0.0000e+00
    148.229      3.353      3.328    11.6370    11.6369   3.984310   3.984921    35.1887    35.1948     2.8056  281.11179     0.0000     0.0000     2.8056     4.3344     4.9966     0.0000     0.3025     0.1389          1 0.0000e+00
    148.729      2.984      2.964    11.6368    11.6370   3.984279   3.984913    35.1887    35.1948     2.8060  281.14476     0.0000     0.0000     2.8060     4.3351     4.9967     0.0000     0.3216     0.1327          1 0.0000e+00
    149.229      2.573      2.551    11.6363    11.6367   3.984199   3.984856    35.1886    35.1947     2.8059  281.24368     0.0000     0.0000     2.8059     4.3284     4.9967     0.0000     0.3223     0.1328          1 0.0000e+00
    149.729      2.161      2.140    11.6357    11.6364   3.984124   3.984814    35.1887    35.1948     2.8059  281.27180     0.0000     0.0000     2.8059     4.3281     4.9969     0.0000     0.3139     0.1361          1 0.0000e+00
    150.229      1.751      1.734    11.6354    11.6364   3.984079   3.984790    35.1887    35.1948     2.8067  281.40474     0.0000     0.0000     2.8067     4.3355     4.9969     0.0000     0.3126     0.1368          1 0.0000e+00
    150.729      1.371      1.351    11.6356    11.6362   3.984072   3.984732    35.1886    35.1946     2.8070  281.49334     0.0000     0.0000     2.8070     4.3347     4.9965     0.0000     0.3028     0.1372          1 0.0000e+00
    151.229      1.064      1.041    11.6355    11.6356   3.984055   3.984667    35.1887    35.1947     2.8068  281.47293     0.0000     0.0000     2.8068     4.3347     4.9966     0.0000     0.2985     0.1372          1 0.0000e+00
    151.729      0.886      0.875    11.6350    11.6355   3.984006   3.984653    35.1887    35.1947     2.8070  281.43217     0.0000     0.0000     2.8070     4.3349     4.9967     0.0000     0.2926     0.1355          1 0.0000e+00
    152.229      0.707      0.720    11.6354    11.6355   3.984028   3.984657    35.1887    35.1948     2.8067  281.27563     0.0000     0.0000     2.8067     4.3350     4.9966     0.0000     0.2882     0.1348          1 0.0000e+00
    152.729      0.376      0.355    11.6352    11.6360   3.983992   3.984677    35.1887    35.1947     2.8069  281.31107     0.0000     0.0000     2.8069     4.3343     4.9967     0.0000     0.2870     0.1335          1 0.0000e+00
    153.229      0.200      0.195    11.6362    11.6365   3.984010   3.984606    35.1880    35.1936     2.8057  281.05119     0.0000     0.0000     2.8057     4.3146     4.9967     0.0000     0.2857     0.1314          1 0.0000e+00
    153.729      0.034      0.052    11.6378    11.6373   3.978806   3.984218    35.1352    35.1890     2.8048  280.85713     0.0000     0.0000     2.8047     4.2851     2.5289     0.0000     0.2732     0.3470          1 0.0000e+00
    154.229     -0.245     -0.276    11.6456    11.6391   2.724518   2.854681    23.6279    24.7689     2.8047  302.92766     0.0000     0.0000     2.8046     3.4132     4.4795     0.0000     0.2558     0.8007          1 0.0000e+00
    154.729     -0.250     -0.244    11.7511    11.6825   0.770594   0.814791     5.8533     6.2270     2.8040  336.83124     0.0000     0.0000     2.8039     3.0743     4.1807     0.0000     0.2330     0.9819          1 0.0000e+00
    155.229     -0.277     -0.276    11.7062    11.6599   0.726759   0.778795     5.5086     5.9330     2.8029  337.75028     0.0000     0.0000     2.8028     3.2968     3.4873     0.0000     0.1385     1.7409          1 0.0000e+00
    155.729     -0.236     -0.234    11.6851    11.6455   0.463299   0.482877     3.4183     3.5716     2.7947  340.57700     0.0000     0.0000     2.7947     3.7465     4.5371     0.0000     0.4325     1.6493          0 0.0000e+00
    156.229     -0.224     -0.215    11.6762    11.6759   0.200087   0.465866     1.3986     3.4536     2.7703  338.25225     0.0000     0.0000     2.7702     4.5814     4.9990     0.0000     4.9459     0.2556          0 0.0000e+00
    156.729     -0.273     -0.283    11.7559    11.7010   0.168315   0.810869     1.1608     6.1914     2.7420  328.67371     0.0000     0.0000     2.7420     4.7018     4.2413     0.0000     4.9299     0.2632          0 0.0000e+00
    157.229     -0.225     -0.206    11.8022    11.6807   0.147790   1.229709     1.0106     9.8653     2.7188  320.75068     0.0000     0.0000     2.7188     4.7627     4.9959     0.0000     0.3330     0.1316          0 0.0000e+00
    157.729     -0.288     -0.305    11.7961    11.6974   0.223247   2.117691     1.5614    17.4982     2.7029  316.72298     0.0000     0.0000     2.7029     4.8430     4.9965     0.0000     0.0366     0.1233          0 0.0000e+00
    158.229     -0.222     -0.202    11.9422    11.7344   0.195741   2.929353     1.3518    25.1077     2.6938  317.77031     0.0000     0.0000     2.6937     4.8451     4.5047     0.0000     0.0208     0.1293          0 0.0000e+00
    158.729     -0.261     -0.276    11.8625    11.6929   0.219394   3.984790     1.5318    35.1412     2.6874  320.51333     0.0000     0.0000     2.6873     4.8445     4.9962     0.0000     0.0159     0.1306          0 0.0000e+00
    159.229     -0.226     -0.208    11.9321    11.6595   0.222548   3.808119     1.5494    33.4720     2.6825  321.96374     0.0000     0.0000     2.6824     4.8449     4.9440     0.0000     0.0099     0.1051          0 0.0000e+00
    159.729     -0.274     -0.283    11.8756    11.6548   0.277326   2.027567     1.9611    16.8429     2.6782  322.29514     0.0000     0.0000     2.6782     4.8451     4.9971     0.0000     0.0073     0.0934          0 0.0000e+00
    160.229     -0.339     -0.357    11.9585    11.6492   0.233699   0.588844     1.6311     4.4044     2.6750  322.67858     0.0000     0.0000     2.6749     4.8450     4.9964     0.0000     0.0222     0.1031          0 0.0000e+00
    160.729     -0.261     -0.216    11.9450    11.6528   0.259078   0.772188     1.8205     5.8845     2.6722  322.43381     0.0000     0.0000     2.6722     4.7749     4.9966     0.0000     0.0342     0.1103          0 0.0000e+00
    161.229     -0.252     -0.270    11.9229    11.6804   0.259488   0.929400     1.8272     7.1721     2.6701  322.65663     0.0000     0.0000     2.6700     4.5597     4.9966     0.0000     0.0278     0.1126          0 0.0000e+00
    161.729     -0.211     -0.208    12.0047    11.7023   0.301431   1.066864     2.1392     8.3199     2.6683  321.52759     0.0000     0.0000     2.6683     4.6520     4.9965     0.0000     0.0195     0.1151          0 0.0000e+00
    162.229     -0.236     -0.224    12.0820    11.7251   0.342749   1.069461     2.4377     8.3308     2.6669  320.47388     0.0000     0.0000     2.6669     4.7246     4.9966     0.0000     0.0180     0.1191          0 0.0000e+00
    162.729     -0.283     -0.289    12.1488    11.7275   0.320553   0.825009     2.2660     6.3018     2.6645  320.06532     0.0000     0.0000     2.6644     4.8007     4.9965     0.0000     0.0147     0.1270          0 0.0000e+00
    163.229     -0.265     -0.268    12.2072    11.7565   0.281151   0.559037     1.9670     4.1494     2.6615  319.64746     0.0000     0.0000     2.6615     4.8183     4.9965     0.0000     0.0186     0.1307          0 0.0000e+00
    163.729     -0.236     -0.242    12.2677    11.8122   0.255415   0.461007     1.7723     3.3711     2.6586  318.89960     0.0000     0.0000     2.6585     4.8452     4.9965     0.0000     0.0365     0.1466          0 0.0000e+00
    164.229     -0.166     -0.132    12.3227    11.8041   0.256515   0.458668     1.7791     3.3542     2.6562  317.98819     0.0000     0.0000     2.6562     4.8448     4.9967     0.0000     0.0370     0.1444          0 0.0000e+00
    164.729     -0.227     -0.241    12.3330    11.7853   0.317894   0.452946     2.2323     3.3106     2.6544  316.88373     0.0000     0.0000     2.6544     4.8444     4.9969     0.0000     0.0467     0.1090          0 0.0000e+00
    165.229     -0.271     -0.270    12.3451    11.7490   0.281451   0.458864     1.9610     3.3617     2.6529  317.34817     0.0000     0.0000     2.6528     4.8313     4.9964     0.0000     0.0466     0.1093          0 0.0000e+00
    165.729     -0.273     -0.278    12.3664    11.7635   0.231815   0.431239     1.5960     3.1455     2.6520  318.05812     0.0000     0.0000     2.6519     4.8240     4.9966     0.0000     0.0255     0.1318          0 0.0000e+00
    166.229     -0.229     -0.227    12.3800    11.7841   0.214673   0.520319     1.4706     3.8424     2.6509  318.26216     0.0000     0.0000     2.6509     4.7966     4.9969     0.0000     0.0244     0.1331          0 0.0000e+00
    166.729     -0.197     -0.188    12.3909    11.8038   0.196711   0.604190     1.3407     4.5011     2.6508  318.65446     0.0000     0.0000     2.6508     4.8036     4.9969     0.0000     0.0182     0.1099          0 0.0000e+00
    167.229     -0.219     -0.218    12.3824    11.8168   0.215955   0.436227     1.4803     3.1781     2.6508  318.64900     0.0000     0.0000     2.6508     4.8118     4.9967     0.0000     0.0171     0.1045          0 0.0000e+00
    167.729     -0.272     -0.270    12.3850    11.8248   0.230731   0.480980     1.5883     3.5256     2.6504  318.48058     0.0000     0.0000     2.6504     4.7548     4.9968     0.0000     0.0197     0.1077          0 0.0000e+00
    168.229     -0.295     -0.296    12.3979    11.8670   0.205440   0.368265     1.4042     2.6492     2.6505  318.86262     0.0000     0.0000     2.6505     4.7323     4.9965     0.0000     0.0208     0.1092          0 0.0000e+00
    168.729     -0.266     -0.266    12.4147    11.8995   0.190093   0.412922     1.2931     2.9905     2.6507  319.02168     0.0000     0.0000     2.6507     4.6736     4.9967     0.0000     0.0242     0.1098          0 0.0000e+00
    169.229     -0.244     -0.235    12.4281    11.9261   0.186013   0.554741     1.2646     4.0929     2.6505  318.96799     0.0000     0.0000     2.6505     4.6474     4.9966     0.0000     0.0269     0.1101          0 0.0000e+00
    169.729     -0.276     -0.267    12.4306    11.9423   0.215579   0.478112     1.4775     3.4921     2.6507  318.60589     0.0000     0.0000     2.6507     4.6086     4.9966     0.0000     0.0242     0.1093          0 0.0000e+00
    170.229     -0.316     -0.322    12.4355    11.9499   0.199695   0.331131     1.3626     2.3603     2.6502  318.67186     0.0000     0.0000     2.6502     4.5938     4.9966     0.0000     0.0208     0.1078          0 0.0000e+00
    170.729     -0.313     -0.315    12.4462    11.9834   0.186233   0.344950     1.2653     2.4629     2.6499  318.68301     0.0000     0.0000     2.6499     4.5857     4.9965     0.0000     0.0249     0.1195          0 0.0000e+00
    171.229     -0.270     -0.265    12.4581    11.9792   0.151734   0.234599     1.0190     1.6370     2.6501  319.06330     0.0000     0.0000     2.6501     4.5309     4.9968     0.0000     0.0342     0.1453          0 0.0000e+00
    171.729     -0.241     -0.228    12.4726    11.9760   0.127491   0.241701     0.8479     1.6896     2.6501  319.38257     0.0000     0.0000     2.6501     4.5465     4.9969     0.0000     0.0284     0.1444          0 0.0000e+00
