odissea/cruise_data/ce25007/data/ctd/ce25007_018.cnv
* Sea-Bird SBE 9 Data File:
* FileName = C:\CE_CTD_Data\2025_CTD_Data\CE25007\CE25007_018.hdr
* Software Version Seasave V 7.26.7.121
* Temperature SN = 4382
* Conductivity SN = 2796
* Number of Bytes Per Scan = 40
* Number of Voltage Words = 5
* Number of Scans Averaged by the Deck Unit = 1
* NMEA Latitude = 54 34.24 N
* NMEA Longitude = 018 21.48 W
* NMEA UTC (Time) = May 15 2025 00:17:55
* NMEA baud rate = 4800
** Cruise: CE18001
** PSO: Caroline Cusack
** CTD operator:
** Technician:
** Cast No:
** Station:
** Event No:
** Sea state:
** Wind speed:
** Sounding depth
# nquan = 21
# nvalues = 11521                       
# units = specified
# name 0 = timeS: Time, Elapsed [seconds]
# name 1 = prDM: Pressure, Digiquartz [db]
# name 2 = depSM: Depth [salt water, m]
# name 3 = t090C: Temperature [ITS-90, deg C]
# name 4 = t190C: Temperature, 2 [ITS-90, deg C]
# name 5 = c0S/m: Conductivity [S/m]
# name 6 = c1S/m: Conductivity, 2 [S/m]
# name 7 = sal00: Salinity, Practical [PSU]
# name 8 = sal11: Salinity, Practical, 2 [PSU]
# name 9 = sbeox0V: Oxygen raw, SBE 43 [V]
# name 10 = sbeox0Mm/L: Oxygen, SBE 43 [umol/l]
# name 11 = v0: Voltage 0
# name 12 = v1: Voltage 1
# name 13 = v2: Voltage 2
# name 14 = v3: Voltage 3
# name 15 = v4: Voltage 4
# name 16 = v5: Voltage 5
# name 17 = v6: Voltage 6
# name 18 = v7: Voltage 7
# name 19 = pumps: Pump Status
# name 20 = flag: flag
# span 0 =      0.229,   5760.167       
# span 1 =     -0.236,   1285.097       
# span 2 =     -0.239,   1269.655       
# span 3 =     4.6690,    14.9852       
# span 4 =     4.6697,    15.2087       
# span 5 =   0.053692,   4.341075       
# span 6 =   0.165991,   4.391383       
# span 7 =     0.3384,    36.4714       
# span 8 =     1.1240,    36.2196       
# span 9 =     1.8413,     2.8882       
# span 10 =  198.80089,  328.22748      
# span 11 =     0.0000,     0.0000      
# span 12 =     0.0000,     0.0000      
# span 13 =     1.8410,     2.8882      
# span 14 =     0.0036,     4.8058      
# span 15 =     0.1989,     5.0000      
# span 16 =     0.0000,     0.0000      
# span 17 =     0.0098,     0.4384      
# span 18 =     0.0816,     3.6610      
# span 19 =          0,          1      
# span 20 = 0.0000e+00, 0.0000e+00      
# interval = seconds: 0.5               
# start_time = May 15 2025 00:17:55 [NMEA time, header]
# bad_flag = -9.990e-29
*END*
[from data line 4828]
   2414.229   1213.767   1199.371     5.0935     5.0962   3.411371   3.412412    35.0407    35.0498     2.0016  248.97207     0.0000     0.0000     1.9951     4.6802     3.7119     0.0000     0.0345     0.1127          1 0.0000e+00
   2414.729   1213.962   1199.568     5.0940     5.0978   3.411369   3.412580    35.0400    35.0498     2.0014  248.82777     0.0000     0.0000     1.9949     4.6801     3.6994     0.0000     0.0379     0.1148          1 0.0000e+00
   2415.229   1214.110   1199.717     5.0948     5.0980   3.411402   3.412574    35.0395    35.0495     2.0010  248.56159     0.0000     0.0000     1.9945     4.6802     3.6877     0.0000     0.0379     0.1148          1 0.0000e+00
   2415.729   1214.148   1199.756     5.0953     5.0967   3.411420   3.412480    35.0391    35.0498     2.0013  248.56399     0.0000     0.0000     1.9947     4.6801     3.6826     0.0000     0.0359     0.1126          1 0.0000e+00
   2416.229   1214.095   1199.698     5.0948     5.0972   3.411472   3.412499    35.0403    35.0496     2.0012  248.60338     0.0000     0.0000     1.9946     4.6800     3.6841     0.0000     0.0358     0.1126          1 0.0000e+00
   2416.729   1213.968   1199.576     5.0948     5.0974   3.411477   3.412528    35.0404    35.0497     2.0017  248.87158     0.0000     0.0000     1.9951     4.6800     3.6864     0.0000     0.0345     0.1125          1 0.0000e+00
   2417.229   1213.795   1199.398     5.0945     5.0950   3.411462   3.412281    35.0407    35.0496     2.0017  248.95155     0.0000     0.0000     1.9951     4.6801     3.7007     0.0000     0.0342     0.1124          1 0.0000e+00
   2417.729   1213.605   1199.209     5.0938     5.0947   3.411461   3.412248    35.0415    35.0496     2.0017  248.94893     0.0000     0.0000     1.9951     4.6802     3.7029     0.0000     0.0358     0.1099          1 0.0000e+00
   2418.229   1213.438   1199.043     5.0941     5.0950   3.411471   3.412270    35.0414    35.0496     2.0017  248.87108     0.0000     0.0000     1.9951     4.6800     3.7115     0.0000     0.0356     0.1089          1 0.0000e+00
   2418.729   1213.325   1198.925     5.0944     5.0953   3.411462   3.412279    35.0410    35.0495     2.0017  248.77296     0.0000     0.0000     1.9951     4.6799     3.7215     0.0000     0.0347     0.1112          1 0.0000e+00
   2419.229   1213.286   1198.891     5.0942     5.0951   3.411471   3.412275    35.0413    35.0496     2.0014  248.65861     0.0000     0.0000     1.9948     4.6798     3.7231     0.0000     0.0342     0.1124          1 0.0000e+00
   2419.729   1213.321   1198.931     5.0943     5.0952   3.411488   3.412277    35.0415    35.0496     2.0015  248.65400     0.0000     0.0000     1.9949     4.6800     3.7245     0.0000     0.0342     0.1124          1 0.0000e+00
   2420.229   1213.406   1199.010     5.0943     5.0949   3.411490   3.412270    35.0414    35.0497     2.0015  248.64413     0.0000     0.0000     1.9949     4.6803     3.7240     0.0000     0.0342     0.1124          1 0.0000e+00
   2420.729   1213.536   1199.142     5.0942     5.0952   3.411496   3.412299    35.0415    35.0496     2.0017  248.81919     0.0000     0.0000     1.9951     4.6801     3.7147     0.0000     0.0342     0.1124          1 0.0000e+00
   2421.229   1213.694   1199.291     5.0941     5.0950   3.411501   3.412287    35.0416    35.0497     2.0016  248.87119     0.0000     0.0000     1.9950     4.6797     3.7124     0.0000     0.0342     0.1123          1 0.0000e+00
   2421.729   1213.877   1199.484     5.0939     5.0958   3.411519   3.412379    35.0419    35.0498     2.0017  248.86270     0.0000     0.0000     1.9951     4.6802     3.7047     0.0000     0.0347     0.1119          1 0.0000e+00
   2422.229   1214.055   1199.656     5.0941     5.0971   3.411502   3.412511    35.0414    35.0498     2.0017  248.80119     0.0000     0.0000     1.9951     4.6799     3.6958     0.0000     0.0363     0.1100          1 0.0000e+00
   2422.729   1214.192   1199.803     5.0948     5.0971   3.411511   3.412512    35.0408    35.0497     2.0014  248.73399     0.0000     0.0000     1.9948     4.6799     3.6830     0.0000     0.0360     0.1102          1 0.0000e+00
   2423.229   1214.236   1199.837     5.0946     5.0962   3.411523   3.412424    35.0411    35.0498     2.0011  248.59145     0.0000     0.0000     1.9945     4.6801     3.6791     0.0000     0.0364     0.1113          1 0.0000e+00
   2423.729   1214.190   1199.795     5.0944     5.0965   3.411551   3.412452    35.0416    35.0498     2.0013  248.48616     0.0000     0.0000     1.9947     4.6795     3.6809     0.0000     0.0357     0.1111          1 0.0000e+00
   2424.229   1214.076   1199.677     5.0945     5.0966   3.411536   3.412449    35.0414    35.0496     2.0009  248.48086     0.0000     0.0000     1.9943     4.6799     3.6838     0.0000     0.0343     0.1124          1 0.0000e+00
   2424.729   1213.917   1199.519     5.0944     5.0959   3.411536   3.412382    35.0416    35.0497     2.0014  248.69287     0.0000     0.0000     1.9948     4.6801     3.6904     0.0000     0.0342     0.1123          1 0.0000e+00
   2425.229   1213.740   1199.346     5.0944     5.0958   3.411529   3.412360    35.0415    35.0496     2.0012  248.76278     0.0000     0.0000     1.9946     4.6801     3.6966     0.0000     0.0342     0.1163          1 0.0000e+00
   2425.729   1213.573   1199.173     5.0946     5.0957   3.411511   3.412352    35.0412    35.0497     2.0017  248.90456     0.0000     0.0000     1.9951     4.6800     3.7052     0.0000     0.0342     0.1171          1 0.0000e+00
   2426.229   1213.461   1199.067     5.0947     5.0957   3.411519   3.412342    35.0413    35.0497     2.0017  249.02672     0.0000     0.0000     1.9951     4.6801     3.7134     0.0000     0.0342     0.1148          1 0.0000e+00
   2426.729   1213.417   1199.017     5.0949     5.0956   3.411533   3.412327    35.0413    35.0496     2.0017  248.94151     0.0000     0.0000     1.9951     4.6801     3.7192     0.0000     0.0342     0.1136          1 0.0000e+00
   2427.229   1213.445   1199.048     5.0949     5.0956   3.411552   3.412336    35.0414    35.0497     2.0017  248.85009     0.0000     0.0000     1.9951     4.6798     3.7183     0.0000     0.0342     0.1128          1 0.0000e+00
   2427.729   1213.524   1199.131     5.0949     5.0956   3.411557   3.412335    35.0415    35.0497     2.0016  248.74541     0.0000     0.0000     1.9950     4.6802     3.7159     0.0000     0.0342     0.1125          1 0.0000e+00
   2428.229   1213.635   1199.243     5.0948     5.0956   3.411579   3.412349    35.0418    35.0498     2.0015  248.71501     0.0000     0.0000     1.9949     4.6796     3.7102     0.0000     0.0342     0.1124          1 0.0000e+00
   2428.729   1213.748   1199.353     5.0948     5.0959   3.411574   3.412368    35.0417    35.0497     2.0015  248.66934     0.0000     0.0000     1.9949     4.6798     3.7038     0.0000     0.0342     0.1123          1 0.0000e+00
   2429.229   1213.839   1199.447     5.0947     5.0961   3.411592   3.412395    35.0419    35.0497     2.0009  248.49245     0.0000     0.0000     1.9943     4.6802     3.6994     0.0000     0.0342     0.1124          1 0.0000e+00
   2429.729   1213.890   1199.496     5.0947     5.0960   3.411586   3.412391    35.0418    35.0497     2.0010  248.42486     0.0000     0.0000     1.9944     4.6799     3.6955     0.0000     0.0342     0.1123          1 0.0000e+00
   2430.229   1213.909   1199.509     5.0949     5.0960   3.411590   3.412387    35.0417    35.0497     2.0010  248.45231     0.0000     0.0000     1.9944     4.6797     3.6950     0.0000     0.0350     0.1125          1 0.0000e+00
   2430.729   1213.921   1199.523     5.0948     5.0962   3.411601   3.412394    35.0419    35.0496     2.0006  248.48764     0.0000     0.0000     1.9940     4.6799     3.6967     0.0000     0.0379     0.1123          1 0.0000e+00
   2431.229   1213.941   1199.540     5.0949     5.0962   3.411605   3.412429    35.0419    35.0499     2.0007  248.54117     0.0000     0.0000     1.9941     4.6797     3.6919     0.0000     0.0375     0.1125          1 0.0000e+00
   2431.729   1213.955   1199.560     5.0949     5.0964   3.411599   3.412436    35.0418    35.0497     2.0007  248.55105     0.0000     0.0000     1.9941     4.6800     3.6940     0.0000     0.0342     0.1112          1 0.0000e+00
   2432.229   1213.929   1199.535     5.0949     5.0963   3.411610   3.412428    35.0419    35.0498     2.0012  248.73778     0.0000     0.0000     1.9946     4.6800     3.6918     0.0000     0.0342     0.1113          1 0.0000e+00
   2432.729   1213.858   1199.463     5.0949     5.0966   3.411606   3.412453    35.0419    35.0498     2.0015  249.03262     0.0000     0.0000     1.9949     4.6801     3.6966     0.0000     0.0342     0.1124          1 0.0000e+00
   2433.229   1213.747   1199.354     5.0949     5.0968   3.411599   3.412459    35.0419    35.0497     2.0016  249.09500     0.0000     0.0000     1.9950     4.6800     3.6980     0.0000     0.0342     0.1123          1 0.0000e+00
   2433.729   1213.613   1199.219     5.0951     5.0963   3.411586   3.412406    35.0416    35.0498     2.0017  249.05252     0.0000     0.0000     1.9951     4.6795     3.7054     0.0000     0.0342     0.1114          1 0.0000e+00
   2434.229   1213.478   1199.083     5.0951     5.0964   3.411587   3.412403    35.0416    35.0496     2.0016  248.89296     0.0000     0.0000     1.9950     4.6802     3.7121     0.0000     0.0342     0.1113          1 0.0000e+00
   2434.729   1213.362   1198.970     5.0954     5.0965   3.411595   3.412421    35.0415    35.0498     2.0017  248.80139     0.0000     0.0000     1.9951     4.6798     3.7190     0.0000     0.0342     0.1112          1 0.0000e+00
   2435.229   1213.293   1198.897     5.0956     5.0962   3.411614   3.412390    35.0415    35.0498     2.0015  248.70378     0.0000     0.0000     1.9949     4.6800     3.7195     0.0000     0.0342     0.1112          1 0.0000e+00
   2435.729   1213.302   1198.906     5.0957     5.0963   3.411642   3.412395    35.0417    35.0497     2.0015  248.67695     0.0000     0.0000     1.9949     4.6796     3.7231     0.0000     0.0364     0.1113          1 0.0000e+00
   2436.229   1213.381   1198.989     5.0956     5.0962   3.411649   3.412393    35.0419    35.0497     2.0019  248.80927     0.0000     0.0000     1.9952     4.6795     3.7193     0.0000     0.0379     0.1112          1 0.0000e+00
   2436.729   1213.505   1199.103     5.0953     5.0964   3.411656   3.412412    35.0422    35.0498     2.0018  248.87402     0.0000     0.0000     1.9951     4.6799     3.7195     0.0000     0.0366     0.1111          1 0.0000e+00
   2437.229   1213.650   1199.260     5.0952     5.0967   3.411663   3.412454    35.0423    35.0497     2.0018  248.86727     0.0000     0.0000     1.9951     4.6795     3.7118     0.0000     0.0357     0.1111          1 0.0000e+00
   2437.729   1213.799   1199.403     5.0955     5.0967   3.411661   3.412456    35.0419    35.0497     2.0018  248.80908     0.0000     0.0000     1.9951     4.6800     3.7032     0.0000     0.0354     0.1105          1 0.0000e+00
   2438.229   1213.940   1199.546     5.0957     5.0970   3.411663   3.412489    35.0416    35.0497     2.0018  248.76852     0.0000     0.0000     1.9951     4.6799     3.6973     0.0000     0.0342     0.1087          1 0.0000e+00
   2438.729   1214.070   1199.666     5.0959     5.0970   3.411682   3.412495    35.0416    35.0497     2.0019  248.83985     0.0000     0.0000     1.9952     4.6799     3.6902     0.0000     0.0342     0.1096          1 0.0000e+00
   2439.229   1214.190   1199.788     5.0958     5.0977   3.411693   3.412565    35.0418    35.0498     2.0018  248.82662     0.0000     0.0000     1.9951     4.6797     3.6816     0.0000     0.0342     0.1124          1 0.0000e+00
   2439.729   1214.314   1199.916     5.0964     5.0986   3.411716   3.412660    35.0414    35.0498     2.0018  248.80816     0.0000     0.0000     1.9951     4.6797     3.6813     0.0000     0.0344     0.1126          1 0.0000e+00
   2440.229   1214.398   1200.000     5.0970     5.0984   3.411725   3.412612    35.0407    35.0495     2.0018  248.78828     0.0000     0.0000     1.9951     4.6801     3.6737     0.0000     0.0361     0.1150          1 0.0000e+00
   2440.729   1214.397   1200.000     5.0969     5.0977   3.411745   3.412562    35.0411    35.0497     2.0015  248.66188     0.0000     0.0000     1.9948     4.6798     3.6700     0.0000     0.0361     0.1148          1 0.0000e+00
   2441.229   1214.304   1199.906     5.0965     5.0984   3.411755   3.412625    35.0417    35.0497     2.0014  248.65579     0.0000     0.0000     1.9947     4.6798     3.6753     0.0000     0.0342     0.1091          1 0.0000e+00
   2441.729   1214.140   1199.738     5.0960     5.0977   3.411762   3.412562    35.0424    35.0497     2.0015  248.62269     0.0000     0.0000     1.9948     4.6797     3.6789     0.0000     0.0342     0.1088          1 0.0000e+00
   2442.229   1213.926   1199.537     5.0958     5.0970   3.411736   3.412480    35.0424    35.0497     2.0016  248.74492     0.0000     0.0000     1.9949     4.6798     3.6848     0.0000     0.0374     0.1121          1 0.0000e+00
   2442.729   1213.674   1199.276     5.0957     5.0965   3.411728   3.412438    35.0425    35.0498     2.0015  248.69361     0.0000     0.0000     1.9948     4.6796     3.6970     0.0000     0.0379     0.1125          1 0.0000e+00
   2443.229   1213.438   1199.040     5.0957     5.0965   3.411711   3.412420    35.0425    35.0498     2.0016  248.83859     0.0000     0.0000     1.9949     4.6796     3.7104     0.0000     0.0352     0.1116          1 0.0000e+00
   2443.729   1213.274   1198.876     5.0958     5.0966   3.411688   3.412419    35.0421    35.0498     2.0016  248.78060     0.0000     0.0000     1.9949     4.6794     3.7221     0.0000     0.0342     0.1112          1 0.0000e+00
   2444.229   1213.204   1198.806     5.0959     5.0967   3.411682   3.412422    35.0421    35.0497     2.0015  248.75027     0.0000     0.0000     1.9948     4.6796     3.7246     0.0000     0.0351     0.1119          1 0.0000e+00
   2444.729   1213.239   1198.841     5.0958     5.0967   3.411688   3.412420    35.0422    35.0497     2.0016  248.66995     0.0000     0.0000     1.9949     4.6798     3.7250     0.0000     0.0359     0.1124          1 0.0000e+00
   2445.229   1213.349   1198.961     5.0955     5.0964   3.411706   3.412405    35.0427    35.0497     2.0013  248.63302     0.0000     0.0000     1.9946     4.6796     3.7211     0.0000     0.0367     0.1113          1 0.0000e+00
   2445.729   1213.497   1199.103     5.0954     5.0961   3.411704   3.412380    35.0427    35.0497     2.0013  248.64468     0.0000     0.0000     1.9946     4.6798     3.7149     0.0000     0.0379     0.1102          1 0.0000e+00
   2446.229   1213.653   1199.262     5.0954     5.0964   3.411694   3.412436    35.0425    35.0499     2.0009  248.48695     0.0000     0.0000     1.9942     4.6798     3.7126     0.0000     0.0379     0.1116          1 0.0000e+00
   2446.729   1213.757   1199.370     5.0955     5.0969   3.411697   3.412461    35.0424    35.0497     2.0011  248.50279     0.0000     0.0000     1.9944     4.6796     3.7010     0.0000     0.0379     0.1125          1 0.0000e+00
   2447.229   1213.769   1199.379     5.0956     5.0969   3.411695   3.412461    35.0422    35.0497     2.0010  248.57356     0.0000     0.0000     1.9943     4.6793     3.6978     0.0000     0.0370     0.1124          1 0.0000e+00
   2447.729   1213.715   1199.321     5.0956     5.0969   3.411692   3.412464    35.0422    35.0497     2.0015  248.83334     0.0000     0.0000     1.9948     4.6797     3.6983     0.0000     0.0342     0.1124          1 0.0000e+00
