odissea/cruise_data/ce25007/data/ctd/ce25007_004.cnv
* Sea-Bird SBE 9 Data File:
* FileName = C:\CE_CTD_Data\2025_CTD_Data\CE25007\CE25007_004.hdr
* Software Version Seasave V 7.26.7.121
* Temperature SN = 4382
* Conductivity SN = 2796
* Number of Bytes Per Scan = 40
* Number of Voltage Words = 5
* Number of Scans Averaged by the Deck Unit = 1
* NMEA Latitude = 52 59.89 N
* NMEA Longitude = 014 59.47 W
* NMEA UTC (Time) = May 10 2025 00:26:49
* NMEA baud rate = 4800
** Cruise: CE18001
** PSO: Caroline Cusack
** CTD operator:
** Technician:
** Cast No:
** Station:
** Event No:
** Sea state:
** Wind speed:
** Sounding depth
# nquan = 21
# nvalues = 10724                       
# units = specified
# name 0 = timeS: Time, Elapsed [seconds]
# name 1 = prDM: Pressure, Digiquartz [db]
# name 2 = depSM: Depth [salt water, m]
# name 3 = t090C: Temperature [ITS-90, deg C]
# name 4 = t190C: Temperature, 2 [ITS-90, deg C]
# name 5 = c0S/m: Conductivity [S/m]
# name 6 = c1S/m: Conductivity, 2 [S/m]
# name 7 = sal00: Salinity, Practical [PSU]
# name 8 = sal11: Salinity, Practical, 2 [PSU]
# name 9 = sbeox0V: Oxygen raw, SBE 43 [V]
# name 10 = sbeox0Mm/L: Oxygen, SBE 43 [umol/l]
# name 11 = v0: Voltage 0
# name 12 = v1: Voltage 1
# name 13 = v2: Voltage 2
# name 14 = v3: Voltage 3
# name 15 = v4: Voltage 4
# name 16 = v5: Voltage 5
# name 17 = v6: Voltage 6
# name 18 = v7: Voltage 7
# name 19 = pumps: Pump Status
# name 20 = flag: flag
# span 0 =      0.229,   5361.729       
# span 1 =     -0.337,   1521.300       
# span 2 =     -0.341,   1502.387       
# span 3 =     4.3031,    13.7347       
# span 4 =     4.3037,    13.6824       
# span 5 =   0.004012,   4.205372       
# span 6 =   0.039665,   4.203023       
# span 7 =     0.0273,    35.8222       
# span 8 =     0.2469,    35.7050       
# span 9 =     1.8131,     3.2591       
# span 10 =  186.61850,  337.65174      
# span 11 =     0.0000,     0.0000      
# span 12 =     0.0000,     0.0000      
# span 13 =     1.8130,     3.2591      
# span 14 =     0.0036,     4.8409      
# span 15 =     0.4039,     4.9988      
# span 16 =     0.0000,     0.0000      
# span 17 =     0.0195,     0.1147      
# span 18 =     0.0946,     2.7195      
# span 19 =          0,          1      
# span 20 = 0.0000e+00, 0.0000e+00      
# interval = seconds: 0.5               
# start_time = May 10 2025 00:26:49 [NMEA time, header]
# bad_flag = -9.990e-29
*END*
[from data line 7242]
   3621.229    747.356    739.411     9.3902     9.3927   3.819318   3.820182    35.3591    35.3656     1.8389  188.19268     0.0000     0.0000     1.8304     4.7589     4.9958     0.0000     0.0300     0.1074          1 0.0000e+00
   3621.729    746.873    738.935     9.3918     9.3855   3.819619   3.819493    35.3608    35.3659     1.8388  188.06581     0.0000     0.0000     1.8303     4.7588     4.9959     0.0000     0.0293     0.1077          1 0.0000e+00
   3622.229    746.423    738.494     9.4101     9.4067   3.821545   3.821702    35.3624    35.3675     1.8387  187.93795     0.0000     0.0000     1.8302     4.7589     4.9957     0.0000     0.0293     0.1075          1 0.0000e+00
   3622.729    746.010    738.083     9.4082     9.4012   3.821020   3.821226    35.3591    35.3683     1.8391  187.93305     0.0000     0.0000     1.8306     4.7590     4.9957     0.0000     0.0293     0.1078          1 0.0000e+00
   3623.229    745.630    737.712     9.3860     9.3735   3.818601   3.818276    35.3568    35.3660     1.8397  188.22925     0.0000     0.0000     1.8311     4.7589     4.9956     0.0000     0.0293     0.1074          1 0.0000e+00
   3623.729    745.253    737.336     9.3872     9.3725   3.819416   3.817906    35.3641    35.3633     1.8394  188.27570     0.0000     0.0000     1.8309     4.7590     4.9957     0.0000     0.0293     0.1070          1 0.0000e+00
   3624.229    744.857    736.954     9.3977     9.3784   3.820096   3.818666    35.3606    35.3653     1.8390  188.06747     0.0000     0.0000     1.8305     4.7586     4.9960     0.0000     0.0293     0.1070          1 0.0000e+00
   3624.729    744.418    736.518     9.4147     9.3868   3.822123   3.819699    35.3646    35.3677     1.8389  187.74752     0.0000     0.0000     1.8304     4.7591     4.9957     0.0000     0.0293     0.1071          1 0.0000e+00
   3625.229    743.945    736.051     9.4342     9.4094   3.823967   3.822125    35.3643    35.3701     1.8392  187.64740     0.0000     0.0000     1.8307     4.7587     4.9959     0.0000     0.0293     0.1069          1 0.0000e+00
   3625.729    743.443    735.554     9.4413     9.4294   3.824582   3.823953    35.3638    35.3691     1.8399  187.92077     0.0000     0.0000     1.8313     4.7591     4.9959     0.0000     0.0293     0.1088          1 0.0000e+00
   3626.229    742.928    735.046     9.4489     9.4486   3.825209   3.825690    35.3629    35.3679     1.8401  188.08477     0.0000     0.0000     1.8315     4.7586     4.9959     0.0000     0.0293     0.1094          1 0.0000e+00
   3626.729    742.389    734.508     9.4530     9.4518   3.825537   3.825968    35.3624    35.3680     1.8409  188.23742     0.0000     0.0000     1.8323     4.7593     4.9959     0.0000     0.0293     0.1059          1 0.0000e+00
   3627.229    741.840    733.973     9.4556     9.4548   3.825748   3.826218    35.3623    35.3679     1.8414  188.33677     0.0000     0.0000     1.8328     4.7591     4.9958     0.0000     0.0293     0.1054          1 0.0000e+00
   3627.729    741.270    733.404     9.4565     9.4584   3.825829   3.826556    35.3626    35.3680     1.8416  188.35198     0.0000     0.0000     1.8330     4.7590     4.9959     0.0000     0.0301     0.1072          1 0.0000e+00
   3628.229    740.683    732.835     9.4597     9.4606   3.826102   3.826743    35.3626    35.3681     1.8419  188.27963     0.0000     0.0000     1.8333     4.7593     4.9958     0.0000     0.0305     0.1078          1 0.0000e+00
   3628.729    740.065    732.211     9.4611     9.4620   3.826252   3.826873    35.3630    35.3685     1.8424  188.26239     0.0000     0.0000     1.8338     4.7593     4.9956     0.0000     0.0298     0.1085          1 0.0000e+00
   3629.229    739.450    731.612     9.4655     9.4650   3.826630   3.827160    35.3628    35.3687     1.8432  188.42919     0.0000     0.0000     1.8347     4.7591     4.9958     0.0000     0.0293     0.1093          1 0.0000e+00
   3629.729    738.813    730.980     9.4692     9.4689   3.826942   3.827508    35.3627    35.3687     1.8441  188.69689     0.0000     0.0000     1.8356     4.7589     4.9958     0.0000     0.0293     0.1083          1 0.0000e+00
   3630.229    738.172    730.338     9.4804     9.4793   3.828009   3.828442    35.3628    35.3683     1.8450  188.83529     0.0000     0.0000     1.8364     4.7585     4.9957     0.0000     0.0293     0.1070          1 0.0000e+00
   3630.729    737.557    729.737     9.4911     9.4863   3.829014   3.829093    35.3627    35.3683     1.8450  188.72912     0.0000     0.0000     1.8364     4.7589     4.9960     0.0000     0.0297     0.1074          1 0.0000e+00
   3631.229    736.969    729.159     9.4961     9.4885   3.829484   3.829298    35.3629    35.3686     1.8459  188.68737     0.0000     0.0000     1.8373     4.7591     4.9955     0.0000     0.0305     0.1077          1 0.0000e+00
   3631.729    736.400    728.595     9.5021     9.4928   3.830043   3.829656    35.3630    35.3684     1.8463  188.67031     0.0000     0.0000     1.8377     4.7590     4.9957     0.0000     0.0305     0.1082          1 0.0000e+00
   3632.229    735.852    728.056     9.5106     9.4966   3.830783   3.829958    35.3624    35.3679     1.8467  188.68418     0.0000     0.0000     1.8381     4.7591     4.9956     0.0000     0.0305     0.1079          1 0.0000e+00
   3632.729    735.316    727.523     9.5083     9.4920   3.830565   3.829625    35.3628    35.3695     1.8474  188.83901     0.0000     0.0000     1.8388     4.7589     4.9958     0.0000     0.0304     0.1082          1 0.0000e+00
   3633.229    734.774    726.987     9.5115     9.5017   3.830828   3.830468    35.3627    35.3688     1.8476  188.76920     0.0000     0.0000     1.8390     4.7595     4.9956     0.0000     0.0293     0.1091          1 0.0000e+00
   3633.729    734.223    726.449     9.5121     9.5100   3.830851   3.831179    35.3627    35.3681     1.8475  188.66582     0.0000     0.0000     1.8389     4.7598     4.9957     0.0000     0.0293     0.1092          1 0.0000e+00
   3634.229    733.651    725.878     9.5185     9.5164   3.831337   3.831730    35.3617    35.3677     1.8474  188.42471     0.0000     0.0000     1.8388     4.7595     4.9960     0.0000     0.0293     0.1092          1 0.0000e+00
   3634.729    733.099    725.333     9.5221     9.5182   3.831665   3.831844    35.3617    35.3674     1.8474  188.30249     0.0000     0.0000     1.8388     4.7597     4.9958     0.0000     0.0293     0.1090          1 0.0000e+00
   3635.229    732.580    724.822     9.5298     9.5242   3.832366   3.832401    35.3616    35.3674     1.8476  188.28007     0.0000     0.0000     1.8390     4.7595     4.9959     0.0000     0.0293     0.1074          1 0.0000e+00
   3635.729    732.079    724.325     9.5340     9.5259   3.832733   3.832500    35.3615    35.3671     1.8487  188.60374     0.0000     0.0000     1.8401     4.7597     4.9959     0.0000     0.0293     0.1070          1 0.0000e+00
   3636.229    731.617    723.868     9.5383     9.5308   3.833143   3.832955    35.3617    35.3671     1.8494  188.87879     0.0000     0.0000     1.8408     4.7595     4.9958     0.0000     0.0301     0.1077          1 0.0000e+00
   3636.729    731.192    723.446     9.5412     9.5302   3.833440   3.832860    35.3621    35.3671     1.8499  189.03941     0.0000     0.0000     1.8413     4.7599     4.9957     0.0000     0.0305     0.1077          1 0.0000e+00
   3637.229    730.806    723.069     9.5342     9.5246   3.832758   3.832474    35.3624    35.3690     1.8506  189.10660     0.0000     0.0000     1.8420     4.7595     4.9959     0.0000     0.0298     0.1088          1 0.0000e+00
   3637.729    730.450    722.721     9.5172     9.5190   3.831126   3.832175    35.3630    35.3718     1.8510  189.19411     0.0000     0.0000     1.8424     4.7596     4.9960     0.0000     0.0293     0.1089          1 0.0000e+00
   3638.229    730.082    722.359     9.5222     9.5313   3.831302   3.833075    35.3600    35.3690     1.8512  189.12473     0.0000     0.0000     1.8426     4.7596     4.9958     0.0000     0.0309     0.1074          1 0.0000e+00
   3638.729    729.674    721.957     9.5331     9.5145   3.832808   3.831749    35.3648    35.3725     1.8513  188.96728     0.0000     0.0000     1.8427     4.7596     4.9957     0.0000     0.0330     0.1054          1 0.0000e+00
   3639.229    729.220    721.508     9.5495     9.5375   3.834278   3.833701    35.3636    35.3697     1.8520  188.94119     0.0000     0.0000     1.8434     4.7596     4.9960     0.0000     0.0316     0.1064          1 0.0000e+00
   3639.729    728.732    721.027     9.5588     9.5564   3.835145   3.835464    35.3636    35.3691     1.8520  188.92646     0.0000     0.0000     1.8434     4.7598     4.9960     0.0000     0.0293     0.1079          1 0.0000e+00
   3640.229    728.201    720.501     9.5610     9.5618   3.835325   3.835962    35.3636    35.3691     1.8523  188.95013     0.0000     0.0000     1.8437     4.7602     4.9956     0.0000     0.0293     0.1075          1 0.0000e+00
   3640.729    727.632    719.937     9.5823     9.5783   3.837486   3.837587    35.3647    35.3696     1.8523  188.77208     0.0000     0.0000     1.8437     4.7600     4.9959     0.0000     0.0293     0.1068          1 0.0000e+00
   3641.229    727.049    719.364     9.5894     9.5876   3.838196   3.838537    35.3653    35.3705     1.8523  188.64831     0.0000     0.0000     1.8437     4.7599     4.9956     0.0000     0.0294     0.1070          1 0.0000e+00
   3641.729    726.420    718.745     9.5980     9.5922   3.839063   3.838989    35.3660    35.3709     1.8529  188.69854     0.0000     0.0000     1.8443     4.7598     4.9957     0.0000     0.0305     0.1100          1 0.0000e+00
   3642.229    725.752    718.083     9.6048     9.6058   3.839816   3.840423    35.3673    35.3724     1.8539  188.95048     0.0000     0.0000     1.8453     4.7600     4.9956     0.0000     0.0306     0.1102          1 0.0000e+00
   3642.729    725.061    717.396     9.6179     9.6184   3.841179   3.841719    35.3686    35.3735     1.8546  189.17683     0.0000     0.0000     1.8460     4.7600     4.9957     0.0000     0.0294     0.1071          1 0.0000e+00
   3643.229    724.351    716.691     9.6329     9.6277   3.842708   3.842661    35.3698    35.3744     1.8548  189.15638     0.0000     0.0000     1.8462     4.7602     4.9958     0.0000     0.0293     0.1067          1 0.0000e+00
   3643.729    723.646    715.995     9.6400     9.6366   3.843312   3.843528    35.3693    35.3749     1.8560  189.21602     0.0000     0.0000     1.8474     4.7596     4.9960     0.0000     0.0293     0.1055          1 0.0000e+00
   3644.229    722.975    715.334     9.6373     9.6366   3.842952   3.843454    35.3688    35.3745     1.8570  189.42249     0.0000     0.0000     1.8484     4.7600     4.9955     0.0000     0.0293     0.1054          1 0.0000e+00
   3644.729    722.337    714.706     9.6437     9.6403   3.843485   3.843718    35.3683    35.3740     1.8575  189.55359     0.0000     0.0000     1.8489     4.7599     4.9958     0.0000     0.0293     0.1068          1 0.0000e+00
   3645.229    721.746    714.117     9.6338     9.6415   3.842453   3.843826    35.3682    35.3744     1.8583  189.71070     0.0000     0.0000     1.8497     4.7598     4.9960     0.0000     0.0293     0.1076          1 0.0000e+00
   3645.729    721.200    713.576     9.6166     9.6293   3.840906   3.842497    35.3699    35.3734     1.8592  189.77759     0.0000     0.0000     1.8505     4.7598     4.9961     0.0000     0.0293     0.1080          1 0.0000e+00
   3646.229    720.713    713.096     9.6053     9.6132   3.840097   3.841198    35.3732    35.3766     1.8595  189.82209     0.0000     0.0000     1.8508     4.7600     4.9957     0.0000     0.0293     0.1075          1 0.0000e+00
   3646.729    720.272    712.665     9.6055     9.6077   3.839602   3.840255    35.3682    35.3727     1.8596  189.71522     0.0000     0.0000     1.8509     4.7600     4.9960     0.0000     0.0333     0.1107          1 0.0000e+00
   3647.229    719.879    712.273     9.6125     9.6167   3.840284   3.841203    35.3684    35.3736     1.8597  189.52650     0.0000     0.0000     1.8510     4.7598     4.9959     0.0000     0.0383     0.1142          1 0.0000e+00
   3647.729    719.507    711.913     9.6201     9.6155   3.841003   3.841237    35.3684    35.3755     1.8598  189.38012     0.0000     0.0000     1.8511     4.7600     4.9955     0.0000     0.0352     0.1117          1 0.0000e+00
   3648.229    719.116    711.525     9.6375     9.6144   3.842708   3.841044    35.3687    35.3748     1.8601  189.36579     0.0000     0.0000     1.8514     4.7601     4.9958     0.0000     0.0293     0.1077          1 0.0000e+00
   3648.729    718.697    711.111     9.6549     9.6201   3.844353   3.841534    35.3684    35.3744     1.8601  189.29522     0.0000     0.0000     1.8514     4.7600     4.9959     0.0000     0.0293     0.1077          1 0.0000e+00
   3649.229    718.257    710.678     9.6491     9.6548   3.843851   3.844936    35.3694    35.3747     1.8605  189.35565     0.0000     0.0000     1.8519     4.7601     4.9958     0.0000     0.0293     0.1090          1 0.0000e+00
   3649.729    717.805    710.230     9.6595     9.6706   3.844851   3.846449    35.3696    35.3747     1.8607  189.35477     0.0000     0.0000     1.8521     4.7600     4.9959     0.0000     0.0292     0.1091          1 0.0000e+00
   3650.229    717.343    709.777     9.6648     9.6709   3.845339   3.846485    35.3696    35.3751     1.8609  189.39602     0.0000     0.0000     1.8523     4.7604     4.9960     0.0000     0.0293     0.1102          1 0.0000e+00
   3650.729    716.865    709.303     9.6668     9.6739   3.845589   3.846759    35.3704    35.3753     1.8620  189.63145     0.0000     0.0000     1.8534     4.7599     4.9960     0.0000     0.0293     0.1105          1 0.0000e+00
   3651.229    716.355    708.800     9.6754     9.6792   3.846376   3.847312    35.3703    35.3760     1.8633  189.93648     0.0000     0.0000     1.8546     4.7603     4.9958     0.0000     0.0293     0.1079          1 0.0000e+00
   3651.729    715.827    708.280     9.6816     9.6801   3.846992   3.847389    35.3708    35.3762     1.8645  190.29800     0.0000     0.0000     1.8558     4.7601     4.9961     0.0000     0.0293     0.1076          1 0.0000e+00
   3652.229    715.256    707.711     9.6859     9.6852   3.847422   3.847897    35.3712    35.3768     1.8648  190.35983     0.0000     0.0000     1.8561     4.7602     4.9958     0.0000     0.0303     0.1097          1 0.0000e+00
   3652.729    714.640    707.107     9.6894     9.6909   3.847779   3.848446    35.3718    35.3771     1.8651  190.14600     0.0000     0.0000     1.8564     4.7603     4.9956     0.0000     0.0306     0.1101          1 0.0000e+00
   3653.229    713.988    706.465     9.6948     9.6953   3.848278   3.848914    35.3719    35.3778     1.8660  190.06541     0.0000     0.0000     1.8573     4.7603     4.9958     0.0000     0.0296     0.1094          1 0.0000e+00
   3653.729    713.316    705.793     9.7002     9.7036   3.848852   3.849759    35.3728    35.3786     1.8666  190.13079     0.0000     0.0000     1.8580     4.7601     4.9960     0.0000     0.0293     0.1093          1 0.0000e+00
   3654.229    712.636    705.122     9.7047     9.7069   3.849249   3.850065    35.3728    35.3789     1.8670  190.25099     0.0000     0.0000     1.8584     4.7602     4.9957     0.0000     0.0293     0.1078          1 0.0000e+00
   3654.729    711.971    704.465     9.7093     9.7096   3.849772   3.850321    35.3739    35.3793     1.8679  190.29990     0.0000     0.0000     1.8592     4.7607     4.9957     0.0000     0.0293     0.1068          1 0.0000e+00
