odissea/cruise_data/ce25007/data/ctd/ce25007_012.cnv
* Sea-Bird SBE 9 Data File:
* FileName = C:\CE_CTD_Data\2025_CTD_Data\CE25007\CE25007_012.hdr
* Software Version Seasave V 7.26.7.121
* Temperature SN = 4382
* Conductivity SN = 2796
* Number of Bytes Per Scan = 40
* Number of Voltage Words = 5
* Number of Scans Averaged by the Deck Unit = 1
* NMEA Latitude = 53 41.50 N
* NMEA Longitude = 016 35.12 W
* NMEA UTC (Time) = May 13 2025 23:44:20
* NMEA baud rate = 4800
** Cruise: CE18001
** PSO: Caroline Cusack
** CTD operator:
** Technician:
** Cast No:
** Station:
** Event No:
** Sea state:
** Wind speed:
** Sounding depth
# nquan = 21
# nvalues = 16917                       
# units = specified
# name 0 = timeS: Time, Elapsed [seconds]
# name 1 = prDM: Pressure, Digiquartz [db]
# name 2 = depSM: Depth [salt water, m]
# name 3 = t090C: Temperature [ITS-90, deg C]
# name 4 = t190C: Temperature, 2 [ITS-90, deg C]
# name 5 = c0S/m: Conductivity [S/m]
# name 6 = c1S/m: Conductivity, 2 [S/m]
# name 7 = sal00: Salinity, Practical [PSU]
# name 8 = sal11: Salinity, Practical, 2 [PSU]
# name 9 = sbeox0V: Oxygen raw, SBE 43 [V]
# name 10 = sbeox0Mm/L: Oxygen, SBE 43 [umol/l]
# name 11 = v0: Voltage 0
# name 12 = v1: Voltage 1
# name 13 = v2: Voltage 2
# name 14 = v3: Voltage 3
# name 15 = v4: Voltage 4
# name 16 = v5: Voltage 5
# name 17 = v6: Voltage 6
# name 18 = v7: Voltage 7
# name 19 = pumps: Pump Status
# name 20 = flag: flag
# span 0 =      0.229,   8458.167       
# span 1 =     -0.305,   2467.695       
# span 2 =     -0.336,   2431.446       
# span 3 =     2.5590,    15.1105       
# span 4 =     2.5575,    15.0953       
# span 5 =   0.017132,   4.234734       
# span 6 =   0.019792,   4.206497       
# span 7 =     0.1030,    35.8443       
# span 8 =     0.1207,    35.8681       
# span 9 =     1.6547,     2.8991       
# span 10 =  168.96267,  340.08503      
# span 11 =     0.0000,     0.0000      
# span 12 =     0.0000,     0.0000      
# span 13 =     1.6447,     2.8963      
# span 14 =     0.0036,     4.7805      
# span 15 =     0.0488,     4.9999      
# span 16 =     0.0000,     0.0000      
# span 17 =     0.0114,     0.8647      
# span 18 =     0.0911,     2.2248      
# span 19 =          0,          1      
# span 20 = 0.0000e+00, 0.0000e+00      
# interval = seconds: 0.5               
# start_time = May 13 2025 23:44:20 [NMEA time, header]
# bad_flag = -9.990e-29
*END*
[from data line 10414]
   5207.229   1418.860   1401.458     4.1443     4.1444   3.326229   3.326712    34.9450    34.9505     2.0208  265.65451     0.0000     0.0000     2.0002     4.6596     4.9988     0.0000     0.0293     0.1055          1 0.0000e+00
   5207.729   1418.736   1401.338     4.1438     4.1442   3.326169   3.326676    34.9449    34.9504     2.0209  265.53615     0.0000     0.0000     2.0003     4.6593     4.9989     0.0000     0.0293     0.1053          1 0.0000e+00
   5208.229   1418.608   1401.207     4.1442     4.1438   3.326204   3.326624    34.9450    34.9504     2.0211  265.50633     0.0000     0.0000     2.0005     4.6597     4.9988     0.0000     0.0292     0.1068          1 0.0000e+00
   5208.729   1418.507   1401.094     4.1442     4.1436   3.326210   3.326605    34.9451    34.9504     2.0208  265.42826     0.0000     0.0000     2.0002     4.6595     4.9989     0.0000     0.0293     0.1067          1 0.0000e+00
   5209.229   1418.462   1401.070     4.1443     4.1438   3.326222   3.326620    34.9451    34.9504     2.0210  265.38728     0.0000     0.0000     2.0004     4.6595     4.9989     0.0000     0.0292     0.1056          1 0.0000e+00
   5209.729   1418.470   1401.072     4.1443     4.1438   3.326206   3.326623    34.9449    34.9504     2.0207  265.27052     0.0000     0.0000     2.0001     4.6600     4.9988     0.0000     0.0292     0.1053          1 0.0000e+00
   5210.229   1418.535   1401.130     4.1443     4.1439   3.326207   3.326641    34.9450    34.9505     2.0207  265.27355     0.0000     0.0000     2.0001     4.6596     4.9988     0.0000     0.0298     0.1059          1 0.0000e+00
   5210.729   1418.640   1401.246     4.1436     4.1441   3.326126   3.326670    34.9447    34.9505     2.0207  265.27468     0.0000     0.0000     2.0001     4.6597     4.9989     0.0000     0.0305     0.1069          1 0.0000e+00
   5211.229   1418.740   1401.339     4.1434     4.1440   3.326115   3.326656    34.9447    34.9504     2.0205  265.20701     0.0000     0.0000     1.9999     4.6601     4.9988     0.0000     0.0312     0.1062          1 0.0000e+00
   5211.729   1418.793   1401.399     4.1432     4.1438   3.326107   3.326651    34.9447    34.9505     2.0206  265.23861     0.0000     0.0000     2.0000     4.6596     4.9989     0.0000     0.0322     0.1053          1 0.0000e+00
   5212.229   1418.780   1401.383     4.1435     4.1438   3.326127   3.326641    34.9448    34.9504     2.0205  265.30415     0.0000     0.0000     1.9999     4.6600     4.9989     0.0000     0.0310     0.1050          1 0.0000e+00
   5212.729   1418.715   1401.318     4.1436     4.1441   3.326129   3.326666    34.9447    34.9504     2.0210  265.44057     0.0000     0.0000     2.0004     4.6596     4.9990     0.0000     0.0293     0.1044          1 0.0000e+00
   5213.229   1418.636   1401.234     4.1435     4.1442   3.326126   3.326667    34.9448    34.9504     2.0210  265.62616     0.0000     0.0000     2.0004     4.6597     4.9989     0.0000     0.0288     0.1047          1 0.0000e+00
   5213.729   1418.586   1401.182     4.1436     4.1442   3.326144   3.326671    34.9449    34.9505     2.0210  265.57987     0.0000     0.0000     2.0004     4.6597     4.9989     0.0000     0.0269     0.1079          1 0.0000e+00
   5214.229   1418.591   1401.185     4.1436     4.1442   3.326130   3.326672    34.9448    34.9504     2.0211  265.59303     0.0000     0.0000     2.0005     4.6600     4.9988     0.0000     0.0270     0.1076          1 0.0000e+00
   5214.729   1418.650   1401.250     4.1436     4.1442   3.326121   3.326671    34.9446    34.9505     2.0207  265.30274     0.0000     0.0000     2.0001     4.6597     4.9988     0.0000     0.0290     0.1055          1 0.0000e+00
   5215.229   1418.753   1401.347     4.1434     4.1442   3.326135   3.326681    34.9449    34.9505     2.0209  265.32666     0.0000     0.0000     2.0003     4.6596     4.9988     0.0000     0.0292     0.1056          1 0.0000e+00
   5215.729   1418.868   1401.468     4.1436     4.1438   3.326133   3.326653    34.9447    34.9505     2.0208  265.29392     0.0000     0.0000     2.0002     4.6597     4.9988     0.0000     0.0292     0.1054          1 0.0000e+00
   5216.229   1418.953   1401.553     4.1433     4.1439   3.326126   3.326661    34.9448    34.9504     2.0213  265.55547     0.0000     0.0000     2.0007     4.6598     4.9989     0.0000     0.0292     0.1057          1 0.0000e+00
   5216.729   1418.972   1401.578     4.1436     4.1442   3.326164   3.326692    34.9449    34.9504     2.0209  265.49673     0.0000     0.0000     2.0003     4.6598     4.9988     0.0000     0.0293     0.1072          1 0.0000e+00
   5217.229   1418.932   1401.528     4.1439     4.1444   3.326177   3.326701    34.9448    34.9504     2.0208  265.37892     0.0000     0.0000     2.0002     4.6597     4.9990     0.0000     0.0292     0.1080          1 0.0000e+00
   5217.729   1418.855   1401.451     4.1439     4.1442   3.326178   3.326676    34.9448    34.9504     2.0210  265.37827     0.0000     0.0000     2.0004     4.6597     4.9991     0.0000     0.0300     0.1073          1 0.0000e+00
   5218.229   1418.776   1401.373     4.1441     4.1447   3.326182   3.326733    34.9447    34.9505     2.0205  265.15360     0.0000     0.0000     1.9999     4.6598     4.9989     0.0000     0.0305     0.1071          1 0.0000e+00
   5218.729   1418.744   1401.337     4.1441     4.1450   3.326197   3.326760    34.9449    34.9505     2.0209  265.30590     0.0000     0.0000     2.0003     4.6597     4.9988     0.0000     0.0298     0.1070          1 0.0000e+00
   5219.229   1418.777   1401.369     4.1441     4.1447   3.326202   3.326732    34.9450    34.9505     2.0209  265.39751     0.0000     0.0000     2.0003     4.6594     4.9989     0.0000     0.0292     0.1069          1 0.0000e+00
   5219.729   1418.873   1401.466     4.1440     4.1443   3.326200   3.326701    34.9450    34.9505     2.0210  265.52395     0.0000     0.0000     2.0004     4.6597     4.9989     0.0000     0.0293     0.1064          1 0.0000e+00
   5220.229   1419.018   1401.614     4.1436     4.1443   3.326154   3.326704    34.9448    34.9505     2.0213  265.62696     0.0000     0.0000     2.0007     4.6597     4.9988     0.0000     0.0293     0.1052          1 0.0000e+00
   5220.729   1419.165   1401.760     4.1430     4.1437   3.326105   3.326671    34.9448    34.9507     2.0209  265.53354     0.0000     0.0000     2.0003     4.6596     4.9988     0.0000     0.0292     0.1064          1 0.0000e+00
   5221.229   1419.262   1401.861     4.1432     4.1438   3.326121   3.326678    34.9447    34.9506     2.0210  265.44574     0.0000     0.0000     2.0004     4.6596     4.9987     0.0000     0.0293     0.1075          1 0.0000e+00
   5221.729   1419.270   1401.869     4.1437     4.1442   3.326167   3.326707    34.9447    34.9505     2.0205  265.13496     0.0000     0.0000     1.9999     4.6596     4.9988     0.0000     0.0295     0.1076          1 0.0000e+00
   5222.229   1419.199   1401.795     4.1437     4.1441   3.326167   3.326688    34.9447    34.9504     2.0206  265.12529     0.0000     0.0000     2.0001     4.6597     4.9988     0.0000     0.0305     0.1070          1 0.0000e+00
   5222.729   1419.069   1401.671     4.1440     4.1441   3.326191   3.326695    34.9448    34.9505     2.0205  265.23876     0.0000     0.0000     2.0000     4.6596     4.9988     0.0000     0.0305     0.1073          1 0.0000e+00
   5223.229   1418.896   1401.489     4.1442     4.1442   3.326191   3.326693    34.9447    34.9506     2.0206  265.32719     0.0000     0.0000     2.0001     4.6595     4.9990     0.0000     0.0305     0.1091          1 0.0000e+00
   5223.729   1418.723   1401.321     4.1439     4.1442   3.326166   3.326683    34.9448    34.9505     2.0207  265.40675     0.0000     0.0000     2.0002     4.6597     4.9988     0.0000     0.0305     0.1087          1 0.0000e+00
   5224.229   1418.584   1401.181     4.1444     4.1445   3.326226   3.326704    34.9451    34.9505     2.0209  265.50840     0.0000     0.0000     2.0004     4.6596     4.9990     0.0000     0.0292     0.1079          1 0.0000e+00
   5224.729   1418.498   1401.096     4.1448     4.1445   3.326267   3.326717    34.9451    34.9507     2.0208  265.52315     0.0000     0.0000     2.0003     4.6596     4.9988     0.0000     0.0293     0.1076          1 0.0000e+00
   5225.229   1418.465   1401.066     4.1446     4.1449   3.326247   3.326742    34.9451    34.9505     2.0207  265.42417     0.0000     0.0000     2.0002     4.6600     4.9988     0.0000     0.0293     0.1069          1 0.0000e+00
   5225.729   1418.481   1401.081     4.1445     4.1448   3.326240   3.326732    34.9450    34.9505     2.0208  265.34320     0.0000     0.0000     2.0003     4.6602     4.9988     0.0000     0.0293     0.1069          1 0.0000e+00
   5226.229   1418.537   1401.137     4.1446     4.1447   3.326257   3.326726    34.9452    34.9506     2.0209  265.37854     0.0000     0.0000     2.0004     4.6600     4.9988     0.0000     0.0293     0.1075          1 0.0000e+00
   5226.729   1418.636   1401.234     4.1440     4.1443   3.326166   3.326692    34.9448    34.9505     2.0209  265.45021     0.0000     0.0000     2.0004     4.6602     4.9988     0.0000     0.0293     0.1076          1 0.0000e+00
   5227.229   1418.765   1401.359     4.1436     4.1439   3.326138   3.326659    34.9448    34.9505     2.0213  265.59398     0.0000     0.0000     2.0007     4.6601     4.9988     0.0000     0.0292     0.1074          1 0.0000e+00
   5227.729   1418.907   1401.505     4.1434     4.1437   3.326128   3.326646    34.9448    34.9506     2.0208  265.48209     0.0000     0.0000     2.0003     4.6600     4.9988     0.0000     0.0293     0.1067          1 0.0000e+00
   5228.229   1419.043   1401.642     4.1431     4.1436   3.326107   3.326642    34.9448    34.9505     2.0210  265.42600     0.0000     0.0000     2.0005     4.6596     4.9987     0.0000     0.0293     0.1062          1 0.0000e+00
   5228.729   1419.131   1401.730     4.1431     4.1437   3.326098   3.326656    34.9447    34.9505     2.0206  265.27117     0.0000     0.0000     2.0001     4.6597     4.9988     0.0000     0.0293     0.1053          1 0.0000e+00
   5229.229   1419.142   1401.744     4.1432     4.1438   3.326112   3.326658    34.9447    34.9504     2.0204  265.14034     0.0000     0.0000     1.9999     4.6597     4.9990     0.0000     0.0296     0.1057          1 0.0000e+00
   5229.729   1419.079   1401.673     4.1434     4.1438   3.326128   3.326654    34.9447    34.9504     2.0206  265.14699     0.0000     0.0000     2.0001     4.6601     4.9988     0.0000     0.0305     0.1070          1 0.0000e+00
   5230.229   1418.961   1401.560     4.1437     4.1440   3.326156   3.326677    34.9448    34.9505     2.0201  265.05785     0.0000     0.0000     1.9996     4.6601     4.9989     0.0000     0.0303     0.1071          1 0.0000e+00
   5230.729   1418.818   1401.416     4.1439     4.1443   3.326183   3.326701    34.9449    34.9505     2.0207  265.32124     0.0000     0.0000     2.0002     4.6600     4.9989     0.0000     0.0293     0.1079          1 0.0000e+00
   5231.229   1418.699   1401.291     4.1438     4.1446   3.326166   3.326723    34.9449    34.9506     2.0207  265.53227     0.0000     0.0000     2.0002     4.6599     4.9989     0.0000     0.0292     0.1076          1 0.0000e+00
   5231.729   1418.655   1401.246     4.1441     4.1449   3.326179   3.326773    34.9448    34.9508     2.0206  265.47357     0.0000     0.0000     2.0001     4.6598     4.9988     0.0000     0.0293     0.1053          1 0.0000e+00
   5232.229   1418.708   1401.304     4.1441     4.1450   3.326187   3.326742    34.9448    34.9504     2.0205  265.33851     0.0000     0.0000     2.0000     4.6601     4.9988     0.0000     0.0292     0.1053          1 0.0000e+00
   5232.729   1418.843   1401.431     4.1440     4.1444   3.326192   3.326719    34.9449    34.9507     2.0205  265.21941     0.0000     0.0000     2.0000     4.6600     4.9988     0.0000     0.0292     0.1055          1 0.0000e+00
   5233.229   1419.033   1401.632     4.1437     4.1440   3.326174   3.326688    34.9449    34.9506     2.0208  265.38607     0.0000     0.0000     2.0003     4.6598     4.9989     0.0000     0.0291     0.1054          1 0.0000e+00
   5233.729   1419.221   1401.823     4.1435     4.1439   3.326138   3.326684    34.9447    34.9505     2.0207  265.54187     0.0000     0.0000     2.0002     4.6598     4.9989     0.0000     0.0302     0.1072          1 0.0000e+00
   5234.229   1419.329   1401.928     4.1435     4.1441   3.326168   3.326697    34.9450    34.9505     2.0209  265.55018     0.0000     0.0000     2.0004     4.6598     4.9988     0.0000     0.0305     0.1077          1 0.0000e+00
   5234.729   1419.335   1401.931     4.1437     4.1441   3.326157   3.326704    34.9446    34.9506     2.0202  265.24940     0.0000     0.0000     1.9997     4.6598     4.9990     0.0000     0.0297     0.1056          1 0.0000e+00
   5235.229   1419.237   1401.838     4.1436     4.1440   3.326158   3.326683    34.9448    34.9505     2.0205  265.15394     0.0000     0.0000     2.0000     4.6600     4.9988     0.0000     0.0293     0.1042          1 0.0000e+00
   5235.729   1419.063   1401.658     4.1440     4.1441   3.326179   3.326697    34.9447    34.9506     2.0207  265.27561     0.0000     0.0000     2.0002     4.6601     4.9988     0.0000     0.0299     0.1057          1 0.0000e+00
   5236.229   1418.851   1401.448     4.1443     4.1445   3.326211   3.326732    34.9448    34.9507     2.0207  265.43661     0.0000     0.0000     2.0002     4.6600     4.9990     0.0000     0.0305     0.1068          1 0.0000e+00
   5236.729   1418.652   1401.249     4.1446     4.1450   3.326245   3.326783    34.9449    34.9507     2.0207  265.50686     0.0000     0.0000     2.0002     4.6602     4.9987     0.0000     0.0300     0.1067          1 0.0000e+00
   5237.229   1418.518   1401.111     4.1446     4.1452   3.326245   3.326779    34.9450    34.9506     2.0206  265.39870     0.0000     0.0000     2.0001     4.6600     4.9988     0.0000     0.0290     0.1069          1 0.0000e+00
   5237.729   1418.457   1401.054     4.1446     4.1453   3.326236   3.326789    34.9450    34.9507     2.0206  265.25446     0.0000     0.0000     2.0001     4.6598     4.9990     0.0000     0.0293     0.1065          1 0.0000e+00
   5238.229   1418.475   1401.074     4.1445     4.1453   3.326234   3.326794    34.9450    34.9507     2.0205  265.22599     0.0000     0.0000     2.0000     4.6600     4.9989     0.0000     0.0293     0.1069          1 0.0000e+00
   5238.729   1418.569   1401.167     4.1446     4.1451   3.326253   3.326770    34.9451    34.9507     2.0210  265.45928     0.0000     0.0000     2.0005     4.6601     4.9989     0.0000     0.0292     0.1067          1 0.0000e+00
   5239.229   1418.704   1401.303     4.1445     4.1451   3.326235   3.326784    34.9450    34.9507     2.0211  265.69005     0.0000     0.0000     2.0006     4.6598     4.9989     0.0000     0.0293     0.1051          1 0.0000e+00
   5239.729   1418.829   1401.435     4.1445     4.1451   3.326255   3.326783    34.9452    34.9506     2.0213  265.69604     0.0000     0.0000     2.0008     4.6595     4.9989     0.0000     0.0293     0.1053          1 0.0000e+00
   5240.229   1418.889   1401.489     4.1444     4.1449   3.326237   3.326774    34.9450    34.9507     2.0212  265.66006     0.0000     0.0000     2.0007     4.6602     4.9988     0.0000     0.0293     0.1068          1 0.0000e+00
   5240.729   1418.882   1401.488     4.1444     4.1449   3.326243   3.326769    34.9450    34.9506     2.0211  265.47217     0.0000     0.0000     2.0006     4.6604     4.9988     0.0000     0.0293     0.1068          1 0.0000e+00
