odissea/cruise_data/ce25007/data/ctd/ce25007_003.cnv
* Sea-Bird SBE 9 Data File:
* FileName = C:\CE_CTD_Data\2025_CTD_Data\CE25007\CE25007_003.hdr
* Software Version Seasave V 7.26.7.121
* Temperature SN = 4382
* Conductivity SN = 2796
* Number of Bytes Per Scan = 40
* Number of Voltage Words = 5
* Number of Scans Averaged by the Deck Unit = 1
* NMEA Latitude = 52 59.98 N
* NMEA Longitude = 014 48.81 W
* NMEA UTC (Time) = May 09 2025 22:31:07
* NMEA baud rate = 4800
** Cruise: CE18001
** PSO: Caroline Cusack
** CTD operator:
** Technician:
** Cast No:
** Station:
** Event No:
** Sea state:
** Wind speed:
** Sounding depth
# nquan = 21
# nvalues = 7455                        
# units = specified
# name 0 = timeS: Time, Elapsed [seconds]
# name 1 = prDM: Pressure, Digiquartz [db]
# name 2 = depSM: Depth [salt water, m]
# name 3 = t090C: Temperature [ITS-90, deg C]
# name 4 = t190C: Temperature, 2 [ITS-90, deg C]
# name 5 = c0S/m: Conductivity [S/m]
# name 6 = c1S/m: Conductivity, 2 [S/m]
# name 7 = sal00: Salinity, Practical [PSU]
# name 8 = sal11: Salinity, Practical, 2 [PSU]
# name 9 = sbeox0V: Oxygen raw, SBE 43 [V]
# name 10 = sbeox0Mm/L: Oxygen, SBE 43 [umol/l]
# name 11 = v0: Voltage 0
# name 12 = v1: Voltage 1
# name 13 = v2: Voltage 2
# name 14 = v3: Voltage 3
# name 15 = v4: Voltage 4
# name 16 = v5: Voltage 5
# name 17 = v6: Voltage 6
# name 18 = v7: Voltage 7
# name 19 = pumps: Pump Status
# name 20 = flag: flag
# span 0 =      0.229,   3727.146       
# span 1 =     -0.347,    748.676       
# span 2 =     -0.345,    740.740       
# span 3 =     9.0844,    13.6721       
# span 4 =     9.0843,    14.0627       
# span 5 =   0.017890,   4.166912       
# span 6 =   0.116402,   4.188664       
# span 7 =     0.1101,    35.6016       
# span 8 =     0.7460,    35.7857       
# span 9 =     1.8370,     2.9652       
# span 10 =  186.50033,  342.88251      
# span 11 =     0.0000,     0.0000      
# span 12 =     0.0000,     0.0000      
# span 13 =     1.8352,     2.9652      
# span 14 =     0.0036,     4.7814      
# span 15 =     0.2799,     5.0000      
# span 16 =     0.0000,     0.0000      
# span 17 =     0.0098,     0.6252      
# span 18 =     0.0794,     0.9731      
# span 19 =          0,          1      
# span 20 = 0.0000e+00, 0.0000e+00      
# interval = seconds: 0.5               
# start_time = May 09 2025 22:31:07 [NMEA time, header]
# bad_flag = -9.990e-29
*END*
[from data line 6897]
   3448.729    115.071    114.029    11.5251    11.5288   4.009856   4.011111    35.4974    35.5060     2.6149  261.84572     0.0000     0.0000     2.6103     4.7633     4.9937     0.0000     0.0367     0.1082          1 0.0000e+00
   3449.229    114.365    113.324    11.5362    11.5370   4.011025   4.011871    35.4983    35.5059     2.6153  261.92384     0.0000     0.0000     2.6107     4.7641     4.9936     0.0000     0.0366     0.1082          1 0.0000e+00
   3449.729    113.641    112.605    11.5466    11.5432   4.012062   4.012477    35.4987    35.5061     2.6151  261.78365     0.0000     0.0000     2.6105     4.7638     4.9933     0.0000     0.0366     0.1074          1 0.0000e+00
   3450.229    112.931    111.900    11.5508    11.5478   4.012492   4.012898    35.4992    35.5062     2.6144  261.48418     0.0000     0.0000     2.6098     4.7618     4.9936     0.0000     0.0366     0.1071          1 0.0000e+00
   3450.729    112.255    111.225    11.5556    11.5527   4.012979   4.013429    35.4997    35.5069     2.6140  261.15991     0.0000     0.0000     2.6094     4.7625     4.9937     0.0000     0.0382     0.1073          1 0.0000e+00
   3451.229    111.643    110.617    11.5583    11.5552   4.013213   4.013519    35.4996    35.5057     2.6148  261.24070     0.0000     0.0000     2.6102     4.7632     4.9935     0.0000     0.0389     0.1074          1 0.0000e+00
   3451.729    111.111    110.095    11.5588    11.5486   4.013213   4.012750    35.4995    35.5049     2.6149  261.41136     0.0000     0.0000     2.6103     4.7632     4.9936     0.0000     0.0418     0.1086          1 0.0000e+00
   3452.229    110.682    109.663    11.5495    11.5440   4.012284   4.012377    35.4997    35.5060     2.6144  261.48552     0.0000     0.0000     2.6098     4.7631     4.9937     0.0000     0.0440     0.1098          1 0.0000e+00
   3452.729    110.361    109.347    11.5504    11.5492   4.012341   4.012970    35.4996    35.5070     2.6141  261.28244     0.0000     0.0000     2.6095     4.7622     4.9935     0.0000     0.0422     0.1096          1 0.0000e+00
   3453.229    110.119    109.118    11.5498    11.5504   4.012251   4.012984    35.4994    35.5060     2.6139  261.11071     0.0000     0.0000     2.6093     4.7619     4.9936     0.0000     0.0403     0.1097          1 0.0000e+00
   3453.729    109.900    108.898    11.5500    11.5512   4.012260   4.013091    35.4994    35.5064     2.6145  261.23764     0.0000     0.0000     2.6099     4.7614     4.9937     0.0000     0.0407     0.1085          1 0.0000e+00
   3454.229    109.654    108.662    11.5504    11.5561   4.012291   4.013539    35.4996    35.5062     2.6145  261.41349     0.0000     0.0000     2.6099     4.7131     4.9937     0.0000     0.0417     0.1061          1 0.0000e+00
   3454.729    109.339    108.353    11.5494    11.5512   4.012177   4.012937    35.4996    35.5053     2.6140  261.33474     0.0000     0.0000     2.6094     4.6886     4.9938     0.0000     0.0412     0.1065          1 0.0000e+00
   3455.229    108.943    107.953    11.5494    11.5498   4.012173   4.012870    35.4998    35.5063     2.6139  261.20341     0.0000     0.0000     2.6093     4.7584     4.9937     0.0000     0.0403     0.1084          1 0.0000e+00
   3455.729    108.483    107.503    11.5598    11.5587   4.013208   4.013920    35.5000    35.5081     2.6139  261.04067     0.0000     0.0000     2.6093     4.7604     4.9938     0.0000     0.0405     0.1084          1 0.0000e+00
   3456.229    107.968    106.986    11.5654    11.5663   4.013754   4.014662    35.5001    35.5082     2.6139  261.06836     0.0000     0.0000     2.6093     4.7617     4.9937     0.0000     0.0440     0.1074          1 0.0000e+00
   3456.729    107.422    106.450    11.5782    11.5770   4.015009   4.015732    35.5002    35.5084     2.6144  261.13742     0.0000     0.0000     2.6098     4.7607     4.9937     0.0000     0.0440     0.1074          1 0.0000e+00
   3457.229    106.879    105.903    11.5858    11.5797   4.015697   4.015727    35.4999    35.5061     2.6151  261.26529     0.0000     0.0000     2.6105     4.7601     4.9936     0.0000     0.0389     0.1084          1 0.0000e+00
   3457.729    106.348    105.381    11.5917    11.5894   4.016259   4.016864    35.4998    35.5081     2.6155  261.37240     0.0000     0.0000     2.6109     4.7600     4.9937     0.0000     0.0390     0.1083          1 0.0000e+00
   3458.229    105.848    104.882    11.5939    11.5936   4.016428   4.017115    35.4997    35.5068     2.6157  261.34473     0.0000     0.0000     2.6111     4.7597     4.9936     0.0000     0.0441     0.1075          1 0.0000e+00
   3458.729    105.386    104.419    11.5943    11.5936   4.016465   4.017038    35.5000    35.5063     2.6162  261.35909     0.0000     0.0000     2.6116     4.7601     4.9937     0.0000     0.0452     0.1072          1 0.0000e+00
   3459.229    104.969    104.012    11.5943    11.5936   4.016447   4.017039    35.5001    35.5066     2.6173  261.52497     0.0000     0.0000     2.6127     4.7582     4.9937     0.0000     0.0443     0.1076          1 0.0000e+00
   3459.729    104.592    103.637    11.5938    11.5929   4.016349   4.016887    35.4999    35.5060     2.6175  261.63780     0.0000     0.0000     2.6129     4.7565     4.9937     0.0000     0.0440     0.1083          1 0.0000e+00
   3460.229    104.257    103.308    11.5913    11.5859   4.016113   4.016098    35.5002    35.5054     2.6175  261.56767     0.0000     0.0000     2.6129     4.7583     4.9936     0.0000     0.0447     0.1089          1 0.0000e+00
   3460.729    103.951    103.004    11.5895    11.5859   4.015960   4.016238    35.5006    35.5069     2.6174  261.40482     0.0000     0.0000     2.6128     4.7585     4.9933     0.0000     0.0452     0.1097          1 0.0000e+00
   3461.229    103.672    102.732    11.5935    11.5875   4.016292   4.016403    35.5001    35.5071     2.6165  261.07021     0.0000     0.0000     2.6119     4.7592     4.9936     0.0000     0.0436     0.1090          1 0.0000e+00
   3461.729    103.395    102.454    11.5940    11.5892   4.016303   4.016532    35.5000    35.5069     2.6167  261.02027     0.0000     0.0000     2.6121     4.7589     4.9935     0.0000     0.0415     0.1079          1 0.0000e+00
   3462.229    103.105    102.172    11.5921    11.5904   4.016124   4.016607    35.5003    35.5067     2.6175  261.20886     0.0000     0.0000     2.6129     4.7589     4.9935     0.0000     0.0424     0.1079          1 0.0000e+00
   3462.729    102.784    101.854    11.5954    11.5881   4.016474   4.016282    35.5007    35.5059     2.6183  261.45570     0.0000     0.0000     2.6137     4.7584     4.9936     0.0000     0.0439     0.1084          1 0.0000e+00
   3463.229    102.419    101.491    11.5976    11.5929   4.016665   4.016978    35.5006    35.5083     2.6188  261.68082     0.0000     0.0000     2.6142     4.7578     4.9936     0.0000     0.0435     0.1087          1 0.0000e+00
   3463.729    101.986    101.067    11.5980    11.5964   4.016667   4.017196    35.5004    35.5072     2.6186  261.58721     0.0000     0.0000     2.6140     4.7577     4.9934     0.0000     0.0416     0.1095          1 0.0000e+00
   3464.229    101.477    100.561    11.6022    11.6002   4.017088   4.017655    35.5007    35.5082     2.6178  261.26583     0.0000     0.0000     2.6132     4.7580     4.9937     0.0000     0.0418     0.1095          1 0.0000e+00
   3464.729    100.901     99.992    11.6085    11.6078   4.017666   4.018370    35.5005    35.5081     2.6180  261.02756     0.0000     0.0000     2.6134     4.7590     4.9935     0.0000     0.0440     0.1085          1 0.0000e+00
   3465.229    100.270     99.360    11.6126    11.6136   4.017835   4.018859    35.4985    35.5076     2.6189  261.19309     0.0000     0.0000     2.6143     4.7574     4.9936     0.0000     0.0440     0.1083          1 0.0000e+00
   3465.729     99.622     98.718    11.6174    11.6173   4.018441   4.019178    35.5001    35.5074     2.6199  261.49909     0.0000     0.0000     2.6153     4.7568     4.9934     0.0000     0.0440     0.1097          1 0.0000e+00
   3466.229     98.990     98.087    11.6198    11.6199   4.018649   4.019362    35.5001    35.5071     2.6210  261.83532     0.0000     0.0000     2.6164     4.7565     4.9935     0.0000     0.0440     0.1093          1 0.0000e+00
   3466.729     98.388     97.491    11.6222    11.6226   4.018884   4.019632    35.5004    35.5074     2.6218  261.92859     0.0000     0.0000     2.6172     4.7554     4.9936     0.0000     0.0450     0.1096          1 0.0000e+00
   3467.229     97.846     96.952    11.6229    11.6248   4.018914   4.019805    35.5004    35.5073     2.6225  261.99233     0.0000     0.0000     2.6179     4.7542     4.9936     0.0000     0.0452     0.1097          1 0.0000e+00
   3467.729     97.379     96.484    11.6225    11.6256   4.018847   4.019843    35.5004    35.5071     2.6237  262.11214     0.0000     0.0000     2.6191     4.7525     4.9940     0.0000     0.0452     0.1097          1 0.0000e+00
   3468.229     97.002     96.116    11.6124    11.6204   4.017896   4.019212    35.5012    35.5063     2.6247  262.29724     0.0000     0.0000     2.6201     4.7522     4.9935     0.0000     0.0452     0.1097          1 0.0000e+00
   3468.729     96.713     95.824    11.6146    11.6180   4.018091   4.019077    35.5010    35.5074     2.6245  262.17766     0.0000     0.0000     2.6199     4.7535     4.9935     0.0000     0.0445     0.1104          1 0.0000e+00
   3469.229     96.510     95.636    11.6173    11.6181   4.018313   4.019030    35.5007    35.5070     2.6243  261.93523     0.0000     0.0000     2.6197     4.7536     4.9936     0.0000     0.0440     0.1109          1 0.0000e+00
   3469.729     96.322     95.447    11.6185    11.6192   4.018443   4.019156    35.5010    35.5073     2.6236  261.60039     0.0000     0.0000     2.6190     4.7541     4.9934     0.0000     0.0446     0.1108          1 0.0000e+00
   3470.229     96.113     95.244    11.6253    11.6178   4.019071   4.018969    35.5006    35.5070     2.6236  261.44770     0.0000     0.0000     2.6190     4.7545     4.9936     0.0000     0.0452     0.1111          1 0.0000e+00
   3470.729     95.875     95.011    11.6266    11.6169   4.019168   4.018884    35.5005    35.5072     2.6236  261.48839     0.0000     0.0000     2.6190     4.7548     4.9937     0.0000     0.0465     0.1106          1 0.0000e+00
   3471.229     95.581     94.717    11.6248    11.6168   4.019060   4.018861    35.5013    35.5072     2.6228  261.38674     0.0000     0.0000     2.6182     4.7541     4.9937     0.0000     0.0488     0.1097          1 0.0000e+00
   3471.729     95.220     94.365    11.6256    11.6209   4.019054   4.019391    35.5007    35.5086     2.6224  261.23787     0.0000     0.0000     2.6178     4.7544     4.9936     0.0000     0.0485     0.1099          1 0.0000e+00
   3472.229     94.795     93.944    11.6263    11.6259   4.019091   4.019703    35.5006    35.5070     2.6231  261.31069     0.0000     0.0000     2.6185     4.7537     4.9938     0.0000     0.0473     0.1110          1 0.0000e+00
   3472.729     94.291     93.441    11.6267    11.6261   4.019154   4.019848    35.5011    35.5085     2.6244  261.70269     0.0000     0.0000     2.6198     4.7531     4.9935     0.0000     0.0476     0.1105          1 0.0000e+00
   3473.229     93.717     92.873    11.6454    11.6424   4.021107   4.021749    35.5023    35.5115     2.6249  261.92883     0.0000     0.0000     2.6203     4.7524     4.9937     0.0000     0.0474     0.1095          1 0.0000e+00
   3473.729     93.089     92.247    11.6521    11.6505   4.021647   4.022229    35.5013    35.5086     2.6260  262.08601     0.0000     0.0000     2.6214     4.7523     4.9933     0.0000     0.0474     0.1099          1 0.0000e+00
   3474.229     92.427     91.596    11.6530    11.6523   4.021704   4.022349    35.5014    35.5083     2.6271  262.20342     0.0000     0.0000     2.6225     4.7514     4.9936     0.0000     0.0453     0.1104          1 0.0000e+00
   3474.729     91.749     90.912    11.6541    11.6543   4.021828   4.022548    35.5018    35.5087     2.6269  262.07919     0.0000     0.0000     2.6223     4.7503     4.9934     0.0000     0.0452     0.1106          1 0.0000e+00
   3475.229     91.094     90.266    11.6579    11.6573   4.022165   4.022817    35.5019    35.5088     2.6267  261.86074     0.0000     0.0000     2.6221     4.7496     4.9938     0.0000     0.0483     0.1161          1 0.0000e+00
   3475.729     90.478     89.646    11.6582    11.6587   4.022167   4.022892    35.5019    35.5085     2.6268  261.64204     0.0000     0.0000     2.6222     4.7492     4.9935     0.0000     0.0488     0.1172          1 0.0000e+00
   3476.229     89.921     89.107    11.6581    11.6592   4.022121   4.022901    35.5019    35.5085     2.6272  261.65856     0.0000     0.0000     2.6226     4.7482     4.9937     0.0000     0.0515     0.1115          1 0.0000e+00
   3476.729     89.440     88.621    11.6562    11.6581   4.021924   4.022724    35.5021    35.5080     2.6281  261.90931     0.0000     0.0000     2.6235     4.7483     4.9936     0.0000     0.0525     0.1098          1 0.0000e+00
   3477.229     89.065     88.247    11.6532    11.6523   4.021519   4.022114    35.5012    35.5079     2.6284  262.06391     0.0000     0.0000     2.6238     4.7486     4.9937     0.0000     0.0513     0.1111          1 0.0000e+00
   3477.729     88.819     88.005    11.6540    11.6525   4.021666   4.022206    35.5021    35.5088     2.6282  261.97382     0.0000     0.0000     2.6236     4.7485     4.9935     0.0000     0.0506     0.1119          1 0.0000e+00
   3478.229     88.684     87.870    11.6550    11.6535   4.021758   4.022263    35.5021    35.5085     2.6276  261.72099     0.0000     0.0000     2.6230     4.7485     4.9937     0.0000     0.0495     0.1102          1 0.0000e+00
   3478.729     88.614     87.817    11.6552    11.6533   4.021784   4.022277    35.5022    35.5089     2.6265  261.34965     0.0000     0.0000     2.6219     4.7485     4.9938     0.0000     0.0488     0.1086          1 0.0000e+00
   3479.229     88.534     87.740    11.6588    11.6561   4.022123   4.022550    35.5021    35.5089     2.6246  260.84805     0.0000     0.0000     2.6201     4.7481     4.9938     0.0000     0.0500     0.1093          1 0.0000e+00
   3479.729     88.400     87.604    11.6588    11.6570   4.022130   4.022609    35.5022    35.5088     2.6239  260.59166     0.0000     0.0000     2.6193     4.7484     4.9937     0.0000     0.0525     0.1108          1 0.0000e+00
   3480.229     88.170     87.384    11.6597    11.6569   4.022201   4.022559    35.5022    35.5085     2.6246  260.80641     0.0000     0.0000     2.6201     4.7491     4.9937     0.0000     0.0519     0.1104          1 0.0000e+00
   3480.729     87.825     87.042    11.6600    11.6548   4.022199   4.022384    35.5022    35.5090     2.6261  261.41988     0.0000     0.0000     2.6215     4.7495     4.9938     0.0000     0.0502     0.1096          1 0.0000e+00
   3481.229     87.376     86.593    11.6583    11.6562   4.022042   4.022454    35.5025    35.5086     2.6268  261.86491     0.0000     0.0000     2.6222     4.7474     4.9938     0.0000     0.0504     0.1098          1 0.0000e+00
   3481.729     86.833     86.051    11.6580    11.6557   4.021992   4.022430    35.5026    35.5091     2.6280  262.15394     0.0000     0.0000     2.6234     4.7474     4.9935     0.0000     0.0504     0.1096          1 0.0000e+00
   3482.229     86.212     85.441    11.6654    11.6620   4.022752   4.023205    35.5031    35.5109     2.6285  262.13427     0.0000     0.0000     2.6239     4.7475     4.9934     0.0000     0.0502     0.1095          1 0.0000e+00
