odissea/cruise_data/ce25007/data/ctd/ce25007_006.cnv
* Sea-Bird SBE 9 Data File:
* FileName = C:\CE_CTD_Data\2025_CTD_Data\CE25007\CE25007_006.hdr
* Software Version Seasave V 7.26.7.121
* Temperature SN = 4382
* Conductivity SN = 2796
* Number of Bytes Per Scan = 40
* Number of Voltage Words = 5
* Number of Scans Averaged by the Deck Unit = 1
* NMEA Latitude = 52 59.67 N
* NMEA Longitude = 014 54.59 W
* NMEA UTC (Time) = May 10 2025 07:28:40
* NMEA baud rate = 4800
** Cruise: CE18001
** PSO: Caroline Cusack
** CTD operator:
** Technician:
** Cast No:
** Station:
** Event No:
** Sea state:
** Wind speed:
** Sounding depth
# nquan = 21
# nvalues = 12182                       
# units = specified
# name 0 = timeS: Time, Elapsed [seconds]
# name 1 = prDM: Pressure, Digiquartz [db]
# name 2 = depSM: Depth [salt water, m]
# name 3 = t090C: Temperature [ITS-90, deg C]
# name 4 = t190C: Temperature, 2 [ITS-90, deg C]
# name 5 = c0S/m: Conductivity [S/m]
# name 6 = c1S/m: Conductivity, 2 [S/m]
# name 7 = sal00: Salinity, Practical [PSU]
# name 8 = sal11: Salinity, Practical, 2 [PSU]
# name 9 = sbeox0V: Oxygen raw, SBE 43 [V]
# name 10 = sbeox0Mm/L: Oxygen, SBE 43 [umol/l]
# name 11 = v0: Voltage 0
# name 12 = v1: Voltage 1
# name 13 = v2: Voltage 2
# name 14 = v3: Voltage 3
# name 15 = v4: Voltage 4
# name 16 = v5: Voltage 5
# name 17 = v6: Voltage 6
# name 18 = v7: Voltage 7
# name 19 = pumps: Pump Status
# name 20 = flag: flag
# span 0 =      0.229,   6090.646       
# span 1 =     -0.359,   1006.677       
# span 2 =     -0.362,    995.389       
# span 3 =     7.4303,    13.3834       
# span 4 =     7.4316,    13.3838       
# span 5 =  -0.002485,   4.198076       
# span 6 =   0.048927,   4.198655       
# span 7 =     0.0694,    36.1280       
# span 8 =     0.3084,    36.3512       
# span 9 =     1.8161,     3.1533       
# span 10 =  187.18860,  345.39134      
# span 11 =     0.0000,     0.0000      
# span 12 =     0.0000,     0.0000      
# span 13 =     1.8157,     3.1533      
# span 14 =     0.0035,     4.8623      
# span 15 =     0.0052,     5.0000      
# span 16 =     0.0000,     0.0000      
# span 17 =     0.0195,     4.9315      
# span 18 =     0.0562,     4.9512      
# span 19 =          0,          1      
# span 20 = 0.0000e+00, 0.0000e+00      
# interval = seconds: 0.5               
# start_time = May 10 2025 07:28:40 [NMEA time, header]
# bad_flag = -9.990e-29
*END*
[from data line 11518]
   5759.229     26.006     25.776    12.8674    12.8672   4.145011   4.145682    35.5771    35.5838     2.7506  267.26401     0.0000     0.0000     2.7449     4.7421     4.9928     0.0000     0.0533     0.1105          1 0.0000e+00
   5759.729     26.197     25.967    12.8652    12.8656   4.144816   4.145534    35.5773    35.5838     2.7493  267.13263     0.0000     0.0000     2.7436     4.7324     4.9630     0.0000     0.0523     0.1084          1 0.0000e+00
   5760.229     26.337     26.110    12.8665    12.8663   4.144987   4.145632    35.5776    35.5840     2.7490  267.12403     0.0000     0.0000     2.7433     4.7411     4.8190     0.0000     0.0525     0.1087          1 0.0000e+00
   5760.729     26.406     26.178    12.8653    12.8661   4.144845   4.145597    35.5774    35.5839     2.7488  267.19920     0.0000     0.0000     2.7431     4.7464     4.9929     0.0000     0.0547     0.1117          1 0.0000e+00
   5761.229     26.394     26.165    12.8635    12.8653   4.144615   4.145480    35.5770    35.5835     2.7493  267.47109     0.0000     0.0000     2.7436     4.7286     4.9929     0.0000     0.0549     0.1123          1 0.0000e+00
   5761.729     26.300     26.077    12.8631    12.8629   4.144598   4.145242    35.5772    35.5837     2.7492  267.60317     0.0000     0.0000     2.7435     4.7321     4.9927     0.0000     0.0528     0.1110          1 0.0000e+00
   5762.229     26.128     25.899    12.8877    12.8658   4.147172   4.145567    35.5782    35.5840     2.7479  267.27685     0.0000     0.0000     2.7423     4.7409     4.9931     0.0000     0.0525     0.1105          1 0.0000e+00
   5762.729     25.906     25.673    12.9013    12.8725   4.148467   4.146229    35.5776    35.5840     2.7479  267.07336     0.0000     0.0000     2.7423     4.7438     4.9930     0.0000     0.0551     0.1099          1 0.0000e+00
   5763.229     25.681     25.451    12.8954    12.8889   4.147846   4.147970    35.5775    35.5849     2.7480  267.07768     0.0000     0.0000     2.7424     4.7459     4.9931     0.0000     0.0562     0.1093          1 0.0000e+00
   5763.729     25.465     25.240    12.8973    12.8799   4.148064   4.146956    35.5779    35.5840     2.7490  267.33369     0.0000     0.0000     2.7433     4.7446     4.5285     0.0000     0.0557     0.1103          1 0.0000e+00
   5764.229     25.266     25.040    12.8881    12.8819   4.147135   4.147156    35.5780    35.5842     2.7504  267.82447     0.0000     0.0000     2.7447     4.7449     4.9933     0.0000     0.0549     0.1109          1 0.0000e+00
   5764.729     25.085     24.854    12.8837    12.8790   4.146653   4.146884    35.5778    35.5844     2.7510  268.05111     0.0000     0.0000     2.7453     4.7469     4.9930     0.0000     0.0536     0.1096          1 0.0000e+00
   5765.229     24.938     24.714    12.8828    12.8798   4.146554   4.146978    35.5779    35.5846     2.7521  268.24308     0.0000     0.0000     2.7464     4.7431     4.9931     0.0000     0.0525     0.1084          1 0.0000e+00
   5765.729     24.829     24.605    12.8811    12.8801   4.146396   4.146972    35.5780    35.5844     2.7528  268.29542     0.0000     0.0000     2.7472     4.7403     4.7388     0.0000     0.0535     0.1099          1 0.0000e+00
   5766.229     24.784     24.558    12.8807    12.8804   4.146364   4.147007    35.5782    35.5845     2.7517  268.00053     0.0000     0.0000     2.7460     4.7443     4.8055     0.0000     0.0547     0.1134          1 0.0000e+00
   5766.729     24.786     24.562    12.8805    12.8811   4.146318   4.147084    35.5779    35.5846     2.7516  267.74952     0.0000     0.0000     2.7459     4.7454     3.7534     0.0000     0.0532     0.1128          1 0.0000e+00
   5767.229     24.842     24.612    12.8811    12.8814   4.146420   4.147132    35.5783    35.5847     2.7513  267.52935     0.0000     0.0000     2.7456     4.7485     4.9930     0.0000     0.0535     0.1110          1 0.0000e+00
   5767.729     24.953     24.724    12.8811    12.8806   4.146416   4.147026    35.5782    35.5845     2.7508  267.45002     0.0000     0.0000     2.7451     4.7486     4.9928     0.0000     0.0534     0.1107          1 0.0000e+00
   5768.229     25.126     24.901    12.8782    12.8777   4.146103   4.146745    35.5780    35.5845     2.7514  267.64616     0.0000     0.0000     2.7457     4.7486     4.7541     0.0000     0.0551     0.1108          1 0.0000e+00
   5768.729     25.366     25.136    12.8761    12.8751   4.145898   4.146488    35.5780    35.5845     2.7520  267.87307     0.0000     0.0000     2.7463     4.7495     4.9787     0.0000     0.0549     0.1106          1 0.0000e+00
   5769.229     25.658     25.427    12.8730    12.8727   4.145600   4.146251    35.5780    35.5844     2.7515  267.94175     0.0000     0.0000     2.7458     4.7493     4.9929     0.0000     0.0525     0.1106          1 0.0000e+00
   5769.729     25.970     25.738    12.8710    12.8706   4.145421   4.146056    35.5781    35.5844     2.7496  267.53187     0.0000     0.0000     2.7440     4.7457     4.9928     0.0000     0.0523     0.1102          1 0.0000e+00
   5770.229     26.264     26.038    12.8628    12.8609   4.144547   4.144994    35.5775    35.5835     2.7484  267.10358     0.0000     0.0000     2.7428     4.7442     4.9881     0.0000     0.0531     0.1078          1 0.0000e+00
   5770.729     26.511     26.279    12.8549    12.8553   4.143771   4.144489    35.5776    35.5840     2.7474  266.85303     0.0000     0.0000     2.7417     4.7427     4.9421     0.0000     0.0536     0.1074          1 0.0000e+00
   5771.229     26.682     26.452    12.8539    12.8539   4.143673   4.144366    35.5774    35.5840     2.7465  266.81430     0.0000     0.0000     2.7408     4.7463     4.9929     0.0000     0.0544     0.1100          1 0.0000e+00
   5771.729     26.761     26.535    12.8543    12.8531   4.143713   4.144225    35.5774    35.5834     2.7456  266.77994     0.0000     0.0000     2.7399     4.7473     4.8294     0.0000     0.0549     0.1105          1 0.0000e+00
   5772.229     26.725     26.500    12.8514    12.8545   4.143383   4.144450    35.5770    35.5842     2.7460  266.96454     0.0000     0.0000     2.7403     4.7443     4.9897     0.0000     0.0549     0.1123          1 0.0000e+00
   5772.729     26.579     26.345    12.8648    12.8626   4.144863   4.145247    35.5782    35.5841     2.7468  267.24158     0.0000     0.0000     2.7411     4.7452     4.9928     0.0000     0.0549     0.1131          1 0.0000e+00
   5773.229     26.355     26.125    12.8796    12.8720   4.146367   4.146269    35.5784    35.5849     2.7472  267.41806     0.0000     0.0000     2.7415     4.7455     4.9929     0.0000     0.0549     0.1120          1 0.0000e+00
   5773.729     26.102     25.865    12.8807    12.8813   4.146409   4.147108    35.5779    35.5840     2.7470  267.44331     0.0000     0.0000     2.7413     4.7409     4.9930     0.0000     0.0549     0.1107          1 0.0000e+00
   5774.229     25.863     25.632    12.8788    12.8795   4.146178   4.146908    35.5777    35.5839     2.7472  267.34362     0.0000     0.0000     2.7415     4.7397     4.9893     0.0000     0.0544     0.1100          1 0.0000e+00
   5774.729     25.655     25.421    12.8767    12.8755   4.146003   4.146554    35.5781    35.5845     2.7480  267.46337     0.0000     0.0000     2.7424     4.7422     4.9690     0.0000     0.0534     0.1078          1 0.0000e+00
   5775.229     25.528     25.292    12.8756    12.8746   4.145895   4.146406    35.5782    35.5841     2.7488  267.63756     0.0000     0.0000     2.7432     4.7437     4.9928     0.0000     0.0536     0.1086          1 0.0000e+00
   5775.729     25.504     25.267    12.8747    12.8691   4.145771   4.145899    35.5780    35.5845     2.7494  267.83906     0.0000     0.0000     2.7438     4.7470     4.9930     0.0000     0.0549     0.1105          1 0.0000e+00
   5776.229     25.557     25.331    12.8709    12.8680   4.145358   4.145781    35.5777    35.5844     2.7507  268.07168     0.0000     0.0000     2.7451     4.7472     4.9935     0.0000     0.0548     0.1105          1 0.0000e+00
   5776.729     25.627     25.402    12.8689    12.8673   4.145175   4.145714    35.5777    35.5845     2.7514  268.19042     0.0000     0.0000     2.7457     4.7476     4.9930     0.0000     0.0532     0.1096          1 0.0000e+00
   5777.229     25.654     25.427    12.8670    12.8663   4.144990   4.145595    35.5778    35.5843     2.7517  268.20635     0.0000     0.0000     2.7460     4.7484     4.9929     0.0000     0.0533     0.1097          1 0.0000e+00
   5777.729     25.636     25.418    12.8664    12.8678   4.144936   4.145758    35.5779    35.5844     2.7505  267.86901     0.0000     0.0000     2.7449     4.7477     4.9931     0.0000     0.0576     0.1099          1 0.0000e+00
   5778.229     25.561     25.335    12.8690    12.8693   4.145211   4.145909    35.5780    35.5844     2.7505  267.62854     0.0000     0.0000     2.7449     4.7474     4.9929     0.0000     0.0582     0.1097          1 0.0000e+00
   5778.729     25.463     25.229    12.8722    12.8720   4.145515   4.146206    35.5779    35.5847     2.7498  267.38826     0.0000     0.0000     2.7442     4.7492     4.4509     0.0000     0.0536     0.1086          1 0.0000e+00
   5779.229     25.402     25.174    12.8747    12.8742   4.145781   4.146398    35.5781    35.5845     2.7493  267.29466     0.0000     0.0000     2.7437     4.7503     4.9838     0.0000     0.0521     0.1084          1 0.0000e+00
   5779.729     25.403     25.170    12.8738    12.8729   4.145676   4.146270    35.5780    35.5845     2.7496  267.37952     0.0000     0.0000     2.7440     4.7477     4.9927     0.0000     0.0541     0.1100          1 0.0000e+00
   5780.229     25.482     25.249    12.8729    12.8706   4.145586   4.146040    35.5779    35.5845     2.7504  267.63683     0.0000     0.0000     2.7448     4.7482     4.9931     0.0000     0.0549     0.1107          1 0.0000e+00
   5780.729     25.642     25.407    12.8705    12.8709   4.145367   4.146072    35.5781    35.5844     2.7513  267.98682     0.0000     0.0000     2.7457     4.7509     4.9931     0.0000     0.0540     0.1102          1 0.0000e+00
   5781.229     25.865     25.632    12.8699    12.8699   4.145309   4.145998    35.5780    35.5846     2.7516  268.16575     0.0000     0.0000     2.7460     4.7445     4.9928     0.0000     0.0534     0.1094          1 0.0000e+00
   5781.729     26.115     25.884    12.8696    12.8701   4.145286   4.146031    35.5780    35.5846     2.7515  268.07130     0.0000     0.0000     2.7459     4.7389     4.9931     0.0000     0.0519     0.1112          1 0.0000e+00
   5782.229     26.366     26.134    12.8666    12.8666   4.144976   4.145679    35.5778    35.5845     2.7516  267.97181     0.0000     0.0000     2.7460     4.7479     4.9930     0.0000     0.0502     0.1132          1 0.0000e+00
   5782.729     26.585     26.355    12.8659    12.8650   4.144920   4.145506    35.5778    35.5843     2.7515  267.87325     0.0000     0.0000     2.7459     4.7475     4.9931     0.0000     0.0522     0.1126          1 0.0000e+00
   5783.229     26.763     26.530    12.8612    12.8574   4.144429   4.144723    35.5776    35.5840     2.7508  267.76883     0.0000     0.0000     2.7452     4.7423     4.9930     0.0000     0.0562     0.1110          1 0.0000e+00
   5783.729     26.870     26.640    12.8588    12.8537   4.144161   4.144397    35.5773    35.5844     2.7508  267.71274     0.0000     0.0000     2.7452     4.7447     4.9929     0.0000     0.0562     0.1112          1 0.0000e+00
   5784.229     26.887     26.650    12.8563    12.8562   4.143963   4.144631    35.5777    35.5842     2.7505  267.67148     0.0000     0.0000     2.7449     4.7465     4.9928     0.0000     0.0562     0.1129          1 0.0000e+00
   5784.729     26.804     26.582    12.8583    12.8560   4.144153   4.144605    35.5777    35.5841     2.7494  267.50599     0.0000     0.0000     2.7438     4.7482     4.9929     0.0000     0.0562     0.1132          1 0.0000e+00
   5785.229     26.602     26.373    12.8689    12.8646   4.145285   4.145532    35.5783    35.5848     2.7479  267.09578     0.0000     0.0000     2.7423     4.7477     4.9928     0.0000     0.0562     0.1123          1 0.0000e+00
   5785.729     26.323     26.090    12.8728    12.8753   4.145632   4.146614    35.5780    35.5849     2.7470  266.80959     0.0000     0.0000     2.7414     4.7451     4.9929     0.0000     0.0562     0.1119          1 0.0000e+00
   5786.229     26.039     25.805    12.8701    12.8743   4.145336   4.146439    35.5780    35.5843     2.7468  266.80498     0.0000     0.0000     2.7412     4.7411     4.9930     0.0000     0.0594     0.1121          1 0.0000e+00
   5786.729     25.772     25.541    12.8694    12.8751   4.145284   4.146404    35.5782    35.5833     2.7470  267.04527     0.0000     0.0000     2.7414     4.7376     4.9852     0.0000     0.0595     0.1119          1 0.0000e+00
   5787.229     25.535     25.297    12.8686    12.8735   4.145197   4.146369    35.5782    35.5847     2.7480  267.40680     0.0000     0.0000     2.7424     4.7419     3.9432     0.0000     0.0536     0.1100          1 0.0000e+00
   5787.729     25.382     25.145    12.8703    12.8737   4.145345   4.146357    35.5780    35.5845     2.7495  267.82347     0.0000     0.0000     2.7439     4.7430     4.9927     0.0000     0.0534     0.1097          1 0.0000e+00
   5788.229     25.348     25.114    12.8707    12.8708   4.145395   4.146084    35.5782    35.5847     2.7509  268.20490     0.0000     0.0000     2.7453     4.7455     4.9826     0.0000     0.0543     0.1088          1 0.0000e+00
   5788.729     25.406     25.179    12.8695    12.8702   4.145256   4.145996    35.5779    35.5845     2.7520  268.46124     0.0000     0.0000     2.7464     4.7440     4.4431     0.0000     0.0549     0.1085          1 0.0000e+00
   5789.229     25.491     25.267    12.8696    12.8699   4.145266   4.145972    35.5780    35.5845     2.7522  268.40458     0.0000     0.0000     2.7466     4.7411     4.9877     0.0000     0.0549     0.1092          1 0.0000e+00
   5789.729     25.557     25.330    12.8691    12.8677   4.145212   4.145757    35.5779    35.5845     2.7526  268.27961     0.0000     0.0000     2.7471     4.7447     4.9927     0.0000     0.0549     0.1096          1 0.0000e+00
   5790.229     25.607     25.378    12.8680    12.8687   4.145109   4.145851    35.5780    35.5844     2.7519  267.99453     0.0000     0.0000     2.7463     4.7457     4.9929     0.0000     0.0537     0.1103          1 0.0000e+00
   5790.729     25.667     25.435    12.8679    12.8688   4.145090   4.145874    35.5778    35.5845     2.7505  267.57526     0.0000     0.0000     2.7449     4.7456     4.9927     0.0000     0.0524     0.1107          1 0.0000e+00
   5791.229     25.773     25.531    12.8677    12.8689   4.145088   4.145882    35.5779    35.5845     2.7504  267.37060     0.0000     0.0000     2.7448     4.7441     4.9931     0.0000     0.0529     0.1106          1 0.0000e+00
   5791.729     25.920     25.696    12.8690    12.8696   4.145238   4.145979    35.5781    35.5846     2.7504  267.40927     0.0000     0.0000     2.7448     4.7433     4.9930     0.0000     0.0532     0.1106          1 0.0000e+00
   5792.229     26.091     25.860    12.8694    12.8700   4.145282   4.146016    35.5781    35.5845     2.7494  267.40768     0.0000     0.0000     2.7438     4.7479     4.9930     0.0000     0.0531     0.1097          1 0.0000e+00
   5792.729     26.271     26.037    12.8689    12.8692   4.145235   4.145958    35.5780    35.5846     2.7492  267.38766     0.0000     0.0000     2.7436     4.7500     4.9929     0.0000     0.0525     0.1073          1 0.0000e+00
