odissea/cruise_data/ce25007/data/ctd/ce25007_020.cnv
* Sea-Bird SBE 9 Data File:
* FileName = C:\CE_CTD_Data\2025_CTD_Data\CE25007\CE25007_020.hdr
* Software Version Seasave V 7.26.7.121
* Temperature SN = 4382
* Conductivity SN = 2796
* Number of Bytes Per Scan = 40
* Number of Voltage Words = 5
* Number of Scans Averaged by the Deck Unit = 1
* NMEA Latitude = 54 32.47 N
* NMEA Longitude = 019 18.45 W
* NMEA UTC (Time) = May 15 2025 07:29:00
* NMEA baud rate = 4800
** Cruise: CE18001
** PSO: Caroline Cusack
** CTD operator:
** Technician:
** Cast No:
** Station:
** Event No:
** Sea state:
** Wind speed:
** Sounding depth
# nquan = 21
# nvalues = 11844                       
# units = specified
# name 0 = timeS: Time, Elapsed [seconds]
# name 1 = prDM: Pressure, Digiquartz [db]
# name 2 = depSM: Depth [salt water, m]
# name 3 = t090C: Temperature [ITS-90, deg C]
# name 4 = t190C: Temperature, 2 [ITS-90, deg C]
# name 5 = c0S/m: Conductivity [S/m]
# name 6 = c1S/m: Conductivity, 2 [S/m]
# name 7 = sal00: Salinity, Practical [PSU]
# name 8 = sal11: Salinity, Practical, 2 [PSU]
# name 9 = sbeox0V: Oxygen raw, SBE 43 [V]
# name 10 = sbeox0Mm/L: Oxygen, SBE 43 [umol/l]
# name 11 = v0: Voltage 0
# name 12 = v1: Voltage 1
# name 13 = v2: Voltage 2
# name 14 = v3: Voltage 3
# name 15 = v4: Voltage 4
# name 16 = v5: Voltage 5
# name 17 = v6: Voltage 6
# name 18 = v7: Voltage 7
# name 19 = pumps: Pump Status
# name 20 = flag: flag
# span 0 =      0.229,   5921.521       
# span 1 =     -0.260,   1370.376       
# span 2 =     -0.267,   1353.633       
# span 3 =     4.3185,    14.6112       
# span 4 =     4.3187,    14.6945       
# span 5 =   0.012530,   4.133530       
# span 6 =   0.026396,   4.124182       
# span 7 =     0.0764,    35.6172       
# span 8 =     0.1593,    35.5318       
# span 9 =     1.8317,     2.8426       
# span 10 =  189.30969,  335.24042      
# span 11 =     0.0000,     0.0000      
# span 12 =     0.0000,     0.0000      
# span 13 =     1.8282,     2.8426      
# span 14 =     0.0035,     4.8450      
# span 15 =     0.3716,     5.0000      
# span 16 =     0.0000,     0.0000      
# span 17 =     0.0049,     0.4469      
# span 18 =     0.0769,     4.9512      
# span 19 =          0,          1      
# span 20 = 0.0000e+00, 0.0000e+00      
# interval = seconds: 0.5               
# start_time = May 15 2025 07:29:00 [NMEA time, header]
# bad_flag = -9.990e-29
*END*
[from data line 3104]
   1552.229   1270.560   1255.328     4.6869     4.6860   3.372762   3.373217    34.9927    34.9989     1.9933  252.09173     0.0000     0.0000     1.9892     4.7025     4.9962     0.0000     0.0298     0.1047          1 0.0000e+00
   1552.729   1270.963   1255.723     4.6870     4.6876   3.372793   3.373369    34.9926    34.9986     1.9936  252.18451     0.0000     0.0000     1.9895     4.7027     4.9963     0.0000     0.0305     0.1055          1 0.0000e+00
   1553.229   1271.382   1256.125     4.6833     4.6843   3.372470   3.373091    34.9926    34.9987     1.9943  252.46922     0.0000     0.0000     1.9901     4.7026     4.9964     0.0000     0.0301     0.1052          1 0.0000e+00
   1553.729   1271.819   1256.564     4.6831     4.6833   3.372467   3.372996    34.9925    34.9984     1.9945  252.64950     0.0000     0.0000     1.9903     4.7026     4.9964     0.0000     0.0293     0.1053          1 0.0000e+00
   1554.229   1272.267   1257.009     4.6810     4.6815   3.372300   3.372880    34.9926    34.9987     1.9949  252.77800     0.0000     0.0000     1.9907     4.7026     4.9963     0.0000     0.0293     0.1048          1 0.0000e+00
   1554.729   1272.728   1257.459     4.6770     4.6786   3.371896   3.372586    34.9919    34.9981     1.9956  252.93105     0.0000     0.0000     1.9915     4.7026     4.9819     0.0000     0.0293     0.1032          1 0.0000e+00
   1555.229   1273.213   1257.929     4.6686     4.6691   3.371108   3.371676    34.9915    34.9976     1.9956  253.00319     0.0000     0.0000     1.9915     4.7028     4.9372     0.0000     0.0294     0.1033          1 0.0000e+00
   1555.729   1273.726   1258.438     4.6662     4.6663   3.370919   3.371448    34.9916    34.9976     1.9956  252.91441     0.0000     0.0000     1.9915     4.7028     4.9465     0.0000     0.0305     0.1056          1 0.0000e+00
   1556.229   1274.271   1258.975     4.6644     4.6648   3.370762   3.371308    34.9913    34.9972     1.9955  252.69241     0.0000     0.0000     1.9914     4.7025     4.9355     0.0000     0.0305     0.1055          1 0.0000e+00
   1556.729   1274.860   1259.564     4.6636     4.6636   3.370700   3.371226    34.9911    34.9971     1.9954  252.52012     0.0000     0.0000     1.9913     4.7028     4.9024     0.0000     0.0293     0.1068          1 0.0000e+00
   1557.229   1275.468   1260.154     4.6609     4.6612   3.370468   3.371014    34.9909    34.9970     1.9952  252.48080     0.0000     0.0000     1.9911     4.7023     4.8723     0.0000     0.0293     0.1072          1 0.0000e+00
   1557.729   1276.128   1260.801     4.6532     4.6534   3.369721   3.370258    34.9901    34.9961     1.9956  252.70035     0.0000     0.0000     1.9915     4.7018     4.8438     0.0000     0.0293     0.1069          1 0.0000e+00
   1558.229   1276.821   1261.486     4.6466     4.6469   3.369182   3.369732    34.9906    34.9967     1.9958  252.96085     0.0000     0.0000     1.9917     4.7020     4.8091     0.0000     0.0293     0.1068          1 0.0000e+00
   1558.729   1277.505   1262.176     4.6462     4.6461   3.369156   3.369678    34.9903    34.9964     1.9954  252.91950     0.0000     0.0000     1.9913     4.7016     4.7770     0.0000     0.0293     0.1055          1 0.0000e+00
   1559.229   1278.140   1262.797     4.6462     4.6466   3.369224   3.369771    34.9907    34.9966     1.9953  252.71166     0.0000     0.0000     1.9911     4.7019     4.7549     0.0000     0.0293     0.1053          1 0.0000e+00
   1559.729   1278.727   1263.381     4.6471     4.6472   3.369347   3.369868    34.9907    34.9967     1.9957  252.69016     0.0000     0.0000     1.9915     4.7018     4.7217     0.0000     0.0307     0.1039          1 0.0000e+00
   1560.229   1279.206   1263.846     4.6466     4.6466   3.369295   3.369825    34.9904    34.9966     1.9953  252.71608     0.0000     0.0000     1.9911     4.7021     4.6907     0.0000     0.0316     0.1032          1 0.0000e+00
   1560.729   1279.571   1264.207     4.6474     4.6475   3.369417   3.369949    34.9907    34.9967     1.9961  253.04654     0.0000     0.0000     1.9919     4.7021     4.6717     0.0000     0.0317     0.1056          1 0.0000e+00
   1561.229   1279.838   1264.472     4.6476     4.6480   3.369454   3.369992    34.9907    34.9965     1.9969  253.56269     0.0000     0.0000     1.9927     4.7022     4.6586     0.0000     0.0317     0.1076          1 0.0000e+00
   1561.729   1280.038   1264.662     4.6493     4.6476   3.369645   3.369978    34.9910    34.9967     1.9970  253.74605     0.0000     0.0000     1.9928     4.7020     4.6442     0.0000     0.0317     0.1061          1 0.0000e+00
   1562.229   1280.241   1264.854     4.6477     4.6475   3.369554   3.369984    34.9915    34.9967     1.9970  253.65852     0.0000     0.0000     1.9928     4.7019     4.6351     0.0000     0.0317     0.1031          1 0.0000e+00
   1562.729   1280.532   1265.135     4.6464     4.6464   3.369392   3.369913    34.9907    34.9968     1.9976  253.51101     0.0000     0.0000     1.9934     4.7019     4.6227     0.0000     0.0313     0.1034          1 0.0000e+00
   1563.229   1280.918   1265.516     4.6452     4.6452   3.369304   3.369827    34.9909    34.9969     1.9978  253.64958     0.0000     0.0000     1.9936     4.7014     4.6067     0.0000     0.0303     0.1044          1 0.0000e+00
   1563.729   1281.377   1265.982     4.6447     4.6449   3.369279   3.369810    34.9908    34.9967     1.9979  253.71439     0.0000     0.0000     1.9937     4.7018     4.5936     0.0000     0.0306     0.1044          1 0.0000e+00
   1564.229   1281.897   1266.480     4.6425     4.6425   3.369092   3.369602    34.9907    34.9966     1.9982  253.68455     0.0000     0.0000     1.9939     4.7015     4.5664     0.0000     0.0342     0.1053          1 0.0000e+00
   1564.729   1282.473   1267.050     4.6402     4.6399   3.368869   3.369372    34.9903    34.9964     1.9981  253.54277     0.0000     0.0000     1.9938     4.7013     4.5449     0.0000     0.0342     0.1055          1 0.0000e+00
   1565.229   1283.078   1267.652     4.6307     4.6304   3.367942   3.368438    34.9894    34.9954     1.9981  253.58659     0.0000     0.0000     1.9938     4.7014     4.5141     0.0000     0.0306     0.1056          1 0.0000e+00
   1565.729   1283.733   1268.305     4.6165     4.6169   3.366618   3.367188    34.9889    34.9950     1.9981  253.64683     0.0000     0.0000     1.9938     4.7012     4.4807     0.0000     0.0305     0.1056          1 0.0000e+00
   1566.229   1284.385   1268.942     4.6036     4.6038   3.365397   3.365926    34.9882    34.9942     1.9982  253.75917     0.0000     0.0000     1.9939     4.7012     4.4492     0.0000     0.0338     0.1053          1 0.0000e+00
   1566.729   1285.027   1269.581     4.5897     4.5898   3.364123   3.364666    34.9880    34.9941     1.9976  253.66172     0.0000     0.0000     1.9933     4.7010     4.4230     0.0000     0.0342     0.1055          1 0.0000e+00
   1567.229   1285.641   1270.174     4.5851     4.5860   3.363736   3.364332    34.9879    34.9940     1.9970  253.46803     0.0000     0.0000     1.9928     4.7010     4.3916     0.0000     0.0318     0.1055          1 0.0000e+00
   1567.729   1286.232   1270.761     4.5843     4.5845   3.363693   3.364214    34.9879    34.9938     1.9969  253.31584     0.0000     0.0000     1.9927     4.7011     4.3637     0.0000     0.0317     0.1054          1 0.0000e+00
   1568.229   1286.807   1271.332     4.5834     4.5840   3.363618   3.364180    34.9876    34.9935     1.9969  253.42338     0.0000     0.0000     1.9927     4.7006     4.3342     0.0000     0.0317     0.1063          1 0.0000e+00
   1568.729   1287.357   1271.875     4.5810     4.5821   3.363416   3.364024    34.9874    34.9933     1.9970  253.62980     0.0000     0.0000     1.9927     4.7002     4.3068     0.0000     0.0317     0.1068          1 0.0000e+00
   1569.229   1287.877   1272.384     4.5793     4.5798   3.363280   3.363847    34.9873    34.9934     1.9970  253.82724     0.0000     0.0000     1.9927     4.7001     4.2799     0.0000     0.0317     0.1054          1 0.0000e+00
   1569.729   1288.375   1272.868     4.5801     4.5804   3.363387   3.363906    34.9873    34.9931     1.9973  253.93431     0.0000     0.0000     1.9930     4.7005     4.2588     0.0000     0.0317     0.1046          1 0.0000e+00
   1570.229   1288.845   1273.343     4.5804     4.5805   3.363426   3.363946    34.9871    34.9931     1.9972  254.03719     0.0000     0.0000     1.9929     4.7001     4.2367     0.0000     0.0326     0.1043          1 0.0000e+00
   1570.729   1289.291   1273.773     4.5806     4.5806   3.363453   3.363975    34.9870    34.9930     1.9983  254.37826     0.0000     0.0000     1.9940     4.7001     4.2138     0.0000     0.0342     0.1046          1 0.0000e+00
   1571.229   1289.729   1274.199     4.5804     4.5806   3.363469   3.363997    34.9870    34.9930     1.9989  254.78162     0.0000     0.0000     1.9946     4.7001     4.1938     0.0000     0.0342     0.1047          1 0.0000e+00
   1571.729   1290.173   1274.644     4.5804     4.5807   3.363485   3.364030    34.9869    34.9929     1.9991  254.94345     0.0000     0.0000     1.9948     4.7001     4.1714     0.0000     0.0342     0.1054          1 0.0000e+00
   1572.229   1290.642   1275.098     4.5807     4.5810   3.363544   3.364080    34.9870    34.9929     1.9996  255.11027     0.0000     0.0000     1.9953     4.7002     4.1532     0.0000     0.0340     0.1051          1 0.0000e+00
   1572.729   1291.142   1275.598     4.5809     4.5796   3.363572   3.363978    34.9867    34.9928     2.0002  254.95116     0.0000     0.0000     1.9958     4.7000     4.1272     0.0000     0.0330     0.1055          1 0.0000e+00
   1573.229   1291.666   1276.117     4.5755     4.5737   3.363069   3.363409    34.9864    34.9922     2.0007  255.15912     0.0000     0.0000     1.9963     4.6999     4.1046     0.0000     0.0328     0.1052          1 0.0000e+00
   1573.729   1292.203   1276.637     4.5581     4.5575   3.361412   3.361889    34.9856    34.9917     2.0007  255.23551     0.0000     0.0000     1.9963     4.6998     4.0771     0.0000     0.0342     0.1056          1 0.0000e+00
   1574.229   1292.731   1277.161     4.5541     4.5545   3.361079   3.361639    34.9856    34.9917     2.0006  255.14910     0.0000     0.0000     1.9962     4.7001     4.0533     0.0000     0.0343     0.1053          1 0.0000e+00
   1574.729   1293.237   1277.663     4.5505     4.5505   3.360739   3.361270    34.9852    34.9913     2.0007  254.85117     0.0000     0.0000     1.9963     4.6995     4.0282     0.0000     0.0332     0.1053          1 0.0000e+00
   1575.229   1293.711   1278.135     4.5506     4.5488   3.360797   3.361129    34.9854    34.9912     2.0007  254.84109     0.0000     0.0000     1.9963     4.6997     4.0064     0.0000     0.0330     0.1055          1 0.0000e+00
   1575.729   1294.161   1278.561     4.5473     4.5474   3.360493   3.361004    34.9851    34.9910     2.0008  254.92419     0.0000     0.0000     1.9964     4.6995     3.9859     0.0000     0.0330     0.1055          1 0.0000e+00
   1576.229   1294.598   1279.005     4.5470     4.5468   3.360489   3.360979    34.9851    34.9910     2.0011  255.12146     0.0000     0.0000     1.9967     4.7000     3.9623     0.0000     0.0332     0.1056          1 0.0000e+00
   1576.729   1295.021   1279.419     4.5472     4.5472   3.360514   3.361037    34.9849    34.9910     2.0016  255.32704     0.0000     0.0000     1.9973     4.6996     3.9439     0.0000     0.0345     0.1068          1 0.0000e+00
   1577.229   1295.453   1279.846     4.5464     4.5467   3.360464   3.360999    34.9849    34.9907     2.0021  255.67849     0.0000     0.0000     1.9978     4.6996     3.9246     0.0000     0.0354     0.1082          1 0.0000e+00
   1577.729   1295.894   1280.266     4.5436     4.5450   3.360215   3.360867    34.9846    34.9907     2.0024  255.81540     0.0000     0.0000     1.9981     4.6997     3.9028     0.0000     0.0343     0.1076          1 0.0000e+00
   1578.229   1296.374   1280.756     4.5364     4.5379   3.359539   3.360214    34.9842    34.9904     2.0025  255.74790     0.0000     0.0000     1.9981     4.6992     3.8810     0.0000     0.0340     0.1072          1 0.0000e+00
   1578.729   1296.881   1281.244     4.5351     4.5361   3.359449   3.360074    34.9843    34.9905     2.0029  255.71863     0.0000     0.0000     1.9985     4.6991     3.8571     0.0000     0.0342     0.1075          1 0.0000e+00
   1579.229   1297.412   1281.770     4.5345     4.5350   3.359415   3.359981    34.9842    34.9902     2.0029  255.72467     0.0000     0.0000     1.9985     4.6990     3.8372     0.0000     0.0342     0.1078          1 0.0000e+00
   1579.729   1297.961   1282.312     4.5315     4.5317   3.359160   3.359691    34.9841    34.9901     2.0032  255.75539     0.0000     0.0000     1.9988     4.6991     3.8084     0.0000     0.0345     0.1078          1 0.0000e+00
   1580.229   1298.506   1282.857     4.5304     4.5306   3.359079   3.359605    34.9840    34.9899     2.0033  255.81767     0.0000     0.0000     1.9989     4.6987     3.7835     0.0000     0.0354     0.1077          1 0.0000e+00
   1580.729   1299.019   1283.361     4.5277     4.5286   3.358830   3.359445    34.9837    34.9898     2.0034  255.76798     0.0000     0.0000     1.9990     4.6993     3.7566     0.0000     0.0355     0.1076          1 0.0000e+00
   1581.229   1299.491   1283.811     4.5233     4.5240   3.358441   3.359007    34.9835    34.9894     2.0031  255.74337     0.0000     0.0000     1.9987     4.6993     3.7321     0.0000     0.0358     0.1055          1 0.0000e+00
   1581.729   1299.933   1284.267     4.5222     4.5224   3.358340   3.358871    34.9833    34.9892     2.0034  255.71420     0.0000     0.0000     1.9990     4.6990     3.7121     0.0000     0.0357     0.1057          1 0.0000e+00
   1582.229   1300.350   1284.667     4.5218     4.5222   3.358316   3.358871    34.9831    34.9891     2.0035  255.85899     0.0000     0.0000     1.9991     4.6991     3.6913     0.0000     0.0342     0.1053          1 0.0000e+00
   1582.729   1300.740   1285.052     4.5218     4.5219   3.358322   3.358866    34.9830    34.9891     2.0033  255.72680     0.0000     0.0000     1.9989     4.6990     3.6702     0.0000     0.0342     0.1054          1 0.0000e+00
   1583.229   1301.108   1285.415     4.5219     4.5218   3.358350   3.358852    34.9829    34.9889     2.0036  255.88961     0.0000     0.0000     1.9992     4.6988     3.6525     0.0000     0.0342     0.1054          1 0.0000e+00
   1583.729   1301.409   1285.721     4.5187     4.5190   3.358100   3.358625    34.9833    34.9890     2.0040  256.05382     0.0000     0.0000     1.9996     4.6990     3.6371     0.0000     0.0342     0.1057          1 0.0000e+00
   1584.229   1301.648   1285.947     4.5198     4.5180   3.358198   3.358558    34.9830    34.9891     2.0045  256.31834     0.0000     0.0000     2.0000     4.6989     3.6247     0.0000     0.0360     0.1047          1 0.0000e+00
   1584.729   1301.828   1286.120     4.5216     4.5185   3.358491   3.358623    34.9843    34.9892     2.0051  256.54715     0.0000     0.0000     2.0006     4.6989     3.6146     0.0000     0.0366     0.1043          1 0.0000e+00
   1585.229   1301.945   1286.249     4.5288     4.5196   3.359200   3.358677    34.9847    34.9885     2.0053  256.58787     0.0000     0.0000     2.0008     4.6988     3.6069     0.0000     0.0352     0.1051          1 0.0000e+00
   1585.729   1302.031   1286.314     4.5352     4.5202   3.359669   3.358780    34.9832    34.9889     2.0056  256.53750     0.0000     0.0000     2.0011     4.6986     3.6012     0.0000     0.0348     0.1054          1 0.0000e+00
