odissea/cruise_data/ce25007/data/ctd/ce25007_018.cnv
* Sea-Bird SBE 9 Data File:
* FileName = C:\CE_CTD_Data\2025_CTD_Data\CE25007\CE25007_018.hdr
* Software Version Seasave V 7.26.7.121
* Temperature SN = 4382
* Conductivity SN = 2796
* Number of Bytes Per Scan = 40
* Number of Voltage Words = 5
* Number of Scans Averaged by the Deck Unit = 1
* NMEA Latitude = 54 34.24 N
* NMEA Longitude = 018 21.48 W
* NMEA UTC (Time) = May 15 2025 00:17:55
* NMEA baud rate = 4800
** Cruise: CE18001
** PSO: Caroline Cusack
** CTD operator:
** Technician:
** Cast No:
** Station:
** Event No:
** Sea state:
** Wind speed:
** Sounding depth
# nquan = 21
# nvalues = 11521                       
# units = specified
# name 0 = timeS: Time, Elapsed [seconds]
# name 1 = prDM: Pressure, Digiquartz [db]
# name 2 = depSM: Depth [salt water, m]
# name 3 = t090C: Temperature [ITS-90, deg C]
# name 4 = t190C: Temperature, 2 [ITS-90, deg C]
# name 5 = c0S/m: Conductivity [S/m]
# name 6 = c1S/m: Conductivity, 2 [S/m]
# name 7 = sal00: Salinity, Practical [PSU]
# name 8 = sal11: Salinity, Practical, 2 [PSU]
# name 9 = sbeox0V: Oxygen raw, SBE 43 [V]
# name 10 = sbeox0Mm/L: Oxygen, SBE 43 [umol/l]
# name 11 = v0: Voltage 0
# name 12 = v1: Voltage 1
# name 13 = v2: Voltage 2
# name 14 = v3: Voltage 3
# name 15 = v4: Voltage 4
# name 16 = v5: Voltage 5
# name 17 = v6: Voltage 6
# name 18 = v7: Voltage 7
# name 19 = pumps: Pump Status
# name 20 = flag: flag
# span 0 =      0.229,   5760.167       
# span 1 =     -0.236,   1285.097       
# span 2 =     -0.239,   1269.655       
# span 3 =     4.6690,    14.9852       
# span 4 =     4.6697,    15.2087       
# span 5 =   0.053692,   4.341075       
# span 6 =   0.165991,   4.391383       
# span 7 =     0.3384,    36.4714       
# span 8 =     1.1240,    36.2196       
# span 9 =     1.8413,     2.8882       
# span 10 =  198.80089,  328.22748      
# span 11 =     0.0000,     0.0000      
# span 12 =     0.0000,     0.0000      
# span 13 =     1.8410,     2.8882      
# span 14 =     0.0036,     4.8058      
# span 15 =     0.1989,     5.0000      
# span 16 =     0.0000,     0.0000      
# span 17 =     0.0098,     0.4384      
# span 18 =     0.0816,     3.6610      
# span 19 =          0,          1      
# span 20 = 0.0000e+00, 0.0000e+00      
# interval = seconds: 0.5               
# start_time = May 15 2025 00:17:55 [NMEA time, header]
# bad_flag = -9.990e-29
*END*
[from data line 897]
    448.729      2.049      2.032    12.4650    12.4643   4.099057   4.092839    35.5256    35.4660     2.8204  277.82100     0.0000     0.0000     2.8204     4.2459     4.9965     0.0000     0.3373     0.1320          1 0.0000e+00
    449.229      2.127      2.115    12.4648    12.4644   4.099174   4.092824    35.5268    35.4657     2.8205  277.65448     0.0000     0.0000     2.8205     4.2404     4.9964     0.0000     0.3442     0.1345          1 0.0000e+00
    449.729      2.146      2.131    12.4661    12.4685   4.098737   4.093230    35.5213    35.4656     2.8206  277.63335     0.0000     0.0000     2.8206     4.2595     4.9966     0.0000     0.3443     0.1345          1 0.0000e+00
    450.229      2.126      2.110    12.4670    12.4695   4.099113   4.093314    35.5240    35.4655     2.8198  277.50481     0.0000     0.0000     2.8198     4.2696     4.9967     0.0000     0.3543     0.1335          1 0.0000e+00
    450.729      2.072      2.057    12.4660    12.4709   4.100043   4.093439    35.5340    35.4653     2.8192  277.26196     0.0000     0.0000     2.8192     4.2866     4.9966     0.0000     0.3553     0.1336          1 0.0000e+00
    451.229      2.005      1.982    12.4670    12.4711   4.099674   4.093441    35.5295    35.4652     2.8190  277.15153     0.0000     0.0000     2.8190     4.2885     4.9967     0.0000     0.3364     0.1304          1 0.0000e+00
    451.729      1.938      1.918    12.4686    12.4714   4.098307   4.093433    35.5147    35.4648     2.8183  277.09276     0.0000     0.0000     2.8183     4.2926     4.9968     0.0000     0.3309     0.1301          1 0.0000e+00
    452.229      1.909      1.888    12.4696    12.4720   4.097561   4.093571    35.5065    35.4656     2.8181  277.12727     0.0000     0.0000     2.8181     4.2940     4.9964     0.0000     0.3387     0.1283          1 0.0000e+00
    452.729      1.930      1.911    12.4676    12.4717   4.097371   4.093548    35.5066    35.4656     2.8174  277.04058     0.0000     0.0000     2.8173     4.2948     4.9967     0.0000     0.3431     0.1277          1 0.0000e+00
    453.229      1.956      1.938    12.4671    12.4674   4.098036   4.093103    35.5135    35.4655     2.8173  277.00212     0.0000     0.0000     2.8172     4.2614     4.9968     0.0000     0.3481     0.1299          1 0.0000e+00
    453.729      1.994      1.973    12.4666    12.4676   4.098907   4.093086    35.5223    35.4650     2.8175  277.09399     0.0000     0.0000     2.8175     4.2558     4.9966     0.0000     0.3529     0.1322          1 0.0000e+00
    454.229      2.035      2.027    12.4672    12.4673   4.097777   4.093086    35.5108    35.4653     2.8169  277.09911     0.0000     0.0000     2.8168     4.2484     4.9966     0.0000     0.3520     0.1313          1 0.0000e+00
    454.729      2.032      2.015    12.4692    12.4704   4.097413   4.093372    35.5053    35.4651     2.8175  277.21865     0.0000     0.0000     2.8175     4.2450     4.9969     0.0000     0.3504     0.1300          1 0.0000e+00
    455.229      1.976      1.963    12.4700    12.4703   4.097982   4.093351    35.5101    35.4650     2.8174  277.25035     0.0000     0.0000     2.8173     4.2419     4.9965     0.0000     0.3490     0.1295          1 0.0000e+00
    455.729      1.884      1.866    12.4720    12.4729   4.097583   4.093617    35.5043    35.4651     2.8172  277.21128     0.0000     0.0000     2.8171     4.2686     4.9967     0.0000     0.3455     0.1278          1 0.0000e+00
    456.229      1.823      1.799    12.4741    12.4770   4.096607   4.093971    35.4928    35.4646     2.8179  277.32839     0.0000     0.0000     2.8179     4.2751     4.9966     0.0000     0.3469     0.1276          1 0.0000e+00
    456.729      1.824      1.804    12.4736    12.4771   4.096284   4.094003    35.4902    35.4647     2.8184  277.42475     0.0000     0.0000     2.8184     4.2851     4.9971     0.0000     0.3565     0.1290          1 0.0000e+00
    457.229      1.852      1.832    12.4738    12.4784   4.096610   4.094185    35.4931    35.4652     2.8193  277.68959     0.0000     0.0000     2.8193     4.2793     4.9969     0.0000     0.3561     0.1293          1 0.0000e+00
    457.729      1.915      1.901    12.4739    12.4775   4.097291   4.094119    35.4996    35.4654     2.8193  277.72561     0.0000     0.0000     2.8193     4.2727     4.9965     0.0000     0.3370     0.1289          1 0.0000e+00
    458.229      1.974      1.960    12.4749    12.4729   4.097202   4.093681    35.4977    35.4656     2.8182  277.40823     0.0000     0.0000     2.8182     4.2631     4.9965     0.0000     0.3370     0.1292          1 0.0000e+00
    458.729      1.999      1.982    12.4736    12.4746   4.096295   4.093778    35.4902    35.4649     2.8175  277.09102     0.0000     0.0000     2.8175     4.2613     4.9966     0.0000     0.3424     0.1298          1 0.0000e+00
    459.229      1.969      1.958    12.4743    12.4754   4.096346   4.093830    35.4900    35.4647     2.8181  277.07013     0.0000     0.0000     2.8181     4.2642     4.9968     0.0000     0.3431     0.1302          1 0.0000e+00
    459.729      1.885      1.866    12.4757    12.4753   4.098157   4.093841    35.5063    35.4648     2.8193  277.40104     0.0000     0.0000     2.8193     4.2697     4.9967     0.0000     0.3477     0.1286          1 0.0000e+00
    460.229      1.798      1.784    12.4760    12.4763   4.098512   4.093903    35.5095    35.4645     2.8193  277.63314     0.0000     0.0000     2.8193     4.2769     4.9966     0.0000     0.3492     0.1279          1 0.0000e+00
    460.729      1.739      1.717    12.4763    12.4790   4.097269   4.094159    35.4972    35.4644     2.8193  277.66622     0.0000     0.0000     2.8193     4.2752     4.9966     0.0000     0.3523     0.1273          1 0.0000e+00
    461.229      1.733      1.711    12.4792    12.4757   4.096301   4.093856    35.4849    35.4648     2.8201  277.67274     0.0000     0.0000     2.8201     4.2714     4.9966     0.0000     0.3541     0.1268          1 0.0000e+00
    461.729      1.791      1.776    12.4787    12.4774   4.096153   4.094002    35.4840    35.4645     2.8202  277.69376     0.0000     0.0000     2.8202     4.2165     4.9969     0.0000     0.3511     0.1296          1 0.0000e+00
    462.229      1.848      1.830    12.4767    12.4762   4.096740   4.093905    35.4916    35.4647     2.8196  277.56937     0.0000     0.0000     2.8196     4.2033     4.9966     0.0000     0.3480     0.1323          1 0.0000e+00
    462.729      1.920      1.905    12.4763    12.4731   4.097227   4.093603    35.4967    35.4648     2.8189  277.31070     0.0000     0.0000     2.8189     4.1813     4.9966     0.0000     0.3467     0.1332          1 0.0000e+00
    463.229      1.982      1.966    12.4744    12.4734   4.096879   4.093632    35.4951    35.4647     2.8186  277.14506     0.0000     0.0000     2.8186     4.1953     4.9967     0.0000     0.3443     0.1338          1 0.0000e+00
    463.729      2.007      1.994    12.4744    12.4734   4.096169   4.093606    35.4883    35.4644     2.8180  277.05739     0.0000     0.0000     2.8180     4.2037     4.9966     0.0000     0.3432     0.1336          1 0.0000e+00
    464.229      1.995      1.971    12.4732    12.4736   4.095957   4.093614    35.4874    35.4643     2.8180  277.11108     0.0000     0.0000     2.8180     4.2856     4.9971     0.0000     0.3394     0.1340          1 0.0000e+00
    464.729      2.018      2.001    12.4717    12.4736   4.095897   4.093616    35.4882    35.4643     2.8181  277.22075     0.0000     0.0000     2.8181     4.2834     4.9964     0.0000     0.3409     0.1339          1 0.0000e+00
    465.229      2.074      2.051    12.4720    12.4731   4.096118   4.093577    35.4901    35.4644     2.8185  277.39935     0.0000     0.0000     2.8185     4.2767     4.9965     0.0000     0.3530     0.1325          1 0.0000e+00
    465.729      2.162      2.144    12.4721    12.4716   4.096326   4.093440    35.4920    35.4645     2.8193  277.61786     0.0000     0.0000     2.8193     4.2659     4.9965     0.0000     0.3528     0.1323          1 0.0000e+00
    466.229      2.234      2.217    12.4715    12.4688   4.095916   4.093203    35.4885    35.4649     2.8194  277.68429     0.0000     0.0000     2.8194     4.2603     4.9967     0.0000     0.3481     0.1291          1 0.0000e+00
    466.729      2.264      2.249    12.4735    12.4717   4.095613   4.093426    35.4836    35.4642     2.8201  277.79865     0.0000     0.0000     2.8201     4.2783     4.9965     0.0000     0.3480     0.1291          1 0.0000e+00
    467.229      2.261      2.237    12.4738    12.4706   4.095405   4.093317    35.4813    35.4642     2.8209  277.92354     0.0000     0.0000     2.8209     4.2787     4.9964     0.0000     0.3439     0.1271          1 0.0000e+00
    467.729      2.239      2.227    12.4731    12.4726   4.095390   4.093524    35.4819    35.4643     2.8211  277.98696     0.0000     0.0000     2.8211     4.2783     4.9967     0.0000     0.3431     0.1267          1 0.0000e+00
    468.229      2.170      2.152    12.4720    12.4741   4.097188   4.093663    35.5004    35.4641     2.8211  277.87167     0.0000     0.0000     2.8211     4.2866     4.9966     0.0000     0.3458     0.1301          1 0.0000e+00
    468.729      2.054      2.034    12.4720    12.4783   4.099852   4.094089    35.5262    35.4643     2.8209  277.69480     0.0000     0.0000     2.8209     4.2927     4.9966     0.0000     0.3468     0.1316          1 0.0000e+00
    469.229      1.908      1.898    12.4746    12.4787   4.098538   4.094131    35.5110    35.4644     2.8205  277.50836     0.0000     0.0000     2.8205     4.2845     4.9967     0.0000     0.3410     0.1322          1 0.0000e+00
    469.729      1.772      1.753    12.4818    12.4819   4.096423   4.094448    35.4836    35.4644     2.8205  277.48365     0.0000     0.0000     2.8205     4.2845     4.9965     0.0000     0.3370     0.1325          1 0.0000e+00
    470.229      1.664      1.640    12.4851    12.4820   4.095411   4.094450    35.4706    35.4644     2.8204  277.46161     0.0000     0.0000     2.8204     4.2878     4.9965     0.0000     0.3449     0.1318          1 0.0000e+00
    470.729      1.618      1.601    12.4861    12.4817   4.095424   4.094414    35.4698    35.4644     2.8201  277.44693     0.0000     0.0000     2.8201     4.2817     4.9966     0.0000     0.3541     0.1314          1 0.0000e+00
    471.229      1.610      1.591    12.4858    12.4790   4.095617   4.094124    35.4720    35.4642     2.8200  277.42191     0.0000     0.0000     2.8200     4.2770     4.9966     0.0000     0.3530     0.1316          1 0.0000e+00
    471.729      1.665      1.648    12.4840    12.4767   4.095876   4.093891    35.4763    35.4642     2.8208  277.57902     0.0000     0.0000     2.8208     4.2658     4.9967     0.0000     0.3505     0.1319          1 0.0000e+00
    472.229      1.762      1.744    12.4809    12.4752   4.096014   4.093750    35.4806    35.4643     2.8218  277.90664     0.0000     0.0000     2.8218     4.2672     4.9966     0.0000     0.3486     0.1310          1 0.0000e+00
    472.729      1.848      1.832    12.4790    12.4779   4.095791   4.094050    35.4803    35.4644     2.8220  278.05979     0.0000     0.0000     2.8220     4.2819     4.9967     0.0000     0.3419     0.1301          1 0.0000e+00
    473.229      1.960      1.942    12.4766    12.4753   4.095342   4.093760    35.4782    35.4641     2.8217  277.99093     0.0000     0.0000     2.8217     4.2804     4.9968     0.0000     0.3445     0.1302          1 0.0000e+00
    473.729      2.082      2.052    12.4737    12.4725   4.095400   4.093509    35.4815    35.4643     2.8211  277.72672     0.0000     0.0000     2.8211     4.2799     4.9969     0.0000     0.3731     0.1324          1 0.0000e+00
    474.229      2.205      2.193    12.4726    12.4711   4.095451   4.093336    35.4830    35.4639     2.8203  277.42954     0.0000     0.0000     2.8203     4.2785     4.9967     0.0000     0.3733     0.1323          1 0.0000e+00
    474.729      2.347      2.322    12.4715    12.4673   4.095633   4.092964    35.4858    35.4640     2.8203  277.35863     0.0000     0.0000     2.8203     4.2762     4.9967     0.0000     0.3418     0.1301          1 0.0000e+00
    475.229      2.508      2.488    12.4699    12.4658   4.095862   4.092863    35.4895    35.4644     2.8197  277.32808     0.0000     0.0000     2.8197     4.2602     4.9964     0.0000     0.3407     0.1302          1 0.0000e+00
    475.729      2.672      2.648    12.4661    12.4646   4.095684   4.092726    35.4914    35.4641     2.8184  277.19353     0.0000     0.0000     2.8184     4.2646     4.9967     0.0000     0.3436     0.1273          1 0.0000e+00
    476.229      2.860      2.826    12.4652    12.4646   4.095044   4.092732    35.4860    35.4641     2.8181  277.08595     0.0000     0.0000     2.8181     4.2694     4.9968     0.0000     0.3443     0.1270          1 0.0000e+00
    476.729      3.104      3.077    12.4645    12.4640   4.094440   4.092675    35.4806    35.4640     2.8180  277.11020     0.0000     0.0000     2.8180     4.2712     4.9964     0.0000     0.3461     0.1258          1 0.0000e+00
    477.229      3.358      3.324    12.4639    12.4640   4.094071   4.092677    35.4776    35.4640     2.8183  277.31605     0.0000     0.0000     2.8183     4.2718     4.9967     0.0000     0.3468     0.1257          1 0.0000e+00
    477.729      3.598      3.571    12.4637    12.4642   4.094111   4.092699    35.4779    35.4638     2.8185  277.54723     0.0000     0.0000     2.8185     4.2669     4.9965     0.0000     0.3496     0.1287          1 0.0000e+00
    478.229      3.796      3.771    12.4641    12.4644   4.094455   4.092721    35.4808    35.4637     2.8179  277.45807     0.0000     0.0000     2.8179     4.2761     4.9964     0.0000     0.3516     0.1316          1 0.0000e+00
    478.729      3.943      3.912    12.4644    12.4646   4.094680   4.092746    35.4826    35.4637     2.8170  277.21222     0.0000     0.0000     2.8169     4.2907     4.9967     0.0000     0.3478     0.1315          1 0.0000e+00
    479.229      4.028      3.995    12.4653    12.4664   4.094593   4.092908    35.4808    35.4635     2.8164  276.97052     0.0000     0.0000     2.8163     4.2870     4.9966     0.0000     0.3431     0.1318          1 0.0000e+00
    479.729      4.065      4.032    12.4677    12.4681   4.094483   4.093105    35.4774    35.4637     2.8169  277.05667     0.0000     0.0000     2.8168     4.2859     4.9964     0.0000     0.3420     0.1320          1 0.0000e+00
    480.229      4.066      4.029    12.4687    12.4689   4.094168   4.093174    35.4734    35.4636     2.8178  277.38355     0.0000     0.0000     2.8178     4.2942     4.9965     0.0000     0.3394     0.1327          1 0.0000e+00
    480.729      4.063      4.032    12.4688    12.4680   4.094058   4.093093    35.4722    35.4637     2.8187  277.75330     0.0000     0.0000     2.8187     4.2950     4.9965     0.0000     0.3399     0.1316          1 0.0000e+00
    481.229      4.074      4.032    12.4678    12.4666   4.094129   4.092943    35.4739    35.4635     2.8194  278.00192     0.0000     0.0000     2.8194     4.2980     4.9966     0.0000     0.3419     0.1276          1 0.0000e+00
    481.729      4.115      4.071    12.4677    12.4672   4.094049   4.092998    35.4732    35.4635     2.8205  278.15882     0.0000     0.0000     2.8205     4.2941     4.9965     0.0000     0.3419     0.1275          1 0.0000e+00
    482.229      4.204      4.163    12.4677    12.4688   4.093991   4.093168    35.4726    35.4635     2.8205  278.08972     0.0000     0.0000     2.8205     4.2924     4.9965     0.0000     0.3419     0.1288          1 0.0000e+00
