odissea/cruise_data/ce25007/data/ctd/ce25007_007.cnv
* Sea-Bird SBE 9 Data File:
* FileName = C:\CE_CTD_Data\2025_CTD_Data\CE25007\CE25007_007.hdr
* Software Version Seasave V 7.26.7.121
* Temperature SN = 4382
* Conductivity SN = 2796
* Number of Bytes Per Scan = 40
* Number of Voltage Words = 5
* Number of Scans Averaged by the Deck Unit = 1
* NMEA Latitude = 52 59.87 N
* NMEA Longitude = 015 14.39 W
* NMEA UTC (Time) = May 10 2025 17:40:34
* NMEA baud rate = 4800
** Cruise: CE18001
** PSO: Caroline Cusack
** CTD operator:
** Technician:
** Cast No:
** Station:
** Event No:
** Sea state:
** Wind speed:
** Sounding depth
# nquan = 21
# nvalues = 16550                       
# units = specified
# name 0 = timeS: Time, Elapsed [seconds]
# name 1 = prDM: Pressure, Digiquartz [db]
# name 2 = depSM: Depth [salt water, m]
# name 3 = t090C: Temperature [ITS-90, deg C]
# name 4 = t190C: Temperature, 2 [ITS-90, deg C]
# name 5 = c0S/m: Conductivity [S/m]
# name 6 = c1S/m: Conductivity, 2 [S/m]
# name 7 = sal00: Salinity, Practical [PSU]
# name 8 = sal11: Salinity, Practical, 2 [PSU]
# name 9 = sbeox0V: Oxygen raw, SBE 43 [V]
# name 10 = sbeox0Mm/L: Oxygen, SBE 43 [umol/l]
# name 11 = v0: Voltage 0
# name 12 = v1: Voltage 1
# name 13 = v2: Voltage 2
# name 14 = v3: Voltage 3
# name 15 = v4: Voltage 4
# name 16 = v5: Voltage 5
# name 17 = v6: Voltage 6
# name 18 = v7: Voltage 7
# name 19 = pumps: Pump Status
# name 20 = flag: flag
# span 0 =      0.229,   8274.646       
# span 1 =     -0.462,   2301.386       
# span 2 =     -0.546,   2268.603       
# span 3 =     3.1329,    13.3992       
# span 4 =     3.1330,    13.5550       
# span 5 =   0.011879,   4.198424       
# span 6 =   0.089107,   4.204681       
# span 7 =     0.0745,    35.6387       
# span 8 =     0.5907,    35.7251       
# span 9 =     1.7867,     2.9919       
# span 10 =  170.67915,  338.46655      
# span 11 =     0.0000,     0.0000      
# span 12 =     0.0000,     0.0000      
# span 13 =     1.7737,     2.9919      
# span 14 =     0.0036,     4.8695      
# span 15 =     0.3697,     5.0000      
# span 16 =     0.0000,     0.0000      
# span 17 =     0.0098,     0.1270      
# span 18 =     0.0939,     4.7888      
# span 19 =          0,          1      
# span 20 = 0.0000e+00, 0.0000e+00      
# interval = seconds: 0.5               
# start_time = May 10 2025 17:40:34 [NMEA time, header]
# bad_flag = -9.990e-29
*END*
[from data line 15311]
   7655.729    208.406    206.463    11.6538    11.6546   4.030669   4.031439    35.5383    35.5451     2.5054  250.26017     0.0000     0.0000     2.4943     4.7793     4.9954     0.0000     0.0329     0.1098          1 0.0000e+00
   7656.229    207.710    205.767    11.6546    11.6555   4.030714   4.031499    35.5383    35.5451     2.5056  250.32396     0.0000     0.0000     2.4945     4.7801     4.9954     0.0000     0.0268     0.1051          1 0.0000e+00
   7656.729    207.055    205.111    11.6556    11.6563   4.030778   4.031540    35.5382    35.5450     2.5055  250.33229     0.0000     0.0000     2.4944     4.7798     4.9955     0.0000     0.0244     0.1034          1 0.0000e+00
   7657.229    206.452    204.523    11.6553    11.6564   4.030734   4.031516    35.5383    35.5450     2.5056  250.35742     0.0000     0.0000     2.4945     4.7808     4.9953     0.0000     0.0280     0.1049          1 0.0000e+00
   7657.729    205.909    203.974    11.6553    11.6566   4.030717   4.031507    35.5384    35.5450     2.5052  250.21670     0.0000     0.0000     2.4941     4.7803     4.9954     0.0000     0.0306     0.1060          1 0.0000e+00
   7658.229    205.464    203.539    11.6553    11.6561   4.030677   4.031443    35.5382    35.5450     2.5035  249.81304     0.0000     0.0000     2.4925     4.7799     4.9955     0.0000     0.0283     0.1048          1 0.0000e+00
   7658.729    205.158    203.227    11.6547    11.6553   4.030637   4.031353    35.5385    35.5450     2.5023  249.39913     0.0000     0.0000     2.4912     4.7796     4.9953     0.0000     0.0256     0.1034          1 0.0000e+00
   7659.229    205.031    203.105    11.6557    11.6558   4.030714   4.031409    35.5384    35.5451     2.5006  248.95766     0.0000     0.0000     2.4895     4.7800     4.9954     0.0000     0.0287     0.1058          1 0.0000e+00
   7659.729    205.031    203.109    11.6555    11.6550   4.030691   4.031317    35.5384    35.5450     2.4994  248.70792     0.0000     0.0000     2.4883     4.7811     4.9952     0.0000     0.0342     0.1106          1 0.0000e+00
   7660.229    205.118    203.206    11.6546    11.6545   4.030626   4.031283    35.5385    35.5452     2.4994  248.83991     0.0000     0.0000     2.4883     4.7804     4.9953     0.0000     0.0327     0.1094          1 0.0000e+00
   7660.729    205.232    203.317    11.6552    11.6543   4.030684   4.031263    35.5385    35.5451     2.4994  249.11872     0.0000     0.0000     2.4883     4.7805     4.9951     0.0000     0.0269     0.1049          1 0.0000e+00
   7661.229    205.338    203.422    11.6555    11.6552   4.030716   4.031353    35.5385    35.5451     2.4995  249.42219     0.0000     0.0000     2.4884     4.7780     4.9953     0.0000     0.0279     0.1048          1 0.0000e+00
   7661.729    205.417    203.506    11.6563    11.6564   4.030797   4.031473    35.5384    35.5450     2.4997  249.57362     0.0000     0.0000     2.4887     4.7775     4.9952     0.0000     0.0330     0.1073          1 0.0000e+00
   7662.229    205.418    203.519    11.6576    11.6565   4.030925   4.031482    35.5384    35.5450     2.4999  249.63048     0.0000     0.0000     2.4889     4.7761     4.9953     0.0000     0.0330     0.1073          1 0.0000e+00
   7662.729    205.273    203.365    11.6573    11.6566   4.030906   4.031470    35.5386    35.5449     2.4996  249.55623     0.0000     0.0000     2.4886     4.7790     4.9952     0.0000     0.0294     0.1045          1 0.0000e+00
   7663.229    204.987    203.086    11.6579    11.6573   4.030920   4.031535    35.5383    35.5450     2.4993  249.42645     0.0000     0.0000     2.4883     4.7805     4.9951     0.0000     0.0293     0.1047          1 0.0000e+00
   7663.729    204.566    202.658    11.6570    11.6569   4.030816   4.031480    35.5383    35.5450     2.4984  249.16701     0.0000     0.0000     2.4874     4.7807     4.9953     0.0000     0.0335     0.1089          1 0.0000e+00
   7664.229    204.047    202.159    11.6557    11.6545   4.030662   4.031238    35.5383    35.5452     2.4976  248.91506     0.0000     0.0000     2.4866     4.7803     4.9952     0.0000     0.0342     0.1097          1 0.0000e+00
   7664.729    203.434    201.544    11.6560    11.6560   4.030655   4.031352    35.5383    35.5451     2.4975  248.85227     0.0000     0.0000     2.4865     4.7798     4.9952     0.0000     0.0293     0.1061          1 0.0000e+00
   7665.229    202.732    200.849    11.6563    11.6574   4.030652   4.031449    35.5382    35.5450     2.4970  248.80168     0.0000     0.0000     2.4860     4.7791     4.9954     0.0000     0.0273     0.1043          1 0.0000e+00
   7665.729    201.967    200.085    11.6584    11.6586   4.030835   4.031532    35.5383    35.5450     2.4973  248.93008     0.0000     0.0000     2.4863     4.7790     4.9951     0.0000     0.0307     0.1072          1 0.0000e+00
   7666.229    201.169    199.292    11.6589    11.6592   4.030829   4.031534    35.5381    35.5448     2.4982  249.21047     0.0000     0.0000     2.4872     4.7777     4.9953     0.0000     0.0330     0.1094          1 0.0000e+00
   7666.729    200.398    198.529    11.6586    11.6589   4.030765   4.031449    35.5381    35.5446     2.4981  249.33439     0.0000     0.0000     2.4871     4.7779     4.9955     0.0000     0.0295     0.1068          1 0.0000e+00
   7667.229    199.664    197.794    11.6585    11.6585   4.030710   4.031382    35.5380    35.5446     2.4966  248.99869     0.0000     0.0000     2.4856     4.7801     4.9953     0.0000     0.0256     0.1036          1 0.0000e+00
   7667.729    199.010    197.145    11.6584    11.6583   4.030652   4.031298    35.5379    35.5444     2.4948  248.32985     0.0000     0.0000     2.4838     4.7799     4.9952     0.0000     0.0294     0.1066          1 0.0000e+00
   7668.229    198.458    196.600    11.6581    11.6579   4.030594   4.031216    35.5379    35.5441     2.4932  247.75541     0.0000     0.0000     2.4822     4.7795     4.9953     0.0000     0.0366     0.1121          1 0.0000e+00
   7668.729    198.033    196.166    11.6578    11.6577   4.030552   4.031192    35.5379    35.5443     2.4919  247.47992     0.0000     0.0000     2.4809     4.7783     4.9952     0.0000     0.0345     0.1103          1 0.0000e+00
   7669.229    197.804    195.946    11.6580    11.6576   4.030553   4.031207    35.5378    35.5447     2.4900  247.28939     0.0000     0.0000     2.4790     4.7785     4.9953     0.0000     0.0270     0.1048          1 0.0000e+00
   7669.729    197.761    195.901    11.6580    11.6582   4.030558   4.031254    35.5379    35.5446     2.4880  246.97964     0.0000     0.0000     2.4770     4.7785     4.9950     0.0000     0.0275     0.1049          1 0.0000e+00
   7670.229    197.844    195.998    11.6578    11.6579   4.030564   4.031266    35.5381    35.5449     2.4867  246.75883     0.0000     0.0000     2.4757     4.7791     4.9954     0.0000     0.0293     0.1082          1 0.0000e+00
   7670.729    198.036    196.185    11.6571    11.6570   4.030517   4.031188    35.5382    35.5449     2.4857  246.72861     0.0000     0.0000     2.4748     4.7807     4.9953     0.0000     0.0293     0.1082          1 0.0000e+00
   7671.229    198.311    196.460    11.6569    11.6570   4.030516   4.031202    35.5383    35.5449     2.4848  246.80196     0.0000     0.0000     2.4738     4.7788     4.9952     0.0000     0.0329     0.1119          1 0.0000e+00
   7671.729    198.617    196.769    11.6569    11.6580   4.030522   4.031310    35.5382    35.5449     2.4847  246.99247     0.0000     0.0000     2.4737     4.7785     4.9954     0.0000     0.0330     0.1121          1 0.0000e+00
   7672.229    198.932    197.073    11.6579    11.6582   4.030627   4.031337    35.5382    35.5449     2.4853  247.29507     0.0000     0.0000     2.4744     4.7797     4.9954     0.0000     0.0255     0.1056          1 0.0000e+00
   7672.729    199.276    197.420    11.6580    11.6581   4.030655   4.031344    35.5382    35.5449     2.4857  247.63746     0.0000     0.0000     2.4748     4.7785     4.9951     0.0000     0.0244     0.1045          1 0.0000e+00
   7673.229    199.619    197.761    11.6574    11.6576   4.030629   4.031331    35.5383    35.5450     2.4848  247.57428     0.0000     0.0000     2.4738     4.7769     4.9951     0.0000     0.0290     0.1099          1 0.0000e+00
   7673.729    199.939    198.077    11.6566    11.6567   4.030580   4.031269    35.5385    35.5452     2.4839  247.26294     0.0000     0.0000     2.4729     4.7790     4.9952     0.0000     0.0305     0.1121          1 0.0000e+00
   7674.229    200.236    198.374    11.6555    11.6558   4.030487   4.031189    35.5385    35.5452     2.4835  246.98699     0.0000     0.0000     2.4725     4.7797     4.9955     0.0000     0.0277     0.1063          1 0.0000e+00
   7674.729    200.489    198.625    11.6569    11.6565   4.030621   4.031241    35.5384    35.5449     2.4837  247.06509     0.0000     0.0000     2.4727     4.7808     4.9952     0.0000     0.0256     0.1025          1 0.0000e+00
   7675.229    200.695    198.828    11.6577    11.6574   4.030657   4.031291    35.5379    35.5444     2.4847  247.46288     0.0000     0.0000     2.4737     4.7805     4.9953     0.0000     0.0297     0.1051          1 0.0000e+00
   7675.729    200.843    198.976    11.6571    11.6576   4.030602   4.031319    35.5378    35.5444     2.4861  247.95049     0.0000     0.0000     2.4752     4.7810     4.9953     0.0000     0.0342     0.1078          1 0.0000e+00
   7676.229    200.926    199.060    11.6572    11.6574   4.030545   4.031254    35.5371    35.5439     2.4876  248.41359     0.0000     0.0000     2.4767     4.7800     4.9952     0.0000     0.0350     0.1088          1 0.0000e+00
   7676.729    200.935    199.068    11.6566    11.6572   4.030442   4.031216    35.5367    35.5438     2.4884  248.61887     0.0000     0.0000     2.4774     4.7796     4.9951     0.0000     0.0365     0.1097          1 0.0000e+00
   7677.229    200.872    199.006    11.6567    11.6567   4.030525   4.031184    35.5374    35.5440     2.4882  248.44398     0.0000     0.0000     2.4772     4.7807     4.9951     0.0000     0.0333     0.1079          1 0.0000e+00
   7677.729    200.731    198.866    11.6565    11.6569   4.030463   4.031272    35.5371    35.5446     2.4870  247.90677     0.0000     0.0000     2.4761     4.7804     4.9952     0.0000     0.0221     0.1034          1 0.0000e+00
   7678.229    200.527    198.663    11.6564    11.6568   4.030431   4.031238    35.5370    35.5446     2.4861  247.39217     0.0000     0.0000     2.4752     4.7799     4.9955     0.0000     0.0235     0.1042          1 0.0000e+00
   7678.729    200.272    198.407    11.6562    11.6567   4.030457   4.031218    35.5375    35.5446     2.4855  247.14031     0.0000     0.0000     2.4746     4.7800     4.9955     0.0000     0.0344     0.1106          1 0.0000e+00
   7679.229    199.973    198.110    11.6566    11.6567   4.030533   4.031207    35.5380    35.5446     2.4856  247.21993     0.0000     0.0000     2.4747     4.7809     4.9952     0.0000     0.0342     0.1105          1 0.0000e+00
   7679.729    199.665    197.804    11.6571    11.6574   4.030551   4.031261    35.5379    35.5446     2.4865  247.59789     0.0000     0.0000     2.4756     4.7810     4.9951     0.0000     0.0343     0.1092          1 0.0000e+00
   7680.229    199.380    197.521    11.6572    11.6573   4.030540   4.031224    35.5378    35.5445     2.4870  247.92183     0.0000     0.0000     2.4761     4.7802     4.9951     0.0000     0.0342     0.1091          1 0.0000e+00
   7680.729    199.117    197.257    11.6568    11.6568   4.030496   4.031147    35.5378    35.5443     2.4872  248.03274     0.0000     0.0000     2.4763     4.7787     4.9954     0.0000     0.0269     0.1062          1 0.0000e+00
   7681.229    198.880    197.025    11.6563    11.6565   4.030389   4.031090    35.5374    35.5441     2.4879  248.08055     0.0000     0.0000     2.4770     4.7796     4.9953     0.0000     0.0256     0.1055          1 0.0000e+00
   7681.729    198.676    196.821    11.6561    11.6564   4.030374   4.031062    35.5376    35.5440     2.4883  248.11477     0.0000     0.0000     2.4774     4.7806     4.9954     0.0000     0.0283     0.1073          1 0.0000e+00
   7682.229    198.531    196.672    11.6561    11.6565   4.030371   4.031063    35.5376    35.5440     2.4880  248.04374     0.0000     0.0000     2.4771     4.7810     4.9952     0.0000     0.0293     0.1080          1 0.0000e+00
   7682.729    198.470    196.614    11.6563    11.6566   4.030343   4.031104    35.5371    35.5443     2.4876  247.82233     0.0000     0.0000     2.4767     4.7807     4.9955     0.0000     0.0323     0.1090          1 0.0000e+00
   7683.229    198.494    196.638    11.6563    11.6565   4.030323   4.031065    35.5369    35.5440     2.4869  247.54071     0.0000     0.0000     2.4760     4.7806     4.9957     0.0000     0.0342     0.1093          1 0.0000e+00
   7683.729    198.600    196.744    11.6562    11.6565   4.030317   4.031040    35.5369    35.5437     2.4862  247.34182     0.0000     0.0000     2.4753     4.7794     4.9952     0.0000     0.0294     0.1058          1 0.0000e+00
   7684.229    198.766    196.911    11.6564    11.6568   4.030391   4.031141    35.5374    35.5444     2.4850  247.12585     0.0000     0.0000     2.4741     4.7776     4.9951     0.0000     0.0244     0.1024          1 0.0000e+00
   7684.729    198.986    197.126    11.6562    11.6566   4.030321   4.031134    35.5368    35.5444     2.4846  247.00035     0.0000     0.0000     2.4737     4.7791     4.9951     0.0000     0.0287     0.1063          1 0.0000e+00
   7685.229    199.251    197.391    11.6562    11.6565   4.030327   4.031108    35.5367    35.5441     2.4840  247.00008     0.0000     0.0000     2.4731     4.7789     4.9952     0.0000     0.0366     0.1132          1 0.0000e+00
   7685.729    199.534    197.675    11.6566    11.6565   4.030401   4.031102    35.5369    35.5439     2.4834  246.97327     0.0000     0.0000     2.4725     4.7797     4.9951     0.0000     0.0358     0.1121          1 0.0000e+00
   7686.229    199.818    197.958    11.6566    11.6567   4.030409   4.031166    35.5369    35.5442     2.4828  246.95536     0.0000     0.0000     2.4719     4.7792     4.9953     0.0000     0.0330     0.1097          1 0.0000e+00
   7686.729    200.086    198.221    11.6567    11.6572   4.030443   4.031165    35.5370    35.5437     2.4826  246.92944     0.0000     0.0000     2.4717     4.7795     4.9952     0.0000     0.0320     0.1088          1 0.0000e+00
   7687.229    200.338    198.471    11.6572    11.6574   4.030540   4.031222    35.5373    35.5439     2.4823  246.96479     0.0000     0.0000     2.4714     4.7804     4.9952     0.0000     0.0243     0.1023          1 0.0000e+00
   7687.729    200.568    198.707    11.6575    11.6576   4.030576   4.031281    35.5373    35.5441     2.4822  247.00720     0.0000     0.0000     2.4713     4.7806     4.9951     0.0000     0.0244     0.1022          1 0.0000e+00
   7688.229    200.767    198.895    11.6580    11.6582   4.030706   4.031379    35.5380    35.5444     2.4821  247.06995     0.0000     0.0000     2.4712     4.7802     4.9955     0.0000     0.0385     0.1094          1 0.0000e+00
   7688.729    200.907    199.040    11.6586    11.6587   4.030800   4.031446    35.5382    35.5446     2.4814  246.95382     0.0000     0.0000     2.4705     4.7801     4.9953     0.0000     0.0387     0.1093          1 0.0000e+00
   7689.229    200.974    199.110    11.6590    11.6589   4.030839   4.031479    35.5382    35.5447     2.4808  246.79170     0.0000     0.0000     2.4699     4.7804     4.9953     0.0000     0.0306     0.1074          1 0.0000e+00
