odissea/cruise_data/ce25007/data/ctd/ce25007_003.cnv
* Sea-Bird SBE 9 Data File:
* FileName = C:\CE_CTD_Data\2025_CTD_Data\CE25007\CE25007_003.hdr
* Software Version Seasave V 7.26.7.121
* Temperature SN = 4382
* Conductivity SN = 2796
* Number of Bytes Per Scan = 40
* Number of Voltage Words = 5
* Number of Scans Averaged by the Deck Unit = 1
* NMEA Latitude = 52 59.98 N
* NMEA Longitude = 014 48.81 W
* NMEA UTC (Time) = May 09 2025 22:31:07
* NMEA baud rate = 4800
** Cruise: CE18001
** PSO: Caroline Cusack
** CTD operator:
** Technician:
** Cast No:
** Station:
** Event No:
** Sea state:
** Wind speed:
** Sounding depth
# nquan = 21
# nvalues = 7455                        
# units = specified
# name 0 = timeS: Time, Elapsed [seconds]
# name 1 = prDM: Pressure, Digiquartz [db]
# name 2 = depSM: Depth [salt water, m]
# name 3 = t090C: Temperature [ITS-90, deg C]
# name 4 = t190C: Temperature, 2 [ITS-90, deg C]
# name 5 = c0S/m: Conductivity [S/m]
# name 6 = c1S/m: Conductivity, 2 [S/m]
# name 7 = sal00: Salinity, Practical [PSU]
# name 8 = sal11: Salinity, Practical, 2 [PSU]
# name 9 = sbeox0V: Oxygen raw, SBE 43 [V]
# name 10 = sbeox0Mm/L: Oxygen, SBE 43 [umol/l]
# name 11 = v0: Voltage 0
# name 12 = v1: Voltage 1
# name 13 = v2: Voltage 2
# name 14 = v3: Voltage 3
# name 15 = v4: Voltage 4
# name 16 = v5: Voltage 5
# name 17 = v6: Voltage 6
# name 18 = v7: Voltage 7
# name 19 = pumps: Pump Status
# name 20 = flag: flag
# span 0 =      0.229,   3727.146       
# span 1 =     -0.347,    748.676       
# span 2 =     -0.345,    740.740       
# span 3 =     9.0844,    13.6721       
# span 4 =     9.0843,    14.0627       
# span 5 =   0.017890,   4.166912       
# span 6 =   0.116402,   4.188664       
# span 7 =     0.1101,    35.6016       
# span 8 =     0.7460,    35.7857       
# span 9 =     1.8370,     2.9652       
# span 10 =  186.50033,  342.88251      
# span 11 =     0.0000,     0.0000      
# span 12 =     0.0000,     0.0000      
# span 13 =     1.8352,     2.9652      
# span 14 =     0.0036,     4.7814      
# span 15 =     0.2799,     5.0000      
# span 16 =     0.0000,     0.0000      
# span 17 =     0.0098,     0.6252      
# span 18 =     0.0794,     0.9731      
# span 19 =          0,          1      
# span 20 = 0.0000e+00, 0.0000e+00      
# interval = seconds: 0.5               
# start_time = May 09 2025 22:31:07 [NMEA time, header]
# bad_flag = -9.990e-29
*END*
[from data line 4483]
   2241.729    590.055    584.012     9.7826     9.7818   3.850620   3.851182    35.3678    35.3744     1.9615  199.61669     0.0000     0.0000     1.9580     4.7624     4.9941     0.0000     0.0341     0.1117          1 0.0000e+00
   2242.229    590.068    584.016     9.7823     9.7816   3.850561   3.851162    35.3676    35.3744     1.9611  199.52987     0.0000     0.0000     1.9577     4.7637     4.9944     0.0000     0.0344     0.1116          1 0.0000e+00
   2242.729    590.095    584.042     9.7819     9.7814   3.850546   3.851142    35.3678    35.3743     1.9610  199.41683     0.0000     0.0000     1.9576     4.7633     4.9942     0.0000     0.0310     0.1098          1 0.0000e+00
   2243.229    590.137    584.093     9.7812     9.7813   3.850485   3.851137    35.3678    35.3744     1.9607  199.25099     0.0000     0.0000     1.9573     4.7628     4.9944     0.0000     0.0305     0.1096          1 0.0000e+00
   2243.729    590.193    584.137     9.7809     9.7810   3.850464   3.851094    35.3679    35.3743     1.9608  199.26538     0.0000     0.0000     1.9574     4.7620     4.9942     0.0000     0.0296     0.1111          1 0.0000e+00
   2244.229    590.257    584.210     9.7807     9.7804   3.850430   3.851042    35.3677    35.3743     1.9596  199.01940     0.0000     0.0000     1.9561     4.7617     4.9940     0.0000     0.0293     0.1116          1 0.0000e+00
   2244.729    590.318    584.269     9.7815     9.7803   3.850527   3.851045    35.3679    35.3744     1.9595  198.93040     0.0000     0.0000     1.9560     4.7630     4.9942     0.0000     0.0300     0.1109          1 0.0000e+00
   2245.229    590.352    584.303     9.7814     9.7811   3.850512   3.851130    35.3679    35.3744     1.9595  198.92007     0.0000     0.0000     1.9560     4.7624     4.9940     0.0000     0.0305     0.1104          1 0.0000e+00
   2245.729    590.343    584.297     9.7816     9.7816   3.850535   3.851175    35.3678    35.3744     1.9599  199.12561     0.0000     0.0000     1.9564     4.7613     4.9943     0.0000     0.0289     0.1117          1 0.0000e+00
   2246.229    590.289    584.241     9.7810     9.7812   3.850467   3.851125    35.3678    35.3742     1.9602  199.42888     0.0000     0.0000     1.9568     4.7620     4.9941     0.0000     0.0270     0.1125          1 0.0000e+00
   2246.729    590.197    584.148     9.7812     9.7811   3.850477   3.851112    35.3677    35.3743     1.9607  199.58922     0.0000     0.0000     1.9573     4.7630     4.9940     0.0000     0.0292     0.1122          1 0.0000e+00
   2247.229    590.077    584.032     9.7814     9.7811   3.850501   3.851097    35.3678    35.3742     1.9607  199.59678     0.0000     0.0000     1.9573     4.7598     4.9943     0.0000     0.0330     0.1119          1 0.0000e+00
   2247.729    589.936    583.891     9.7812     9.7810   3.850456   3.851087    35.3676    35.3742     1.9607  199.47903     0.0000     0.0000     1.9573     4.7605     4.9943     0.0000     0.0325     0.1117          1 0.0000e+00
   2248.229    589.789    583.743     9.7813     9.7811   3.850467   3.851105    35.3677    35.3744     1.9605  199.37090     0.0000     0.0000     1.9571     4.7623     4.9943     0.0000     0.0305     0.1103          1 0.0000e+00
   2248.729    589.655    583.604     9.7825     9.7816   3.850578   3.851161    35.3677    35.3745     1.9603  199.21322     0.0000     0.0000     1.9569     4.7620     4.9943     0.0000     0.0303     0.1107          1 0.0000e+00
   2249.229    589.556    583.509     9.7830     9.7818   3.850613   3.851154    35.3676    35.3743     1.9607  199.29831     0.0000     0.0000     1.9573     4.7618     4.9943     0.0000     0.0293     0.1140          1 0.0000e+00
   2249.729    589.505    583.462     9.7828     9.7826   3.850620   3.851236    35.3679    35.3744     1.9609  199.41806     0.0000     0.0000     1.9575     4.7607     4.9942     0.0000     0.0293     0.1139          1 0.0000e+00
   2250.229    589.506    583.456     9.7834     9.7833   3.850691   3.851326    35.3680    35.3746     1.9607  199.44075     0.0000     0.0000     1.9573     4.7608     4.9942     0.0000     0.0293     0.1080          1 0.0000e+00
   2250.729    589.564    583.520     9.7832     9.7834   3.850685   3.851333    35.3681    35.3746     1.9609  199.42315     0.0000     0.0000     1.9575     4.7616     4.9943     0.0000     0.0293     0.1078          1 0.0000e+00
   2251.229    589.675    583.630     9.7838     9.7837   3.850719   3.851351    35.3679    35.3744     1.9607  199.34278     0.0000     0.0000     1.9573     4.7613     4.9945     0.0000     0.0293     0.1080          1 0.0000e+00
   2251.729    589.835    583.786     9.7830     9.7834   3.850632   3.851332    35.3677    35.3745     1.9607  199.33198     0.0000     0.0000     1.9573     4.7610     4.9943     0.0000     0.0293     0.1082          1 0.0000e+00
   2252.229    590.039    583.985     9.7818     9.7822   3.850533   3.851185    35.3678    35.3740     1.9610  199.38898     0.0000     0.0000     1.9575     4.7622     4.9942     0.0000     0.0293     0.1108          1 0.0000e+00
   2252.729    590.273    584.221     9.7833     9.7814   3.850702   3.851114    35.3679    35.3740     1.9616  199.54562     0.0000     0.0000     1.9581     4.7617     4.9944     0.0000     0.0293     0.1121          1 0.0000e+00
   2253.229    590.496    584.447     9.7806     9.7806   3.850441   3.851052    35.3678    35.3740     1.9622  199.82573     0.0000     0.0000     1.9587     4.7600     4.9941     0.0000     0.0293     0.1114          1 0.0000e+00
   2253.729    590.675    584.628     9.7792     9.7775   3.850294   3.850695    35.3676    35.3734     1.9620  199.83390     0.0000     0.0000     1.9585     4.7601     4.9941     0.0000     0.0293     0.1114          1 0.0000e+00
   2254.229    590.791    584.739     9.7760     9.7753   3.849976   3.850520    35.3675    35.3737     1.9620  199.73581     0.0000     0.0000     1.9585     4.7608     4.9941     0.0000     0.0299     0.1118          1 0.0000e+00
   2254.729    590.842    584.792     9.7779     9.7766   3.850246   3.850664    35.3683    35.3739     1.9619  199.55549     0.0000     0.0000     1.9584     4.7608     4.9944     0.0000     0.0305     0.1121          1 0.0000e+00
   2255.229    590.805    584.757     9.7806     9.7784   3.850427   3.850891    35.3675    35.3744     1.9611  199.30475     0.0000     0.0000     1.9576     4.7611     4.9943     0.0000     0.0300     0.1119          1 0.0000e+00
   2255.729    590.694    584.642     9.7805     9.7804   3.850428   3.851098    35.3676    35.3746     1.9606  199.10001     0.0000     0.0000     1.9571     4.7627     4.9940     0.0000     0.0293     0.1119          1 0.0000e+00
   2256.229    590.506    584.462     9.7813     9.7802   3.850488   3.851011    35.3676    35.3740     1.9600  198.88979     0.0000     0.0000     1.9565     4.7622     4.9942     0.0000     0.0296     0.1121          1 0.0000e+00
   2256.729    590.256    584.204     9.7830     9.7820   3.850667   3.851271    35.3678    35.3750     1.9605  199.04155     0.0000     0.0000     1.9570     4.7619     4.9944     0.0000     0.0305     0.1126          1 0.0000e+00
   2257.229    589.975    583.927     9.7845     9.7835   3.850788   3.851383    35.3676    35.3748     1.9607  199.30611     0.0000     0.0000     1.9572     4.7616     4.9943     0.0000     0.0304     0.1129          1 0.0000e+00
   2257.729    589.713    583.667     9.7854     9.7847   3.850872   3.851499    35.3678    35.3749     1.9605  199.39571     0.0000     0.0000     1.9570     4.7611     4.9943     0.0000     0.0293     0.1106          1 0.0000e+00
   2258.229    589.492    583.443     9.7859     9.7855   3.850929   3.851552    35.3680    35.3747     1.9604  199.30911     0.0000     0.0000     1.9569     4.7603     4.9942     0.0000     0.0293     0.1104          1 0.0000e+00
   2258.729    589.342    583.291     9.7860     9.7858   3.850940   3.851579    35.3680    35.3748     1.9605  199.19897     0.0000     0.0000     1.9570     4.7598     4.9945     0.0000     0.0293     0.1127          1 0.0000e+00
   2259.229    589.290    583.239     9.7860     9.7858   3.850951   3.851567    35.3681    35.3747     1.9607  199.30393     0.0000     0.0000     1.9572     4.7592     4.9941     0.0000     0.0293     0.1134          1 0.0000e+00
   2259.729    589.349    583.305     9.7857     9.7857   3.850908   3.851555    35.3680    35.3746     1.9609  199.43966     0.0000     0.0000     1.9574     4.7607     4.9942     0.0000     0.0293     0.1131          1 0.0000e+00
   2260.229    589.489    583.444     9.7854     9.7855   3.850879   3.851528    35.3679    35.3745     1.9614  199.58849     0.0000     0.0000     1.9579     4.7614     4.9945     0.0000     0.0293     0.1126          1 0.0000e+00
   2260.729    589.661    583.622     9.7847     9.7849   3.850818   3.851461    35.3680    35.3744     1.9619  199.69969     0.0000     0.0000     1.9584     4.7603     4.9942     0.0000     0.0293     0.1145          1 0.0000e+00
   2261.229    589.806    583.764     9.7841     9.7844   3.850772   3.851407    35.3680    35.3743     1.9616  199.67914     0.0000     0.0000     1.9581     4.7601     4.9942     0.0000     0.0293     0.1152          1 0.0000e+00
   2261.729    589.916    583.868     9.7842     9.7840   3.850791   3.851391    35.3681    35.3744     1.9620  199.66874     0.0000     0.0000     1.9585     4.7592     4.9940     0.0000     0.0293     0.1123          1 0.0000e+00
   2262.229    589.989    583.945     9.7839     9.7838   3.850754   3.851375    35.3680    35.3744     1.9621  199.60787     0.0000     0.0000     1.9586     4.7601     4.9944     0.0000     0.0293     0.1101          1 0.0000e+00
   2262.729    590.029    583.986     9.7840     9.7834   3.850778   3.851323    35.3680    35.3743     1.9620  199.58158     0.0000     0.0000     1.9585     4.7613     4.9941     0.0000     0.0310     0.1129          1 0.0000e+00
   2263.229    590.064    584.005     9.7839     9.7831   3.850771   3.851312    35.3681    35.3745     1.9622  199.61910     0.0000     0.0000     1.9587     4.7606     4.9941     0.0000     0.0329     0.1153          1 0.0000e+00
   2263.729    590.146    584.094     9.7832     9.7830   3.850683   3.851300    35.3679    35.3743     1.9620  199.55067     0.0000     0.0000     1.9585     4.7610     4.9944     0.0000     0.0316     0.1128          1 0.0000e+00
   2264.229    590.266    584.219     9.7830     9.7828   3.850671   3.851259    35.3679    35.3741     1.9619  199.50409     0.0000     0.0000     1.9584     4.7616     4.9945     0.0000     0.0293     0.1095          1 0.0000e+00
   2264.729    590.362    584.317     9.7826     9.7834   3.850640   3.851407    35.3680    35.3750     1.9615  199.39054     0.0000     0.0000     1.9580     4.7608     4.9940     0.0000     0.0293     0.1105          1 0.0000e+00
   2265.229    590.391    584.339     9.7820     9.7841   3.850582   3.851447    35.3679    35.3746     1.9614  199.27439     0.0000     0.0000     1.9579     4.7602     4.9941     0.0000     0.0293     0.1141          1 0.0000e+00
   2265.729    590.350    584.312     9.7821     9.7819   3.850585   3.851200    35.3679    35.3743     1.9612  199.29241     0.0000     0.0000     1.9577     4.7613     4.9940     0.0000     0.0297     0.1143          1 0.0000e+00
   2266.229    590.232    584.181     9.7822     9.7830   3.850592   3.851310    35.3678    35.3744     1.9614  199.37342     0.0000     0.0000     1.9579     4.7613     4.9942     0.0000     0.0328     0.1141          1 0.0000e+00
   2266.729    590.053    584.013     9.7831     9.7833   3.850657   3.851330    35.3677    35.3744     1.9616  199.51892     0.0000     0.0000     1.9581     4.7616     4.9942     0.0000     0.0328     0.1143          1 0.0000e+00
   2267.229    589.827    583.782     9.7841     9.7835   3.850751   3.851353    35.3678    35.3746     1.9609  199.31707     0.0000     0.0000     1.9574     4.7614     4.9942     0.0000     0.0293     0.1118          1 0.0000e+00
   2267.729    589.572    583.528     9.7849     9.7843   3.850824   3.851415    35.3679    35.3746     1.9608  199.22480     0.0000     0.0000     1.9573     4.7618     4.9941     0.0000     0.0293     0.1119          1 0.0000e+00
   2268.229    589.309    583.273     9.7859     9.7848   3.850924   3.851480    35.3680    35.3748     1.9612  199.26735     0.0000     0.0000     1.9577     4.7601     4.9943     0.0000     0.0303     0.1110          1 0.0000e+00
   2268.729    589.045    583.003     9.7861     9.7856   3.850918   3.851551    35.3679    35.3749     1.9609  199.31205     0.0000     0.0000     1.9574     4.7601     4.9942     0.0000     0.0305     0.1107          1 0.0000e+00
   2269.229    588.792    582.758     9.7865     9.7862   3.850949   3.851587    35.3679    35.3747     1.9611  199.36749     0.0000     0.0000     1.9576     4.7611     4.9939     0.0000     0.0296     0.1123          1 0.0000e+00
   2269.729    588.537    582.511     9.7864     9.7865   3.850927   3.851606    35.3678    35.3747     1.9616  199.49014     0.0000     0.0000     1.9581     4.7604     4.9942     0.0000     0.0293     0.1133          1 0.0000e+00
   2270.229    588.247    582.222     9.7865     9.7866   3.850923   3.851579    35.3679    35.3746     1.9621  199.66565     0.0000     0.0000     1.9586     4.7602     4.9939     0.0000     0.0293     0.1133          1 0.0000e+00
   2270.729    587.916    581.900     9.7869     9.7866   3.850959   3.851576    35.3680    35.3747     1.9624  199.78841     0.0000     0.0000     1.9589     4.7606     4.9946     0.0000     0.0293     0.1132          1 0.0000e+00
   2271.229    587.528    581.513     9.7888     9.7874   3.851157   3.851687    35.3683    35.3751     1.9629  199.83541     0.0000     0.0000     1.9594     4.7607     4.9942     0.0000     0.0299     0.1126          1 0.0000e+00
   2271.729    587.068    581.060     9.7910     9.7898   3.851346   3.851945    35.3683    35.3756     1.9631  199.84632     0.0000     0.0000     1.9596     4.7612     4.9942     0.0000     0.0305     0.1120          1 0.0000e+00
   2272.229    586.558    580.555     9.7926     9.7925   3.851488   3.852222    35.3683    35.3760     1.9633  199.80946     0.0000     0.0000     1.9598     4.7602     4.9944     0.0000     0.0300     0.1125          1 0.0000e+00
   2272.729    585.988    579.990     9.7953     9.7959   3.851743   3.852523    35.3685    35.3759     1.9633  199.69785     0.0000     0.0000     1.9598     4.7602     4.9942     0.0000     0.0293     0.1128          1 0.0000e+00
   2273.229    585.399    579.403     9.7985     9.7975   3.852035   3.852624    35.3686    35.3756     1.9640  199.71830     0.0000     0.0000     1.9604     4.7593     4.9941     0.0000     0.0293     0.1122          1 0.0000e+00
   2273.729    584.815    578.827     9.8001     9.7995   3.852155   3.852809    35.3685    35.3757     1.9644  199.82265     0.0000     0.0000     1.9608     4.7592     4.9943     0.0000     0.0293     0.1104          1 0.0000e+00
   2274.229    584.260    578.274     9.8011     9.8002   3.852245   3.852825    35.3687    35.3755     1.9647  199.90427     0.0000     0.0000     1.9611     4.7598     4.9942     0.0000     0.0294     0.1105          1 0.0000e+00
   2274.729    583.736    577.759     9.8028     9.8016   3.852413   3.852953    35.3690    35.3757     1.9654  200.03663     0.0000     0.0000     1.9618     4.7601     4.9944     0.0000     0.0305     0.1121          1 0.0000e+00
   2275.229    583.252    577.280     9.8033     9.8025   3.852421   3.853009    35.3687    35.3756     1.9661  200.16842     0.0000     0.0000     1.9625     4.7605     4.9941     0.0000     0.0305     0.1122          1 0.0000e+00
