odissea/cruise_data/ce25007/data/ctd/ce25007_019.cnv
* Sea-Bird SBE 9 Data File:
* FileName = C:\CE_CTD_Data\2025_CTD_Data\CE25007\CE25007_019.hdr
* Software Version Seasave V 7.26.7.121
* Temperature SN = 4382
* Conductivity SN = 2796
* Number of Bytes Per Scan = 40
* Number of Voltage Words = 5
* Number of Scans Averaged by the Deck Unit = 1
* NMEA Latitude = 54 33.13 N
* NMEA Longitude = 018 51.34 W
* NMEA UTC (Time) = May 15 2025 03:54:31
* NMEA baud rate = 4800
** Cruise: CE18001
** PSO: Caroline Cusack
** CTD operator:
** Technician:
** Cast No:
** Station:
** Event No:
** Sea state:
** Wind speed:
** Sounding depth
# nquan = 21
# nvalues = 12063                       
# units = specified
# name 0 = timeS: Time, Elapsed [seconds]
# name 1 = prDM: Pressure, Digiquartz [db]
# name 2 = depSM: Depth [salt water, m]
# name 3 = t090C: Temperature [ITS-90, deg C]
# name 4 = t190C: Temperature, 2 [ITS-90, deg C]
# name 5 = c0S/m: Conductivity [S/m]
# name 6 = c1S/m: Conductivity, 2 [S/m]
# name 7 = sal00: Salinity, Practical [PSU]
# name 8 = sal11: Salinity, Practical, 2 [PSU]
# name 9 = sbeox0V: Oxygen raw, SBE 43 [V]
# name 10 = sbeox0Mm/L: Oxygen, SBE 43 [umol/l]
# name 11 = v0: Voltage 0
# name 12 = v1: Voltage 1
# name 13 = v2: Voltage 2
# name 14 = v3: Voltage 3
# name 15 = v4: Voltage 4
# name 16 = v5: Voltage 5
# name 17 = v6: Voltage 6
# name 18 = v7: Voltage 7
# name 19 = pumps: Pump Status
# name 20 = flag: flag
# span 0 =      0.229,   6031.229       
# span 1 =     -0.251,   1226.509       
# span 2 =     -0.252,   1211.942       
# span 3 =     5.4447,    14.6554       
# span 4 =     5.4436,    14.9855       
# span 5 =   0.001249,   4.140880       
# span 6 =   0.002393,   4.140858       
# span 7 =     0.0146,    35.5377       
# span 8 =     0.0188,    35.5437       
# span 9 =     1.8170,     2.8484       
# span 10 =  189.23791,  339.07743      
# span 11 =     0.0000,     0.0000      
# span 12 =     0.0000,     0.0000      
# span 13 =     1.8144,     2.8474      
# span 14 =     0.0036,     4.7856      
# span 15 =     0.3205,     5.0000      
# span 16 =     0.0000,     0.0000      
# span 17 =     0.0183,     0.4891      
# span 18 =     0.0914,     3.6923      
# span 19 =          0,          1      
# span 20 = 0.0000e+00, 0.0000e+00      
# interval = seconds: 0.5               
# start_time = May 15 2025 03:54:31 [NMEA time, header]
# bad_flag = -9.990e-29
*END*
[from data line 10345]
   5172.729    253.657    251.210    11.5713    11.5715   4.023976   4.024572    35.5313    35.5370     2.5009  251.58702     0.0000     0.0000     2.4933     4.7809     4.9963     0.0000     0.0290     0.1079          1 0.0000e+00
   5173.229    253.735    251.309    11.5712    11.5716   4.023991   4.024587    35.5314    35.5369     2.5009  251.54519     0.0000     0.0000     2.4933     4.7810     4.9964     0.0000     0.0270     0.1078          1 0.0000e+00
   5173.729    253.841    251.410    11.5716    11.5720   4.024016   4.024641    35.5313    35.5371     2.5010  251.60991     0.0000     0.0000     2.4934     4.7806     4.9963     0.0000     0.0270     0.1077          1 0.0000e+00
   5174.229    253.975    251.543    11.5716    11.5719   4.024029   4.024636    35.5314    35.5370     2.5011  251.69516     0.0000     0.0000     2.4935     4.7808     4.9962     0.0000     0.0293     0.1071          1 0.0000e+00
   5174.729    254.105    251.670    11.5716    11.5717   4.024041   4.024608    35.5314    35.5369     2.5010  251.71762     0.0000     0.0000     2.4934     4.7807     4.9963     0.0000     0.0293     0.1073          1 0.0000e+00
   5175.229    254.202    251.770    11.5714    11.5717   4.024020   4.024620    35.5314    35.5369     2.5010  251.69747     0.0000     0.0000     2.4934     4.7807     4.9962     0.0000     0.0293     0.1046          1 0.0000e+00
   5175.729    254.245    251.815    11.5712    11.5718   4.023989   4.024633    35.5312    35.5370     2.5009  251.64434     0.0000     0.0000     2.4933     4.7807     4.9962     0.0000     0.0293     0.1046          1 0.0000e+00
   5176.229    254.214    251.785    11.5711    11.5718   4.023984   4.024627    35.5312    35.5370     2.5008  251.62688     0.0000     0.0000     2.4932     4.7805     4.9962     0.0000     0.0293     0.1065          1 0.0000e+00
   5176.729    254.103    251.671    11.5711    11.5715   4.023966   4.024580    35.5311    35.5368     2.5005  251.55198     0.0000     0.0000     2.4929     4.7806     4.9963     0.0000     0.0293     0.1070          1 0.0000e+00
   5177.229    253.932    251.501    11.5711    11.5714   4.023951   4.024578    35.5311    35.5370     2.4999  251.40428     0.0000     0.0000     2.4923     4.7808     4.9962     0.0000     0.0293     0.1071          1 0.0000e+00
   5177.729    253.700    251.277    11.5709    11.5714   4.023922   4.024564    35.5311    35.5369     2.4999  251.37026     0.0000     0.0000     2.4923     4.7807     4.9964     0.0000     0.0293     0.1067          1 0.0000e+00
   5178.229    253.449    251.014    11.5710    11.5713   4.023920   4.024542    35.5311    35.5370     2.4997  251.35697     0.0000     0.0000     2.4921     4.7809     4.9963     0.0000     0.0293     0.1070          1 0.0000e+00
   5178.729    253.222    250.782    11.5705    11.5707   4.023869   4.024475    35.5311    35.5370     2.4997  251.39896     0.0000     0.0000     2.4921     4.7803     4.9963     0.0000     0.0293     0.1070          1 0.0000e+00
   5179.229    253.062    250.638    11.5697    11.5702   4.023789   4.024413    35.5313    35.5369     2.4999  251.47663     0.0000     0.0000     2.4923     4.7802     4.9964     0.0000     0.0293     0.1070          1 0.0000e+00
   5179.729    252.983    250.549    11.5696    11.5699   4.023781   4.024377    35.5313    35.5369     2.5006  251.67963     0.0000     0.0000     2.4930     4.7804     4.9963     0.0000     0.0293     0.1071          1 0.0000e+00
   5180.229    253.008    250.572    11.5698    11.5697   4.023790   4.024381    35.5312    35.5371     2.5009  251.84009     0.0000     0.0000     2.4933     4.7795     4.9963     0.0000     0.0287     0.1068          1 0.0000e+00
   5180.729    253.141    250.708    11.5703    11.5697   4.023857   4.024387    35.5313    35.5371     2.5011  251.89261     0.0000     0.0000     2.4935     4.7799     4.9963     0.0000     0.0269     0.1051          1 0.0000e+00
   5181.229    253.347    250.922    11.5708    11.5702   4.023903   4.024450    35.5311    35.5371     2.5012  251.85248     0.0000     0.0000     2.4936     4.7809     4.9963     0.0000     0.0270     0.1059          1 0.0000e+00
   5181.729    253.573    251.142    11.5708    11.5710   4.023918   4.024533    35.5312    35.5371     2.5007  251.65543     0.0000     0.0000     2.4931     4.7807     4.9963     0.0000     0.0269     0.1077          1 0.0000e+00
   5182.229    253.760    251.334    11.5712    11.5713   4.023980   4.024560    35.5314    35.5370     2.4999  251.40166     0.0000     0.0000     2.4923     4.7797     4.9963     0.0000     0.0271     0.1082          1 0.0000e+00
   5182.729    253.883    251.457    11.5714    11.5715   4.023989   4.024572    35.5312    35.5368     2.4998  251.25560     0.0000     0.0000     2.4922     4.7803     4.9963     0.0000     0.0293     0.1069          1 0.0000e+00
   5183.229    253.924    251.497    11.5713    11.5715   4.023977   4.024581    35.5312    35.5369     2.4998  251.31969     0.0000     0.0000     2.4922     4.7808     4.9963     0.0000     0.0293     0.1069          1 0.0000e+00
   5183.729    253.878    251.451    11.5712    11.5714   4.023969   4.024579    35.5311    35.5370     2.4999  251.47172     0.0000     0.0000     2.4923     4.7807     4.9964     0.0000     0.0293     0.1070          1 0.0000e+00
   5184.229    253.789    251.355    11.5712    11.5714   4.023973   4.024571    35.5312    35.5370     2.4995  251.46782     0.0000     0.0000     2.4919     4.7806     4.9964     0.0000     0.0293     0.1073          1 0.0000e+00
   5184.729    253.726    251.291    11.5714    11.5713   4.023978   4.024538    35.5312    35.5368     2.4987  251.26711     0.0000     0.0000     2.4911     4.7809     4.9963     0.0000     0.0293     0.1069          1 0.0000e+00
   5185.229    253.713    251.265    11.5714    11.5712   4.023985   4.024539    35.5312    35.5369     2.4987  251.16243     0.0000     0.0000     2.4911     4.7805     4.9963     0.0000     0.0293     0.1070          1 0.0000e+00
   5185.729    253.786    251.352    11.5714    11.5717   4.023985   4.024588    35.5312    35.5369     2.4994  251.34553     0.0000     0.0000     2.4918     4.7807     4.9963     0.0000     0.0279     0.1072          1 0.0000e+00
   5186.229    253.923    251.489    11.5714    11.5717   4.023991   4.024618    35.5312    35.5370     2.5004  251.72995     0.0000     0.0000     2.4928     4.7805     4.9963     0.0000     0.0273     0.1069          1 0.0000e+00
   5186.729    254.096    251.660    11.5715    11.5717   4.024014   4.024613    35.5312    35.5370     2.5010  252.05204     0.0000     0.0000     2.4934     4.7804     4.9963     0.0000     0.0282     0.1081          1 0.0000e+00
   5187.229    254.223    251.792    11.5715    11.5717   4.024008   4.024627    35.5312    35.5370     2.5009  252.01093     0.0000     0.0000     2.4933     4.7806     4.9964     0.0000     0.0293     0.1093          1 0.0000e+00
   5187.729    254.261    251.838    11.5714    11.5718   4.024011   4.024628    35.5312    35.5369     2.5006  251.78159     0.0000     0.0000     2.4930     4.7810     4.9963     0.0000     0.0298     0.1076          1 0.0000e+00
   5188.229    254.193    251.765    11.5714    11.5717   4.024010   4.024616    35.5313    35.5369     2.5001  251.48041     0.0000     0.0000     2.4925     4.7808     4.9963     0.0000     0.0305     0.1056          1 0.0000e+00
   5188.729    254.037    251.608    11.5714    11.5717   4.023999   4.024616    35.5312    35.5370     2.4999  251.35402     0.0000     0.0000     2.4923     4.7808     4.9963     0.0000     0.0301     0.1057          1 0.0000e+00
   5189.229    253.819    251.385    11.5715    11.5716   4.023984   4.024608    35.5311    35.5371     2.4998  251.35387     0.0000     0.0000     2.4922     4.7808     4.9963     0.0000     0.0293     0.1070          1 0.0000e+00
   5189.729    253.567    251.141    11.5711    11.5711   4.023943   4.024546    35.5311    35.5371     2.5001  251.49434     0.0000     0.0000     2.4925     4.7807     4.9964     0.0000     0.0293     0.1071          1 0.0000e+00
   5190.229    253.341    250.909    11.5702    11.5703   4.023830   4.024443    35.5310    35.5370     2.5003  251.60137     0.0000     0.0000     2.4927     4.7807     4.9963     0.0000     0.0293     0.1072          1 0.0000e+00
   5190.729    253.177    250.740    11.5697    11.5696   4.023800   4.024371    35.5313    35.5370     2.4997  251.50756     0.0000     0.0000     2.4921     4.7807     4.9962     0.0000     0.0292     0.1071          1 0.0000e+00
   5191.229    253.077    250.646    11.5699    11.5697   4.023812   4.024373    35.5313    35.5369     2.4997  251.43126     0.0000     0.0000     2.4921     4.7804     4.9964     0.0000     0.0271     0.1055          1 0.0000e+00
   5191.729    253.071    250.637    11.5702    11.5699   4.023837   4.024395    35.5313    35.5370     2.4996  251.39805     0.0000     0.0000     2.4921     4.7801     4.9963     0.0000     0.0270     0.1054          1 0.0000e+00
   5192.229    253.167    250.728    11.5703    11.5695   4.023859   4.024357    35.5313    35.5370     2.5003  251.54950     0.0000     0.0000     2.4927     4.7809     4.9963     0.0000     0.0269     0.1053          1 0.0000e+00
   5192.729    253.342    250.912    11.5709    11.5699   4.023925   4.024418    35.5313    35.5371     2.5005  251.72189     0.0000     0.0000     2.4929     4.7811     4.9963     0.0000     0.0270     0.1056          1 0.0000e+00
   5193.229    253.563    251.137    11.5710    11.5712   4.023955   4.024561    35.5314    35.5371     2.4998  251.62077     0.0000     0.0000     2.4923     4.7812     4.9963     0.0000     0.0289     0.1047          1 0.0000e+00
   5193.729    253.771    251.345    11.5710    11.5716   4.023965   4.024590    35.5313    35.5370     2.4999  251.52197     0.0000     0.0000     2.4924     4.7799     4.9963     0.0000     0.0293     0.1041          1 0.0000e+00
   5194.229    253.937    251.510    11.5714    11.5717   4.024008   4.024617    35.5314    35.5370     2.4999  251.47152     0.0000     0.0000     2.4924     4.7798     4.9963     0.0000     0.0293     0.1048          1 0.0000e+00
   5194.729    254.058    251.630    11.5715    11.5718   4.024002   4.024610    35.5311    35.5368     2.4997  251.47829     0.0000     0.0000     2.4922     4.7812     4.9964     0.0000     0.0293     0.1047          1 0.0000e+00
   5195.229    254.104    251.660    11.5716    11.5718   4.023995   4.024614    35.5310    35.5369     2.4989  251.33930     0.0000     0.0000     2.4913     4.7812     4.9963     0.0000     0.0293     0.1071          1 0.0000e+00
   5195.729    254.101    251.677    11.5716    11.5718   4.024000   4.024614    35.5310    35.5368     2.4992  251.25710     0.0000     0.0000     2.4917     4.7811     4.9962     0.0000     0.0293     0.1092          1 0.0000e+00
   5196.229    254.046    251.613    11.5716    11.5718   4.024007   4.024607    35.5311    35.5368     2.4995  251.40886     0.0000     0.0000     2.4920     4.7806     4.9963     0.0000     0.0293     0.1077          1 0.0000e+00
   5196.729    253.990    251.554    11.5715    11.5718   4.023996   4.024607    35.5311    35.5369     2.5004  251.70259     0.0000     0.0000     2.4928     4.7805     4.9963     0.0000     0.0293     0.1058          1 0.0000e+00
   5197.229    253.954    251.515    11.5716    11.5716   4.024000   4.024609    35.5311    35.5370     2.4997  251.71994     0.0000     0.0000     2.4922     4.7807     4.9964     0.0000     0.0286     0.1061          1 0.0000e+00
   5197.729    253.935    251.502    11.5716    11.5718   4.023983   4.024601    35.5310    35.5368     2.4997  251.56347     0.0000     0.0000     2.4922     4.7810     4.9963     0.0000     0.0270     0.1070          1 0.0000e+00
   5198.229    253.890    251.466    11.5716    11.5717   4.023983   4.024592    35.5309    35.5368     2.4996  251.44524     0.0000     0.0000     2.4921     4.7811     4.9963     0.0000     0.0269     0.1072          1 0.0000e+00
   5198.729    253.805    251.377    11.5714    11.5717   4.023971   4.024590    35.5311    35.5368     2.4994  251.37262     0.0000     0.0000     2.4919     4.7804     4.9963     0.0000     0.0270     0.1080          1 0.0000e+00
   5199.229    253.681    251.254    11.5711    11.5715   4.023952   4.024565    35.5311    35.5369     2.4995  251.44315     0.0000     0.0000     2.4920     4.7806     4.9963     0.0000     0.0270     0.1078          1 0.0000e+00
   5199.729    253.528    251.099    11.5711    11.5712   4.023957   4.024541    35.5313    35.5370     2.4995  251.45309     0.0000     0.0000     2.4920     4.7806     4.9963     0.0000     0.0293     0.1072          1 0.0000e+00
   5200.229    253.367    250.926    11.5708    11.5704   4.023917   4.024459    35.5313    35.5370     2.4997  251.52807     0.0000     0.0000     2.4922     4.7808     4.9963     0.0000     0.0293     0.1069          1 0.0000e+00
   5200.729    253.229    250.808    11.5702    11.5696   4.023849   4.024366    35.5313    35.5370     2.5006  251.72246     0.0000     0.0000     2.4931     4.7809     4.9963     0.0000     0.0293     0.1071          1 0.0000e+00
   5201.229    253.137    250.706    11.5699    11.5695   4.023815   4.024370    35.5313    35.5371     2.5008  251.85471     0.0000     0.0000     2.4933     4.7776     4.9962     0.0000     0.0293     0.1071          1 0.0000e+00
   5201.729    253.109    250.679    11.5701    11.5697   4.023841   4.024358    35.5313    35.5369     2.5011  251.90973     0.0000     0.0000     2.4936     4.7757     4.9963     0.0000     0.0274     0.1072          1 0.0000e+00
   5202.229    253.159    250.719    11.5705    11.5694   4.023882   4.024356    35.5314    35.5371     2.5008  251.77934     0.0000     0.0000     2.4933     4.7785     4.9963     0.0000     0.0270     0.1070          1 0.0000e+00
   5202.729    253.302    250.871    11.5710    11.5701   4.023935   4.024434    35.5313    35.5371     2.5007  251.61990     0.0000     0.0000     2.4932     4.7792     4.9962     0.0000     0.0286     0.1069          1 0.0000e+00
   5203.229    253.517    251.082    11.5713    11.5711   4.023953   4.024537    35.5311    35.5370     2.5004  251.52623     0.0000     0.0000     2.4929     4.7809     4.9962     0.0000     0.0293     0.1067          1 0.0000e+00
   5203.729    253.782    251.349    11.5716    11.5718   4.023992   4.024613    35.5310    35.5370     2.5003  251.45677     0.0000     0.0000     2.4928     4.7810     4.9962     0.0000     0.0293     0.1063          1 0.0000e+00
   5204.229    254.035    251.607    11.5715    11.5719   4.024005   4.024620    35.5311    35.5369     2.4999  251.43985     0.0000     0.0000     2.4924     4.7809     4.9963     0.0000     0.0293     0.1059          1 0.0000e+00
   5204.729    254.233    251.799    11.5714    11.5717   4.024002   4.024612    35.5312    35.5368     2.4997  251.38976     0.0000     0.0000     2.4922     4.7809     4.9961     0.0000     0.0298     0.1057          1 0.0000e+00
   5205.229    254.348    251.925    11.5713    11.5716   4.023987   4.024610    35.5310    35.5369     2.4997  251.42306     0.0000     0.0000     2.4922     4.7808     4.9963     0.0000     0.0305     0.1056          1 0.0000e+00
   5205.729    254.349    251.923    11.5713    11.5717   4.023989   4.024609    35.5311    35.5368     2.4996  251.41814     0.0000     0.0000     2.4921     4.7806     4.9963     0.0000     0.0301     0.1055          1 0.0000e+00
   5206.229    254.235    251.801    11.5713    11.5716   4.023993   4.024615    35.5312    35.5370     2.4994  251.44793     0.0000     0.0000     2.4919     4.7812     4.9962     0.0000     0.0293     0.1055          1 0.0000e+00
