odissea/cruise_data/ce25007/data/ctd/ce25007_007.cnv
* Sea-Bird SBE 9 Data File:
* FileName = C:\CE_CTD_Data\2025_CTD_Data\CE25007\CE25007_007.hdr
* Software Version Seasave V 7.26.7.121
* Temperature SN = 4382
* Conductivity SN = 2796
* Number of Bytes Per Scan = 40
* Number of Voltage Words = 5
* Number of Scans Averaged by the Deck Unit = 1
* NMEA Latitude = 52 59.87 N
* NMEA Longitude = 015 14.39 W
* NMEA UTC (Time) = May 10 2025 17:40:34
* NMEA baud rate = 4800
** Cruise: CE18001
** PSO: Caroline Cusack
** CTD operator:
** Technician:
** Cast No:
** Station:
** Event No:
** Sea state:
** Wind speed:
** Sounding depth
# nquan = 21
# nvalues = 16550                       
# units = specified
# name 0 = timeS: Time, Elapsed [seconds]
# name 1 = prDM: Pressure, Digiquartz [db]
# name 2 = depSM: Depth [salt water, m]
# name 3 = t090C: Temperature [ITS-90, deg C]
# name 4 = t190C: Temperature, 2 [ITS-90, deg C]
# name 5 = c0S/m: Conductivity [S/m]
# name 6 = c1S/m: Conductivity, 2 [S/m]
# name 7 = sal00: Salinity, Practical [PSU]
# name 8 = sal11: Salinity, Practical, 2 [PSU]
# name 9 = sbeox0V: Oxygen raw, SBE 43 [V]
# name 10 = sbeox0Mm/L: Oxygen, SBE 43 [umol/l]
# name 11 = v0: Voltage 0
# name 12 = v1: Voltage 1
# name 13 = v2: Voltage 2
# name 14 = v3: Voltage 3
# name 15 = v4: Voltage 4
# name 16 = v5: Voltage 5
# name 17 = v6: Voltage 6
# name 18 = v7: Voltage 7
# name 19 = pumps: Pump Status
# name 20 = flag: flag
# span 0 =      0.229,   8274.646       
# span 1 =     -0.462,   2301.386       
# span 2 =     -0.546,   2268.603       
# span 3 =     3.1329,    13.3992       
# span 4 =     3.1330,    13.5550       
# span 5 =   0.011879,   4.198424       
# span 6 =   0.089107,   4.204681       
# span 7 =     0.0745,    35.6387       
# span 8 =     0.5907,    35.7251       
# span 9 =     1.7867,     2.9919       
# span 10 =  170.67915,  338.46655      
# span 11 =     0.0000,     0.0000      
# span 12 =     0.0000,     0.0000      
# span 13 =     1.7737,     2.9919      
# span 14 =     0.0036,     4.8695      
# span 15 =     0.3697,     5.0000      
# span 16 =     0.0000,     0.0000      
# span 17 =     0.0098,     0.1270      
# span 18 =     0.0939,     4.7888      
# span 19 =          0,          1      
# span 20 = 0.0000e+00, 0.0000e+00      
# interval = seconds: 0.5               
# start_time = May 10 2025 17:40:34 [NMEA time, header]
# bad_flag = -9.990e-29
*END*
[from data line 3173]
   1586.729    935.186    924.831     7.8691     7.8690   3.668548   3.669171    35.1943    35.2012     1.8354  199.08005     0.0000     0.0000     1.8350     4.7846     4.9951     0.0000     0.0304     0.1071          1 0.0000e+00
   1587.229    935.772    925.409     7.8692     7.8691   3.668592   3.669211    35.1944    35.2011     1.8354  199.08955     0.0000     0.0000     1.8350     4.7848     4.9955     0.0000     0.0272     0.1047          1 0.0000e+00
   1587.729    936.377    926.012     7.8694     7.8694   3.668643   3.669293    35.1944    35.2014     1.8353  199.04232     0.0000     0.0000     1.8349     4.7851     4.9953     0.0000     0.0271     0.1048          1 0.0000e+00
   1588.229    936.990    926.615     7.8691     7.8687   3.668672   3.669281    35.1947    35.2016     1.8354  199.14283     0.0000     0.0000     1.8350     4.7845     4.9955     0.0000     0.0307     0.1072          1 0.0000e+00
   1588.729    937.592    927.218     7.8666     7.8663   3.668473   3.669100    35.1948    35.2018     1.8354  199.25823     0.0000     0.0000     1.8350     4.7847     4.9953     0.0000     0.0305     0.1074          1 0.0000e+00
   1589.229    938.164    927.775     7.8655     7.8654   3.668399   3.669041    35.1948    35.2017     1.8352  199.18815     0.0000     0.0000     1.8348     4.7850     4.9953     0.0000     0.0305     0.1052          1 0.0000e+00
   1589.729    938.708    928.315     7.8634     7.8631   3.668192   3.668836    35.1945    35.2016     1.8348  199.03692     0.0000     0.0000     1.8343     4.7846     4.9952     0.0000     0.0305     0.1045          1 0.0000e+00
   1590.229    939.219    928.811     7.8568     7.8567   3.667526   3.668211    35.1938    35.2012     1.8352  199.18027     0.0000     0.0000     1.8348     4.7839     4.9954     0.0000     0.0297     0.1064          1 0.0000e+00
   1590.729    939.707    929.299     7.8397     7.8396   3.665782   3.666495    35.1923    35.2001     1.8353  199.41053     0.0000     0.0000     1.8349     4.7845     4.9951     0.0000     0.0293     0.1074          1 0.0000e+00
   1591.229    940.189    929.769     7.8257     7.8243   3.664338   3.664928    35.1910    35.1988     1.8350  199.47683     0.0000     0.0000     1.8346     4.7846     4.9952     0.0000     0.0314     0.1073          1 0.0000e+00
   1591.729    940.687    930.260     7.8123     7.8117   3.662938   3.663613    35.1894    35.1973     1.8346  199.35930     0.0000     0.0000     1.8341     4.7847     4.9951     0.0000     0.0329     0.1072          1 0.0000e+00
   1592.229    941.210    930.779     7.8009     7.8006   3.661815   3.662453    35.1887    35.1959     1.8336  199.02862     0.0000     0.0000     1.8331     4.7847     4.9952     0.0000     0.0336     0.1074          1 0.0000e+00
   1592.729    941.746    931.306     7.7857     7.7852   3.660202   3.660892    35.1866    35.1946     1.8333  198.88083     0.0000     0.0000     1.8328     4.7852     4.9952     0.0000     0.0343     0.1072          1 0.0000e+00
   1593.229    942.278    931.837     7.7680     7.7675   3.658394   3.659095    35.1851    35.1931     1.8330  198.97337     0.0000     0.0000     1.8325     4.7847     4.9953     0.0000     0.0326     0.1075          1 0.0000e+00
   1593.729    942.778    932.331     7.7550     7.7548   3.657125   3.657799    35.1844    35.1919     1.8320  198.95219     0.0000     0.0000     1.8316     4.7846     4.9952     0.0000     0.0293     0.1080          1 0.0000e+00
   1594.229    943.230    932.778     7.7417     7.7413   3.655764   3.656444    35.1831    35.1908     1.8314  198.91970     0.0000     0.0000     1.8310     4.7847     4.9953     0.0000     0.0296     0.1072          1 0.0000e+00
   1594.729    943.617    933.161     7.7303     7.7306   3.654692   3.655366    35.1829    35.1898     1.8310  198.84846     0.0000     0.0000     1.8306     4.7845     4.9951     0.0000     0.0305     0.1047          1 0.0000e+00
   1595.229    943.932    933.472     7.7193     7.7214   3.653771   3.654619    35.1839    35.1909     1.8307  198.90772     0.0000     0.0000     1.8303     4.7845     4.9952     0.0000     0.0305     0.1044          1 0.0000e+00
   1595.729    944.195    933.722     7.7142     7.7156   3.653170   3.654015    35.1824    35.1900     1.8295  198.77269     0.0000     0.0000     1.8291     4.7846     4.9953     0.0000     0.0293     0.1047          1 0.0000e+00
   1596.229    944.458    933.978     7.6995     7.7015   3.651806   3.652581    35.1826    35.1888     1.8287  198.61463     0.0000     0.0000     1.8282     4.7843     4.9955     0.0000     0.0293     0.1047          1 0.0000e+00
   1596.729    944.770    934.285     7.6891     7.6901   3.650654   3.651375    35.1805    35.1872     1.8275  198.32986     0.0000     0.0000     1.8271     4.7840     4.9952     0.0000     0.0305     0.1059          1 0.0000e+00
   1597.229    945.131    934.645     7.6819     7.6802   3.649903   3.650440    35.1794    35.1869     1.8266  198.13665     0.0000     0.0000     1.8262     4.7847     4.9951     0.0000     0.0305     0.1057          1 0.0000e+00
   1597.729    945.536    935.047     7.6600     7.6557   3.647687   3.648002    35.1777    35.1855     1.8252  197.96184     0.0000     0.0000     1.8248     4.7858     4.9953     0.0000     0.0326     0.1046          1 0.0000e+00
   1598.229    945.998    935.496     7.6443     7.6438   3.646139   3.646763    35.1768    35.1840     1.8245  197.91699     0.0000     0.0000     1.8241     4.7853     4.9951     0.0000     0.0329     0.1047          1 0.0000e+00
   1598.729    946.510    936.006     7.6410     7.6409   3.645803   3.646450    35.1761    35.1831     1.8237  197.92996     0.0000     0.0000     1.8233     4.7854     4.9953     0.0000     0.0289     0.1064          1 0.0000e+00
   1599.229    947.055    936.545     7.6313     7.6306   3.644770   3.645413    35.1744    35.1820     1.8234  198.10740     0.0000     0.0000     1.8230     4.7849     4.9951     0.0000     0.0272     0.1073          1 0.0000e+00
   1599.729    947.626    937.109     7.6141     7.6137   3.643069   3.643741    35.1732    35.1809     1.8233  198.43304     0.0000     0.0000     1.8229     4.7851     4.9953     0.0000     0.0284     0.1071          1 0.0000e+00
   1600.229    948.213    937.688     7.6077     7.6075   3.642503   3.643156    35.1732    35.1804     1.8234  198.71296     0.0000     0.0000     1.8230     4.7849     4.9953     0.0000     0.0293     0.1072          1 0.0000e+00
   1600.729    948.816    938.285     7.6084     7.6098   3.642641   3.643423    35.1735    35.1804     1.8233  198.90779     0.0000     0.0000     1.8229     4.7849     4.9953     0.0000     0.0299     0.1067          1 0.0000e+00
   1601.229    949.426    938.883     7.6107     7.6106   3.642914   3.643541    35.1735    35.1803     1.8233  198.90739     0.0000     0.0000     1.8229     4.7850     4.9952     0.0000     0.0305     0.1055          1 0.0000e+00
   1601.729    950.034    939.481     7.6108     7.6104   3.642969   3.643567    35.1734    35.1802     1.8234  198.95004     0.0000     0.0000     1.8230     4.7847     4.9951     0.0000     0.0314     0.1058          1 0.0000e+00
   1602.229    950.673    940.117     7.6137     7.6140   3.643342   3.644001    35.1739    35.1807     1.8237  199.03939     0.0000     0.0000     1.8233     4.7845     4.9952     0.0000     0.0330     0.1056          1 0.0000e+00
   1602.729    951.335    940.769     7.6155     7.6144   3.643568   3.644106    35.1740    35.1809     1.8241  199.27637     0.0000     0.0000     1.8237     4.7847     4.9951     0.0000     0.0322     0.1063          1 0.0000e+00
   1603.229    952.002    941.429     7.6201     7.6201   3.644151   3.644773    35.1751    35.1817     1.8246  199.45533     0.0000     0.0000     1.8242     4.7802     4.9953     0.0000     0.0293     0.1072          1 0.0000e+00
   1603.729    952.663    942.080     7.6203     7.6206   3.644216   3.644867    35.1751    35.1818     1.8246  199.49727     0.0000     0.0000     1.8242     4.7755     4.9952     0.0000     0.0293     0.1074          1 0.0000e+00
   1604.229    953.299    942.709     7.6175     7.6178   3.643972   3.644653    35.1749    35.1819     1.8254  199.60331     0.0000     0.0000     1.8249     4.7822     4.9955     0.0000     0.0293     0.1080          1 0.0000e+00
   1604.729    953.916    943.321     7.6059     7.6060   3.642760   3.643483    35.1734    35.1810     1.8258  199.76245     0.0000     0.0000     1.8253     4.7845     4.9951     0.0000     0.0293     0.1080          1 0.0000e+00
   1605.229    954.475    943.874     7.5947     7.5946   3.641670   3.642357    35.1728    35.1803     1.8258  199.81375     0.0000     0.0000     1.8253     4.7843     4.9954     0.0000     0.0306     0.1071          1 0.0000e+00
   1605.729    954.985    944.371     7.5850     7.5850   3.640748   3.641452    35.1724    35.1800     1.8255  199.69748     0.0000     0.0000     1.8250     4.7842     4.9952     0.0000     0.0306     0.1073          1 0.0000e+00
   1606.229    955.437    944.820     7.5694     7.5695   3.639219   3.639935    35.1717    35.1792     1.8247  199.38807     0.0000     0.0000     1.8243     4.7842     4.9952     0.0000     0.0295     0.1072          1 0.0000e+00
   1606.729    955.846    945.224     7.5611     7.5585   3.638430   3.638875    35.1713    35.1788     1.8249  199.33066     0.0000     0.0000     1.8245     4.7837     4.9952     0.0000     0.0293     0.1071          1 0.0000e+00
   1607.229    956.201    945.577     7.5511     7.5507   3.637515   3.638097    35.1714    35.1780     1.8247  199.37677     0.0000     0.0000     1.8243     4.7836     4.9952     0.0000     0.0330     0.1064          1 0.0000e+00
   1607.729    956.519    945.884     7.5509     7.5510   3.637474   3.638113    35.1708    35.1777     1.8248  199.53800     0.0000     0.0000     1.8244     4.7835     4.9954     0.0000     0.0342     0.1057          1 0.0000e+00
   1608.229    956.818    946.177     7.5470     7.5480   3.637077   3.637838    35.1703    35.1774     1.8251  199.72534     0.0000     0.0000     1.8246     4.7825     4.9954     0.0000     0.0312     0.1060          1 0.0000e+00
   1608.729    957.125    946.484     7.5448     7.5449   3.636851   3.637485    35.1698    35.1765     1.8259  200.01892     0.0000     0.0000     1.8254     4.7804     4.9953     0.0000     0.0293     0.1054          1 0.0000e+00
   1609.229    957.442    946.791     7.5411     7.5418   3.636451   3.637180    35.1689    35.1761     1.8257  200.13173     0.0000     0.0000     1.8252     4.7824     4.9951     0.0000     0.0293     0.1049          1 0.0000e+00
   1609.729    957.779    947.130     7.5376     7.5383   3.636096   3.636816    35.1683    35.1754     1.8259  200.10165     0.0000     0.0000     1.8254     4.7834     4.9954     0.0000     0.0293     0.1036          1 0.0000e+00
   1610.229    958.134    947.473     7.5359     7.5360   3.635923   3.636589    35.1680    35.1750     1.8259  200.01853     0.0000     0.0000     1.8254     4.7832     4.9952     0.0000     0.0293     0.1047          1 0.0000e+00
   1610.729    958.506    947.840     7.5345     7.5344   3.635816   3.636450    35.1679    35.1749     1.8259  199.95556     0.0000     0.0000     1.8254     4.7832     4.9954     0.0000     0.0293     0.1074          1 0.0000e+00
   1611.229    958.903    948.237     7.5346     7.5344   3.635874   3.636506    35.1680    35.1751     1.8260  200.00495     0.0000     0.0000     1.8255     4.7829     4.9952     0.0000     0.0293     0.1071          1 0.0000e+00
   1611.729    959.337    948.663     7.5324     7.5322   3.635636   3.636287    35.1675    35.1747     1.8260  199.99796     0.0000     0.0000     1.8255     4.7827     4.9952     0.0000     0.0293     0.1073          1 0.0000e+00
   1612.229    959.807    949.123     7.5247     7.5246   3.634971   3.635613    35.1679    35.1750     1.8261  200.08424     0.0000     0.0000     1.8256     4.7833     4.9952     0.0000     0.0294     0.1072          1 0.0000e+00
   1612.729    960.322    949.628     7.5240     7.5241   3.634918   3.635576    35.1676    35.1747     1.8268  200.29137     0.0000     0.0000     1.8263     4.7830     4.9952     0.0000     0.0306     0.1073          1 0.0000e+00
   1613.229    960.883    950.193     7.5180     7.5188   3.634296   3.635045    35.1667    35.1740     1.8269  200.47093     0.0000     0.0000     1.8264     4.7831     4.9953     0.0000     0.0305     0.1074          1 0.0000e+00
   1613.729    961.471    950.764     7.5064     7.5064   3.633138   3.633820    35.1658    35.1731     1.8271  200.63467     0.0000     0.0000     1.8266     4.7834     4.9952     0.0000     0.0308     0.1049          1 0.0000e+00
   1614.229    962.093    951.377     7.5011     7.5007   3.632651   3.633271    35.1656    35.1727     1.8271  200.57956     0.0000     0.0000     1.8266     4.7829     4.9951     0.0000     0.0305     0.1050          1 0.0000e+00
   1614.729    962.771    952.050     7.4985     7.4984   3.632428   3.633063    35.1654    35.1723     1.8265  200.29628     0.0000     0.0000     1.8260     4.7826     4.9952     0.0000     0.0277     0.1056          1 0.0000e+00
   1615.229    963.478    952.750     7.4945     7.4945   3.632118   3.632775    35.1657    35.1727     1.8263  200.13289     0.0000     0.0000     1.8258     4.7820     4.9951     0.0000     0.0275     0.1060          1 0.0000e+00
   1615.729    964.197    953.461     7.4795     7.4793   3.630774   3.631427    35.1662    35.1734     1.8259  200.02139     0.0000     0.0000     1.8254     4.7825     4.9953     0.0000     0.0314     0.1051          1 0.0000e+00
   1616.229    964.903    954.157     7.4700     7.4696   3.630008   3.630587    35.1672    35.1740     1.8249  199.82953     0.0000     0.0000     1.8244     4.7824     4.9953     0.0000     0.0330     0.1046          1 0.0000e+00
   1616.729    965.583    954.828     7.4528     7.4525   3.628186   3.628831    35.1648    35.1721     1.8247  199.82923     0.0000     0.0000     1.8242     4.7812     4.9951     0.0000     0.0337     0.1049          1 0.0000e+00
   1617.229    966.230    955.475     7.4502     7.4498   3.628109   3.628710    35.1661    35.1731     1.8247  199.94638     0.0000     0.0000     1.8242     4.7800     4.9952     0.0000     0.0342     0.1049          1 0.0000e+00
   1617.729    966.789    956.020     7.4509     7.4508   3.628199   3.628822    35.1659    35.1729     1.8240  199.94176     0.0000     0.0000     1.8235     4.7818     4.9952     0.0000     0.0318     0.1052          1 0.0000e+00
   1618.229    967.263    956.499     7.4513     7.4503   3.628252   3.628792    35.1657    35.1726     1.8246  200.21433     0.0000     0.0000     1.8241     4.7822     4.9951     0.0000     0.0293     0.1058          1 0.0000e+00
   1618.729    967.643    956.861     7.4518     7.4522   3.628345   3.629046    35.1659    35.1731     1.8248  200.38692     0.0000     0.0000     1.8243     4.7822     4.9953     0.0000     0.0305     0.1060          1 0.0000e+00
   1619.229    967.952    957.166     7.4537     7.4534   3.628633   3.629265    35.1668    35.1739     1.8257  200.81109     0.0000     0.0000     1.8252     4.7817     4.9952     0.0000     0.0330     0.1073          1 0.0000e+00
   1619.729    968.234    957.440     7.4537     7.4535   3.628690   3.629336    35.1671    35.1743     1.8264  201.14128     0.0000     0.0000     1.8259     4.7818     4.9954     0.0000     0.0325     0.1070          1 0.0000e+00
   1620.229    968.546    957.744     7.4539     7.4539   3.628760   3.629410    35.1674    35.1745     1.8271  201.35919     0.0000     0.0000     1.8265     4.7818     4.9951     0.0000     0.0305     0.1056          1 0.0000e+00
