odissea/cruise_data/ce25007/data/ctd/ce25007_022.cnv
* Sea-Bird SBE 9 Data File:
* FileName = C:\CE_CTD_Data\2025_CTD_Data\CE25007\CE25007_022.hdr
* Software Version Seasave V 7.26.7.121
* Temperature SN = 4382
* Conductivity SN = 2796
* Number of Bytes Per Scan = 40
* Number of Voltage Words = 5
* Number of Scans Averaged by the Deck Unit = 1
* NMEA Latitude = 54 30.67 N
* NMEA Longitude = 020 15.92 W
* NMEA UTC (Time) = May 15 2025 16:37:31
* NMEA baud rate = 4800
** Cruise: CE18001
** PSO: Caroline Cusack
** CTD operator:
** Technician:
** Cast No:
** Station:
** Event No:
** Sea state:
** Wind speed:
** Sounding depth
# nquan = 21
# nvalues = 15683                       
# units = specified
# name 0 = timeS: Time, Elapsed [seconds]
# name 1 = prDM: Pressure, Digiquartz [db]
# name 2 = depSM: Depth [salt water, m]
# name 3 = t090C: Temperature [ITS-90, deg C]
# name 4 = t190C: Temperature, 2 [ITS-90, deg C]
# name 5 = c0S/m: Conductivity [S/m]
# name 6 = c1S/m: Conductivity, 2 [S/m]
# name 7 = sal00: Salinity, Practical [PSU]
# name 8 = sal11: Salinity, Practical, 2 [PSU]
# name 9 = sbeox0V: Oxygen raw, SBE 43 [V]
# name 10 = sbeox0Mm/L: Oxygen, SBE 43 [umol/l]
# name 11 = v0: Voltage 0
# name 12 = v1: Voltage 1
# name 13 = v2: Voltage 2
# name 14 = v3: Voltage 3
# name 15 = v4: Voltage 4
# name 16 = v5: Voltage 5
# name 17 = v6: Voltage 6
# name 18 = v7: Voltage 7
# name 19 = pumps: Pump Status
# name 20 = flag: flag
# span 0 =      0.229,   7841.229       
# span 1 =     -0.334,   2133.045       
# span 2 =     -0.374,   2103.207       
# span 3 =     3.4580,    16.0966       
# span 4 =     3.4589,    16.1904       
# span 5 =   0.005809,   4.047522       
# span 6 =   0.012970,   4.045767       
# span 7 =     0.0374,    35.5461       
# span 8 =     0.0758,    35.5491       
# span 9 =     1.8694,     2.8867       
# span 10 =  201.72060,  351.13776      
# span 11 =     0.0000,     0.0000      
# span 12 =     0.0000,     0.0000      
# span 13 =     1.8595,     2.8802      
# span 14 =     0.0033,     4.8892      
# span 15 =     0.0468,     5.0000      
# span 16 =     0.0000,     0.0000      
# span 17 =     0.0061,     0.3730      
# span 18 =     0.0085,     1.9315      
# span 19 =          0,          1      
# span 20 = 0.0000e+00, 0.0000e+00      
# interval = seconds: 0.5               
# start_time = May 15 2025 16:37:31 [NMEA time, header]
# bad_flag = -9.990e-29
*END*
[from data line 10966]
   5483.229    910.803    900.659     4.8970     4.8977   3.375346   3.375891    34.9807    34.9863     2.0483  247.92646     0.0000     0.0000     2.0331     4.6683     5.0000     0.0000     0.0299     0.1047          1 0.0000e+00
   5483.729    911.049    900.911     4.8969     4.8974   3.375330   3.375876    34.9805    34.9863     2.0483  248.00961     0.0000     0.0000     2.0331     4.6682     5.0000     0.0000     0.0293     0.1051          1 0.0000e+00
   5484.229    911.173    901.028     4.8972     4.8977   3.375369   3.375899    34.9806    34.9861     2.0473  247.67839     0.0000     0.0000     2.0320     4.6685     4.9999     0.0000     0.0293     0.1050          1 0.0000e+00
   5484.729    911.182    901.037     4.8974     4.8979   3.375383   3.375923    34.9805    34.9862     2.0474  247.57211     0.0000     0.0000     2.0321     4.6683     5.0000     0.0000     0.0293     0.1052          1 0.0000e+00
   5485.229    911.115    900.967     4.8974     4.8981   3.375381   3.375945    34.9805    34.9863     2.0473  247.52622     0.0000     0.0000     2.0320     4.6687     4.9999     0.0000     0.0293     0.1096          1 0.0000e+00
   5485.729    911.006    900.852     4.8973     4.8982   3.375356   3.375930    34.9804    34.9861     2.0476  247.77532     0.0000     0.0000     2.0324     4.6680     4.9999     0.0000     0.0293     0.1136          1 0.0000e+00
   5486.229    910.897    900.747     4.8978     4.8982   3.375409   3.375927    34.9805    34.9861     2.0480  248.09410     0.0000     0.0000     2.0328     4.6685     5.0000     0.0000     0.0298     0.1108          1 0.0000e+00
   5486.729    910.788    900.642     4.8983     4.8984   3.375443   3.375941    34.9805    34.9861     2.0482  248.24359     0.0000     0.0000     2.0330     4.6681     5.0000     0.0000     0.0305     0.1063          1 0.0000e+00
   5487.229    910.659    900.520     4.8986     4.8993   3.375467   3.376039    34.9804    34.9863     2.0481  248.22360     0.0000     0.0000     2.0329     4.6686     5.0000     0.0000     0.0302     0.1064          1 0.0000e+00
   5487.729    910.469    900.331     4.8996     4.8999   3.375571   3.376091    34.9807    34.9863     2.0482  248.09378     0.0000     0.0000     2.0330     4.6683     5.0000     0.0000     0.0293     0.1052          1 0.0000e+00
   5488.229    910.219    900.081     4.8997     4.9002   3.375556   3.376115    34.9806    34.9865     2.0484  248.06419     0.0000     0.0000     2.0332     4.6679     4.9999     0.0000     0.0293     0.1051          1 0.0000e+00
   5488.729    909.919    899.786     4.8996     4.9003   3.375537   3.376105    34.9806    34.9863     2.0485  248.09447     0.0000     0.0000     2.0333     4.6683     5.0000     0.0000     0.0292     0.1051          1 0.0000e+00
   5489.229    909.617    899.478     4.9001     4.9005   3.375589   3.376121    34.9808    34.9865     2.0484  248.09708     0.0000     0.0000     2.0332     4.6685     4.9999     0.0000     0.0293     0.1052          1 0.0000e+00
   5489.729    909.359    899.223     4.9004     4.9007   3.375617   3.376122    34.9810    34.9864     2.0486  248.04794     0.0000     0.0000     2.0334     4.6682     5.0000     0.0000     0.0293     0.1065          1 0.0000e+00
   5490.229    909.166    899.033     4.9003     4.9004   3.375593   3.376080    34.9809    34.9864     2.0490  248.14911     0.0000     0.0000     2.0338     4.6682     5.0000     0.0000     0.0293     0.1065          1 0.0000e+00
   5490.729    909.071    898.933     4.8999     4.8998   3.375553   3.376019    34.9809    34.9863     2.0489  248.20495     0.0000     0.0000     2.0337     4.6682     5.0000     0.0000     0.0293     0.1064          1 0.0000e+00
   5491.229    909.110    898.974     4.9000     4.9002   3.375550   3.376073    34.9807    34.9866     2.0490  248.23619     0.0000     0.0000     2.0338     4.6680     5.0000     0.0000     0.0292     0.1065          1 0.0000e+00
   5491.729    909.259    899.122     4.8999     4.8997   3.375547   3.376051    34.9807    34.9867     2.0492  248.19361     0.0000     0.0000     2.0340     4.6685     5.0000     0.0000     0.0302     0.1067          1 0.0000e+00
   5492.229    909.505    899.365     4.8992     4.8995   3.375506   3.376026    34.9809    34.9866     2.0494  248.22992     0.0000     0.0000     2.0342     4.6679     5.0000     0.0000     0.0305     0.1066          1 0.0000e+00
   5492.729    909.827    899.692     4.8979     4.8990   3.375393   3.375995    34.9808    34.9866     2.0492  248.20719     0.0000     0.0000     2.0340     4.6679     5.0000     0.0000     0.0305     0.1041          1 0.0000e+00
   5493.229    910.175    900.036     4.8974     4.8982   3.375345   3.375922    34.9806    34.9864     2.0492  248.18424     0.0000     0.0000     2.0340     4.6684     5.0000     0.0000     0.0305     0.1028          1 0.0000e+00
   5493.729    910.497    900.359     4.8970     4.8976   3.375323   3.375872    34.9806    34.9863     2.0494  248.20380     0.0000     0.0000     2.0342     4.6683     4.9999     0.0000     0.0299     0.1051          1 0.0000e+00
   5494.229    910.775    900.635     4.8974     4.8978   3.375374   3.375895    34.9807    34.9862     2.0493  248.21092     0.0000     0.0000     2.0341     4.6682     5.0000     0.0000     0.0293     0.1064          1 0.0000e+00
   5494.729    910.969    900.822     4.8981     4.8983   3.375450   3.375960    34.9807    34.9863     2.0487  247.96351     0.0000     0.0000     2.0335     4.6681     5.0000     0.0000     0.0298     0.1058          1 0.0000e+00
   5495.229    911.050    900.912     4.8979     4.8981   3.375444   3.375934    34.9807    34.9862     2.0484  247.74370     0.0000     0.0000     2.0332     4.6685     5.0000     0.0000     0.0305     0.1051          1 0.0000e+00
   5495.729    911.009    900.864     4.8983     4.8984   3.375465   3.375972    34.9806    34.9863     2.0484  247.70450     0.0000     0.0000     2.0332     4.6683     4.9999     0.0000     0.0301     0.1056          1 0.0000e+00
   5496.229    910.873    900.734     4.8978     4.8982   3.375397   3.375939    34.9804    34.9862     2.0484  247.84491     0.0000     0.0000     2.0332     4.6687     5.0000     0.0000     0.0293     0.1064          1 0.0000e+00
   5496.729    910.668    900.524     4.8973     4.8978   3.375328   3.375877    34.9802    34.9861     2.0484  247.95279     0.0000     0.0000     2.0332     4.6685     5.0000     0.0000     0.0295     0.1062          1 0.0000e+00
   5497.229    910.430    900.282     4.8980     4.8986   3.375415   3.375980    34.9806    34.9865     2.0484  247.99317     0.0000     0.0000     2.0332     4.6685     5.0000     0.0000     0.0305     0.1051          1 0.0000e+00
   5497.729    910.221    900.075     4.8991     4.8996   3.375510   3.376050    34.9806    34.9864     2.0487  248.11403     0.0000     0.0000     2.0335     4.6686     5.0000     0.0000     0.0305     0.1050          1 0.0000e+00
   5498.229    910.067    899.923     4.8996     4.8996   3.375562   3.376052    34.9808    34.9864     2.0484  248.02504     0.0000     0.0000     2.0332     4.6685     5.0000     0.0000     0.0305     0.1050          1 0.0000e+00
   5498.729    909.974    899.831     4.8989     4.9003   3.375488   3.376112    34.9808    34.9864     2.0482  247.91397     0.0000     0.0000     2.0331     4.6685     5.0000     0.0000     0.0305     0.1050          1 0.0000e+00
   5499.229    909.943    899.803     4.8976     4.9002   3.375382   3.376110    34.9809    34.9865     2.0486  247.99679     0.0000     0.0000     2.0335     4.6685     5.0000     0.0000     0.0294     0.1051          1 0.0000e+00
   5499.729    909.967    899.825     4.8989     4.9000   3.375482   3.376071    34.9807    34.9863     2.0482  247.99662     0.0000     0.0000     2.0331     4.6688     5.0000     0.0000     0.0293     0.1050          1 0.0000e+00
   5500.229    909.997    899.864     4.8986     4.8997   3.375461   3.376048    34.9807    34.9863     2.0482  247.96214     0.0000     0.0000     2.0331     4.6687     5.0000     0.0000     0.0293     0.1050          1 0.0000e+00
   5500.729    909.965    899.838     4.8975     4.8996   3.375361   3.376027    34.9808    34.9863     2.0481  247.87347     0.0000     0.0000     2.0330     4.6686     5.0000     0.0000     0.0292     0.1050          1 0.0000e+00
   5501.229    909.866    899.732     4.8977     4.8986   3.375373   3.375934    34.9807    34.9862     2.0481  247.82725     0.0000     0.0000     2.0330     4.6689     4.9999     0.0000     0.0292     0.1050          1 0.0000e+00
   5501.729    909.719    899.587     4.8976     4.8982   3.375345   3.375883    34.9806    34.9862     2.0481  247.90932     0.0000     0.0000     2.0330     4.6686     5.0000     0.0000     0.0293     0.1050          1 0.0000e+00
   5502.229    909.539    899.409     4.8979     4.8986   3.375365   3.375912    34.9806    34.9862     2.0481  247.92822     0.0000     0.0000     2.0330     4.6685     5.0000     0.0000     0.0293     0.1051          1 0.0000e+00
   5502.729    909.331    899.206     4.8986     4.8993   3.375428   3.375985    34.9807    34.9864     2.0482  247.96115     0.0000     0.0000     2.0331     4.6687     5.0000     0.0000     0.0293     0.1050          1 0.0000e+00
   5503.229    909.112    898.988     4.8993     4.9001   3.375484   3.376051    34.9807    34.9864     2.0482  247.97063     0.0000     0.0000     2.0331     4.6682     5.0000     0.0000     0.0293     0.1050          1 0.0000e+00
   5503.729    908.879    898.756     4.8996     4.9001   3.375507   3.376041    34.9807    34.9864     2.0487  248.10416     0.0000     0.0000     2.0336     4.6684     5.0000     0.0000     0.0293     0.1050          1 0.0000e+00
   5504.229    908.640    898.517     4.8997     4.9003   3.375507   3.376058    34.9808    34.9865     2.0494  248.40125     0.0000     0.0000     2.0342     4.6687     4.9999     0.0000     0.0293     0.1055          1 0.0000e+00
   5504.729    908.396    898.284     4.8997     4.9002   3.375504   3.376045    34.9808    34.9866     2.0492  248.39757     0.0000     0.0000     2.0340     4.6687     5.0000     0.0000     0.0293     0.1063          1 0.0000e+00
   5505.229    908.153    898.033     4.8997     4.9014   3.375486   3.376153    34.9808    34.9866     2.0492  248.31645     0.0000     0.0000     2.0340     4.6686     5.0000     0.0000     0.0293     0.1067          1 0.0000e+00
   5505.729    907.923    897.816     4.9005     4.9025   3.375568   3.376256    34.9809    34.9868     2.0493  248.07981     0.0000     0.0000     2.0341     4.6685     5.0000     0.0000     0.0293     0.1074          1 0.0000e+00
   5506.229    907.718    897.608     4.9014     4.9028   3.375644   3.376280    34.9810    34.9868     2.0493  248.05156     0.0000     0.0000     2.0341     4.6685     4.9999     0.0000     0.0292     0.1074          1 0.0000e+00
   5506.729    907.536    897.426     4.9019     4.9046   3.375691   3.376472    34.9811    34.9872     2.0493  248.05117     0.0000     0.0000     2.0342     4.6684     5.0000     0.0000     0.0293     0.1064          1 0.0000e+00
   5507.229    907.370    897.269     4.9027     4.9065   3.375752   3.376618    34.9810    34.9870     2.0493  248.09213     0.0000     0.0000     2.0342     4.6684     5.0000     0.0000     0.0293     0.1063          1 0.0000e+00
   5507.729    907.179    897.085     4.9037     4.9099   3.375867   3.377073    34.9814    34.9886     2.0493  248.05089     0.0000     0.0000     2.0342     4.6683     5.0000     0.0000     0.0304     0.1051          1 0.0000e+00
   5508.229    906.938    896.845     4.9035     4.9104   3.375829   3.377024    34.9813    34.9877     2.0493  248.04169     0.0000     0.0000     2.0342     4.6687     4.9999     0.0000     0.0305     0.1051          1 0.0000e+00
   5508.729    906.642    896.558     4.9070     4.9112   3.376199   3.377054    34.9819    34.9874     2.0492  247.95554     0.0000     0.0000     2.0341     4.6687     5.0000     0.0000     0.0305     0.1051          1 0.0000e+00
   5509.229    906.258    896.174     4.9121     4.9166   3.376660   3.377688    34.9820    34.9891     2.0493  247.91214     0.0000     0.0000     2.0342     4.6684     5.0000     0.0000     0.0305     0.1051          1 0.0000e+00
   5509.729    905.800    895.730     4.9161     4.9195   3.377057   3.377913    34.9826    34.9889     2.0494  247.91982     0.0000     0.0000     2.0343     4.6687     5.0000     0.0000     0.0297     0.1059          1 0.0000e+00
   5510.229    905.257    895.185     4.9209     4.9308   3.377563   3.379154    34.9836    34.9913     2.0493  247.87804     0.0000     0.0000     2.0342     4.6688     4.9999     0.0000     0.0293     0.1065          1 0.0000e+00
   5510.729    904.645    894.583     4.9368     4.9418   3.379126   3.380184    34.9849    34.9917     2.0494  247.77421     0.0000     0.0000     2.0343     4.6685     5.0000     0.0000     0.0293     0.1050          1 0.0000e+00
   5511.229    903.996    893.935     4.9454     4.9511   3.379996   3.381149    34.9860    34.9933     2.0501  247.88426     0.0000     0.0000     2.0349     4.6684     5.0000     0.0000     0.0293     0.1039          1 0.0000e+00
   5511.729    903.352    893.302     4.9561     4.9585   3.381058   3.381830    34.9872    34.9937     2.0505  248.01890     0.0000     0.0000     2.0353     4.6684     5.0000     0.0000     0.0293     0.1045          1 0.0000e+00
   5512.229    902.741    892.691     4.9584     4.9623   3.381276   3.382160    34.9876    34.9937     2.0504  248.05483     0.0000     0.0000     2.0352     4.6685     5.0000     0.0000     0.0293     0.1050          1 0.0000e+00
   5512.729    902.187    892.146     4.9613     4.9631   3.381540   3.382252    34.9880    34.9943     2.0505  247.86409     0.0000     0.0000     2.0353     4.6686     4.9999     0.0000     0.0296     0.1051          1 0.0000e+00
   5513.229    901.711    891.674     4.9629     4.9671   3.381665   3.382576    34.9880    34.9942     2.0504  247.68279     0.0000     0.0000     2.0352     4.6685     5.0000     0.0000     0.0305     0.1052          1 0.0000e+00
   5513.729    901.324    891.292     4.9672     4.9673   3.382031   3.382573    34.9879    34.9942     2.0503  247.52665     0.0000     0.0000     2.0351     4.6684     4.9999     0.0000     0.0305     0.1049          1 0.0000e+00
   5514.229    901.034    891.004     4.9531     4.9554   3.380548   3.381344    34.9862    34.9930     2.0493  247.29748     0.0000     0.0000     2.0342     4.6688     5.0000     0.0000     0.0305     0.1041          1 0.0000e+00
   5514.729    900.864    890.843     4.9487     4.9529   3.380273   3.381256    34.9879    34.9949     2.0493  247.12796     0.0000     0.0000     2.0342     4.6684     5.0000     0.0000     0.0305     0.1044          1 0.0000e+00
   5515.229    900.774    890.756     4.9564     4.9583   3.380980   3.381661    34.9878    34.9938     2.0484  246.85609     0.0000     0.0000     2.0333     4.6689     5.0000     0.0000     0.0305     0.1089          1 0.0000e+00
   5515.729    900.693    890.681     4.9554     4.9548   3.380832   3.381308    34.9874    34.9935     2.0479  246.73141     0.0000     0.0000     2.0328     4.6686     5.0000     0.0000     0.0305     0.1087          1 0.0000e+00
   5516.229    900.564    890.561     4.9505     4.9565   3.380318   3.381459    34.9868    34.9936     2.0476  246.66465     0.0000     0.0000     2.0325     4.6687     5.0000     0.0000     0.0321     0.1088          1 0.0000e+00
   5516.729    900.357    890.356     4.9485     4.9517   3.380155   3.380989    34.9872    34.9934     2.0472  246.60882     0.0000     0.0000     2.0320     4.6687     5.0000     0.0000     0.0321     0.1089          1 0.0000e+00
