odissea/cruise_data/ce25007/data/ctd/ce25007_002.cnv
* Sea-Bird SBE 9 Data File:
* FileName = C:\CE_CTD_Data\2025_CTD_Data\CE25007\CE25007_002.hdr
* Software Version Seasave V 7.26.7.121
* Temperature SN = 4382
* Conductivity SN = 2796
* Number of Bytes Per Scan = 40
* Number of Voltage Words = 5
* Number of Scans Averaged by the Deck Unit = 1
* NMEA Latitude = 52 59.84 N
* NMEA Longitude = 014 42.46 W
* NMEA UTC (Time) = May 09 2025 21:03:07
* NMEA baud rate = 4800
** Cruise: CE18001
** PSO: Caroline Cusack
** CTD operator:
** Technician:
** Cast No:
** Station:
** Event No:
** Sea state:
** Wind speed:
** Sounding depth
# nquan = 21
# nvalues = 4436                        
# units = specified
# name 0 = timeS: Time, Elapsed [seconds]
# name 1 = prDM: Pressure, Digiquartz [db]
# name 2 = depSM: Depth [salt water, m]
# name 3 = t090C: Temperature [ITS-90, deg C]
# name 4 = t190C: Temperature, 2 [ITS-90, deg C]
# name 5 = c0S/m: Conductivity [S/m]
# name 6 = c1S/m: Conductivity, 2 [S/m]
# name 7 = sal00: Salinity, Practical [PSU]
# name 8 = sal11: Salinity, Practical, 2 [PSU]
# name 9 = sbeox0V: Oxygen raw, SBE 43 [V]
# name 10 = sbeox0Mm/L: Oxygen, SBE 43 [umol/l]
# name 11 = v0: Voltage 0
# name 12 = v1: Voltage 1
# name 13 = v2: Voltage 2
# name 14 = v3: Voltage 3
# name 15 = v4: Voltage 4
# name 16 = v5: Voltage 5
# name 17 = v6: Voltage 6
# name 18 = v7: Voltage 7
# name 19 = pumps: Pump Status
# name 20 = flag: flag
# span 0 =      0.229,   2217.667       
# span 1 =     -0.351,    475.933       
# span 2 =     -0.359,    471.197       
# span 3 =    10.0549,    13.7177       
# span 4 =    10.0555,    13.9005       
# span 5 =   0.094711,   4.166032       
# span 6 =   0.028967,   4.185314       
# span 7 =     0.6229,    35.9332       
# span 8 =     0.1782,    36.0509       
# span 9 =     1.9962,     3.5963       
# span 10 =  174.53799,  398.36076      
# span 11 =     0.0000,     0.0000      
# span 12 =     0.0000,     0.0000      
# span 13 =     1.9962,     3.5963      
# span 14 =     0.0030,     4.7700      
# span 15 =     0.0510,     4.9988      
# span 16 =     0.0000,     0.0000      
# span 17 =     0.0208,     0.5543      
# span 18 =     0.0962,     0.9808      
# span 19 =          0,          1      
# span 20 = 0.0000e+00, 0.0000e+00      
# interval = seconds: 0.5               
# start_time = May 09 2025 21:03:07 [NMEA time, header]
# bad_flag = -9.990e-29
*END*
[from data line 2483]
   1241.729    416.849    412.750    10.1896    10.1966   3.883338   3.884711    35.3825    35.3895     2.0911  210.59150     0.0000     0.0000     2.0904     4.7514     3.3937     0.0000     0.0354     0.1104          1 0.0000e+00
   1242.229    416.259    412.170    10.2044    10.2066   3.884886   3.885769    35.3838    35.3905     2.0925  210.79509     0.0000     0.0000     2.0917     4.7492     3.4251     0.0000     0.0354     0.1121          1 0.0000e+00
   1242.729    415.627    411.543    10.2066    10.2141   3.885139   3.886537    35.3846    35.3912     2.0946  211.42428     0.0000     0.0000     2.0938     4.7495     3.4549     0.0000     0.0354     0.1120          1 0.0000e+00
   1243.229    414.988    410.901    10.2165    10.2234   3.886151   3.887537    35.3853    35.3925     2.0968  212.04376     0.0000     0.0000     2.0960     4.7498     3.4824     0.0000     0.0354     0.1105          1 0.0000e+00
   1243.729    414.356    410.280    10.2266    10.2284   3.887189   3.888041    35.3862    35.3931     2.0992  212.60206     0.0000     0.0000     2.0984     4.7488     3.5082     0.0000     0.0354     0.1109          1 0.0000e+00
   1244.229    413.751    409.680    10.2341    10.2336   3.888000   3.888560    35.3873    35.3935     2.1020  213.06530     0.0000     0.0000     2.1011     4.7481     3.5418     0.0000     0.0366     0.1119          1 0.0000e+00
   1244.729    413.177    409.111    10.2384    10.2411   3.888433   3.889351    35.3878    35.3944     2.1051  213.62583     0.0000     0.0000     2.1043     4.7471     3.5720     0.0000     0.0366     0.1120          1 0.0000e+00
   1245.229    412.652    408.594    10.2412    10.2379   3.888691   3.888948    35.3879    35.3939     2.1084  214.22025     0.0000     0.0000     2.1075     4.7468     3.5962     0.0000     0.0353     0.1097          1 0.0000e+00
   1245.729    412.157    408.103    10.2411    10.2385   3.888762   3.889007    35.3891    35.3942     2.1111  214.65536     0.0000     0.0000     2.1103     4.7464     3.6272     0.0000     0.0350     0.1096          1 0.0000e+00
   1246.229    411.691    407.646    10.2407    10.2438   3.888578   3.889595    35.3879    35.3952     2.1144  215.07307     0.0000     0.0000     2.1136     4.7458     3.6429     0.0000     0.0346     0.1115          1 0.0000e+00
   1246.729    411.245    407.204    10.2167    10.2493   3.886153   3.890097    35.3876    35.3951     2.1176  215.57992     0.0000     0.0000     2.1167     4.7453     3.6710     0.0000     0.0345     0.1120          1 0.0000e+00
   1247.229    410.810    406.775    10.2318    10.2277   3.887823   3.887582    35.3897    35.3915     2.1207  215.94724     0.0000     0.0000     2.1199     4.7435     3.6815     0.0000     0.0379     0.1124          1 0.0000e+00
   1247.729    410.368    406.335    10.2565    10.2191   3.890439   3.887057    35.3918    35.3950     2.1230  216.07349     0.0000     0.0000     2.1221     4.7429     3.7038     0.0000     0.0391     0.1132          1 0.0000e+00
   1248.229    409.906    405.885    10.2782    10.2536   3.892670   3.890632    35.3931    35.3970     2.1249  216.00791     0.0000     0.0000     2.1240     4.7430     3.7277     0.0000     0.0368     0.1134          1 0.0000e+00
   1248.729    409.415    405.399    10.2780    10.2735   3.892570   3.892710    35.3927    35.3985     2.1256  215.69028     0.0000     0.0000     2.1247     4.7434     3.7409     0.0000     0.0342     0.1143          1 0.0000e+00
   1249.229    408.894    404.879    10.2762    10.2723   3.892363   3.892548    35.3928    35.3984     2.1267  215.47171     0.0000     0.0000     2.1258     4.7434     3.7737     0.0000     0.0361     0.1137          1 0.0000e+00
   1249.729    408.353    404.347    10.2787    10.2748   3.892606   3.892794    35.3931    35.3988     2.1275  215.26675     0.0000     0.0000     2.1266     4.7440     3.8035     0.0000     0.0391     0.1132          1 0.0000e+00
   1250.229    407.789    403.793    10.2793    10.2790   3.892648   3.893234    35.3933    35.3994     2.1302  215.72927     0.0000     0.0000     2.1293     4.7441     3.8211     0.0000     0.0382     0.1132          1 0.0000e+00
   1250.729    407.197    403.195    10.2798    10.2790   3.892658   3.893202    35.3933    35.3995     2.1330  216.44969     0.0000     0.0000     2.1321     4.7438     3.8648     0.0000     0.0354     0.1133          1 0.0000e+00
   1251.229    406.610    402.617    10.2798    10.2789   3.892645   3.893169    35.3935    35.3996     2.1361  217.30040     0.0000     0.0000     2.1352     4.7372     3.8811     0.0000     0.0352     0.1128          1 0.0000e+00
   1251.729    406.040    402.055    10.2788    10.2825   3.892530   3.893606    35.3937    35.4008     2.1393  217.95756     0.0000     0.0000     2.1384     4.7263     3.9114     0.0000     0.0342     0.1116          1 0.0000e+00
   1252.229    405.500    401.519    10.2939    10.2952   3.894205   3.894950    35.3960    35.4021     2.1416  218.17056     0.0000     0.0000     2.1406     4.7370     3.9352     0.0000     0.0342     0.1121          1 0.0000e+00
   1252.729    404.984    401.007    10.3046    10.3040   3.895388   3.895919    35.3976    35.4035     2.1440  218.27677     0.0000     0.0000     2.1431     4.7411     3.9648     0.0000     0.0367     0.1144          1 0.0000e+00
   1253.229    404.499    400.530    10.3093    10.3103   3.895838   3.896475    35.3978    35.4033     2.1461  218.33828     0.0000     0.0000     2.1451     4.7390     3.9839     0.0000     0.0366     0.1145          1 0.0000e+00
   1253.729    404.038    400.075    10.3173    10.3091   3.896735   3.896459    35.3992    35.4046     2.1483  218.44256     0.0000     0.0000     2.1473     4.7383     4.0065     0.0000     0.0355     0.1134          1 0.0000e+00
   1254.229    403.606    399.643    10.3182    10.3157   3.896822   3.897229    35.3996    35.4061     2.1508  218.77069     0.0000     0.0000     2.1498     4.7368     4.0281     0.0000     0.0353     0.1135          1 0.0000e+00
   1254.729    403.210    399.254    10.3340    10.3382   3.898649   3.899638    35.4025    35.4083     2.1531  219.01929     0.0000     0.0000     2.1521     4.7348     4.0474     0.0000     0.0352     0.1143          1 0.0000e+00
   1255.229    402.845    398.891    10.3311    10.3272   3.898196   3.898231    35.4012    35.4054     2.1555  219.40718     0.0000     0.0000     2.1546     4.7343     4.0723     0.0000     0.0350     0.1145          1 0.0000e+00
   1255.729    402.498    398.553    10.3069    10.2979   3.895437   3.895309    35.3977    35.4054     2.1583  219.91221     0.0000     0.0000     2.1573     4.7354     4.0757     0.0000     0.0349     0.1140          1 0.0000e+00
   1256.229    402.151    398.209    10.2810    10.3173   3.892912   3.897220    35.3981    35.4055     2.1614  220.54142     0.0000     0.0000     2.1604     4.7352     4.0934     0.0000     0.0344     0.1133          1 0.0000e+00
   1256.729    401.771    397.838    10.2913    10.3227   3.893740   3.897585    35.3965    35.4041     2.1645  221.04635     0.0000     0.0000     2.1635     4.7339     4.1107     0.0000     0.0336     0.1143          1 0.0000e+00
   1257.229    401.346    397.418    10.3416    10.3416   3.899563   3.899950    35.4055    35.4095     2.1668  221.12292     0.0000     0.0000     2.1658     4.7324     4.1291     0.0000     0.0330     0.1156          1 0.0000e+00
   1257.729    400.860    396.940    10.3889    10.3799   3.904513   3.904225    35.4088    35.4149     2.1671  220.59239     0.0000     0.0000     2.1661     4.7318     4.1504     0.0000     0.0330     0.1168          1 0.0000e+00
   1258.229    400.308    396.388    10.3983    10.4056   3.905467   3.907017    35.4096    35.4180     2.1675  219.99534     0.0000     0.0000     2.1665     4.7330     4.1750     0.0000     0.0330     0.1178          1 0.0000e+00
   1258.729    399.698    395.788    10.4100    10.4135   3.906813   3.907816    35.4119    35.4186     2.1705  220.06981     0.0000     0.0000     2.1694     4.7327     4.2030     0.0000     0.0332     0.1179          1 0.0000e+00
   1259.229    399.036    395.131    10.4183    10.4200   3.907662   3.908488    35.4127    35.4195     2.1745  220.99199     0.0000     0.0000     2.1735     4.7311     4.2296     0.0000     0.0342     0.1180          1 0.0000e+00
   1259.729    398.346    394.442    10.4217    10.4231   3.908034   3.908800    35.4136    35.4201     2.1812  222.85660     0.0000     0.0000     2.1801     4.7281     4.2669     0.0000     0.0342     0.1179          1 0.0000e+00
   1260.229    397.665    393.767    10.4275    10.4284   3.908638   3.909394    35.4145    35.4213     2.1882  224.74785     0.0000     0.0000     2.1871     4.7257     4.3025     0.0000     0.0339     0.1181          1 0.0000e+00
   1260.729    397.022    393.130    10.4329    10.4327   3.909206   3.909835    35.4154    35.4220     2.1950  226.29862     0.0000     0.0000     2.1939     4.7242     4.3314     0.0000     0.0336     0.1179          1 0.0000e+00
   1261.229    396.412    392.528    10.4369    10.4459   3.909651   3.911199    35.4164    35.4231     2.2018  227.38154     0.0000     0.0000     2.2006     4.7239     4.3642     0.0000     0.0330     0.1172          1 0.0000e+00
   1261.729    395.851    391.971    10.4441    10.4383   3.910392   3.910467    35.4171    35.4238     2.2077  228.00881     0.0000     0.0000     2.2065     4.7227     4.3936     0.0000     0.0330     0.1171          1 0.0000e+00
   1262.229    395.349    391.476    10.4417    10.4306   3.909914   3.909304    35.4151    35.4201     2.2127  228.36008     0.0000     0.0000     2.2115     4.7209     4.4101     0.0000     0.0317     0.1153          1 0.0000e+00
   1262.729    394.911    391.042    10.4152    10.4402   3.907085   3.910376    35.4134    35.4217     2.2166  228.54552     0.0000     0.0000     2.2154     4.7194     4.4422     0.0000     0.0312     0.1153          1 0.0000e+00
   1263.229    394.538    390.674    10.4143    10.4241   3.906995   3.908795    35.4136    35.4221     2.2201  228.50250     0.0000     0.0000     2.2190     4.7193     4.4624     0.0000     0.0308     0.1156          1 0.0000e+00
   1263.729    394.207    390.346    10.4239    10.4306   3.908083   3.909418    35.4153    35.4222     2.2227  228.31131     0.0000     0.0000     2.2215     4.7196     4.4828     0.0000     0.0308     0.1156          1 0.0000e+00
   1264.229    393.883    390.032    10.4263    10.4291   3.908298   3.909227    35.4153    35.4220     2.2242  228.02864     0.0000     0.0000     2.2230     4.7197     4.4879     0.0000     0.0306     0.1173          1 0.0000e+00
   1264.729    393.533    389.690    10.4325    10.4272   3.908964   3.909044    35.4161    35.4224     2.2258  227.77525     0.0000     0.0000     2.2246     4.7185     4.4995     0.0000     0.0305     0.1181          1 0.0000e+00
   1265.229    393.157    389.313    10.4372    10.4284   3.909456   3.909074    35.4168    35.4217     2.2260  227.32906     0.0000     0.0000     2.2248     4.7178     4.5200     0.0000     0.0305     0.1167          1 0.0000e+00
   1265.729    392.748    388.911    10.4353    10.4265   3.909162   3.908885    35.4159    35.4220     2.2270  227.17130     0.0000     0.0000     2.2258     4.7173     4.5468     0.0000     0.0305     0.1160          1 0.0000e+00
   1266.229    392.294    388.464    10.4613    10.4353   3.912132   3.909875    35.4203    35.4235     2.2280  227.03659     0.0000     0.0000     2.2268     4.7174     4.5672     0.0000     0.0305     0.1167          1 0.0000e+00
   1266.729    391.796    387.966    10.4796    10.4797   3.914158   3.914839    35.4229    35.4296     2.2283  226.98768     0.0000     0.0000     2.2271     4.7189     4.5937     0.0000     0.0305     0.1180          1 0.0000e+00
   1267.229    391.257    387.433    10.5027    10.5178   3.916501   3.918722    35.4240    35.4314     2.2283  226.75644     0.0000     0.0000     2.2271     4.7182     4.6050     0.0000     0.0305     0.1181          1 0.0000e+00
   1267.729    390.690    386.876    10.5202    10.5275   3.918375   3.919771    35.4259    35.4327     2.2293  226.65333     0.0000     0.0000     2.2281     4.7180     4.6280     0.0000     0.0304     0.1176          1 0.0000e+00
   1268.229    390.086    386.273    10.5365    10.5380   3.920083   3.920903    35.4274    35.4342     2.2322  227.15464     0.0000     0.0000     2.2310     4.7159     4.6556     0.0000     0.0299     0.1183          1 0.0000e+00
   1268.729    389.448    385.646    10.5442    10.5446   3.920872   3.921541    35.4282    35.4346     2.2370  228.43893     0.0000     0.0000     2.2358     4.7151     4.6934     0.0000     0.0281     0.1217          1 0.0000e+00
   1269.229    388.786    384.983    10.5461    10.5454   3.921036   3.921613    35.4285    35.4350     2.2430  230.18489     0.0000     0.0000     2.2418     4.7126     4.7203     0.0000     0.0282     0.1217          1 0.0000e+00
   1269.729    388.131    384.341    10.5469    10.5485   3.921130   3.921910    35.4292    35.4354     2.2491  231.78463     0.0000     0.0000     2.2479     4.7119     4.7508     0.0000     0.0316     0.1228          1 0.0000e+00
   1270.229    387.502    383.713    10.5537    10.5545   3.921824   3.922537    35.4300    35.4364     2.2550  232.92516     0.0000     0.0000     2.2537     4.7117     4.7816     0.0000     0.0314     0.1228          1 0.0000e+00
   1270.729    386.908    383.125    10.5559    10.5564   3.922059   3.922700    35.4305    35.4365     2.2603  233.57678     0.0000     0.0000     2.2590     4.7100     4.8064     0.0000     0.0295     0.1195          1 0.0000e+00
   1271.229    386.347    382.569    10.5571    10.5570   3.922136   3.922743    35.4306    35.4369     2.2647  233.86046     0.0000     0.0000     2.2633     4.7091     4.8393     0.0000     0.0293     0.1193          1 0.0000e+00
   1271.729    385.829    382.058    10.5579    10.5565   3.922216   3.922664    35.4310    35.4369     2.2679  233.89280     0.0000     0.0000     2.2666     4.7093     4.8569     0.0000     0.0302     0.1237          1 0.0000e+00
   1272.229    385.356    381.585    10.5619    10.5486   3.922628   3.921707    35.4316    35.4356     2.2704  233.62245     0.0000     0.0000     2.2690     4.7093     4.9105     0.0000     0.0306     0.1248          1 0.0000e+00
   1272.729    384.958    381.195    10.5649    10.5420   3.922844   3.921198    35.4311    35.4373     2.2727  233.42531     0.0000     0.0000     2.2714     4.7090     4.9264     0.0000     0.0305     0.1219          1 0.0000e+00
   1273.229    384.646    380.885    10.5526    10.5436   3.921502   3.921274    35.4301    35.4367     2.2749  233.43268     0.0000     0.0000     2.2735     4.7074     4.9313     0.0000     0.0306     0.1202          1 0.0000e+00
   1273.729    384.427    380.667    10.5465    10.5486   3.920923   3.921733    35.4306    35.4366     2.2772  233.72785     0.0000     0.0000     2.2758     4.7065     4.9414     0.0000     0.0299     0.1212          1 0.0000e+00
   1274.229    384.261    380.509    10.5414    10.5474   3.920335   3.921593    35.4300    35.4366     2.2784  233.78709     0.0000     0.0000     2.2771     4.7080     4.9485     0.0000     0.0293     0.1213          1 0.0000e+00
   1274.729    384.074    380.334    10.5428    10.5462   3.920480   3.921444    35.4302    35.4365     2.2792  233.61158     0.0000     0.0000     2.2778     4.7077     4.9489     0.0000     0.0298     0.1207          1 0.0000e+00
   1275.229    383.804    380.073    10.5414    10.5365   3.920331   3.920479    35.4303    35.4367     2.2796  233.29828     0.0000     0.0000     2.2782     4.7070     4.9475     0.0000     0.0306     0.1192          1 0.0000e+00
