odissea/cruise_data/ce25007/data/ctd/ce25007_015.cnv
* Sea-Bird SBE 9 Data File:
* FileName = C:\CE_CTD_Data\2025_CTD_Data\CE25007\CE25007_015.hdr
* Software Version Seasave V 7.26.7.121
* Temperature SN = 4382
* Conductivity SN = 2796
* Number of Bytes Per Scan = 40
* Number of Voltage Words = 5
* Number of Scans Averaged by the Deck Unit = 1
* NMEA Latitude = 54 22.74 N
* NMEA Longitude = 017 34.74 W
* NMEA UTC (Time) = May 14 2025 16:16:26
* NMEA baud rate = 4800
** Cruise: CE18001
** PSO: Caroline Cusack
** CTD operator:
** Technician:
** Cast No:
** Station:
** Event No:
** Sea state:
** Wind speed:
** Sounding depth
# nquan = 21
# nvalues = 12860                       
# units = specified
# name 0 = timeS: Time, Elapsed [seconds]
# name 1 = prDM: Pressure, Digiquartz [db]
# name 2 = depSM: Depth [salt water, m]
# name 3 = t090C: Temperature [ITS-90, deg C]
# name 4 = t190C: Temperature, 2 [ITS-90, deg C]
# name 5 = c0S/m: Conductivity [S/m]
# name 6 = c1S/m: Conductivity, 2 [S/m]
# name 7 = sal00: Salinity, Practical [PSU]
# name 8 = sal11: Salinity, Practical, 2 [PSU]
# name 9 = sbeox0V: Oxygen raw, SBE 43 [V]
# name 10 = sbeox0Mm/L: Oxygen, SBE 43 [umol/l]
# name 11 = v0: Voltage 0
# name 12 = v1: Voltage 1
# name 13 = v2: Voltage 2
# name 14 = v3: Voltage 3
# name 15 = v4: Voltage 4
# name 16 = v5: Voltage 5
# name 17 = v6: Voltage 6
# name 18 = v7: Voltage 7
# name 19 = pumps: Pump Status
# name 20 = flag: flag
# span 0 =      0.229,   6429.563       
# span 1 =     -0.241,   1840.932       
# span 2 =     -0.242,   1816.443       
# span 3 =     3.2511,    20.6193       
# span 4 =     3.2556,    18.3500       
# span 5 =  -0.006038,   4.220911       
# span 6 =  -0.004634,   4.146299       
# span 7 =     0.0196,    36.5851       
# span 8 =     0.0232,    35.9224       
# span 9 =     1.8756,     2.8073       
# span 10 =  178.07000,  333.18493      
# span 11 =     0.0000,     0.0000      
# span 12 =     0.0000,     0.0000      
# span 13 =     1.8670,     2.8012      
# span 14 =     0.0037,     4.8482      
# span 15 =     0.4637,     4.9991      
# span 16 =     0.0000,     0.0000      
# span 17 =     0.0085,     4.9403      
# span 18 =     0.0379,     0.5226      
# span 19 =          0,          1      
# span 20 = 0.0000e+00, 0.0000e+00      
# interval = seconds: 0.5               
# start_time = May 14 2025 16:16:26 [NMEA time, header]
# bad_flag = -9.990e-29
*END*
[from data line 2276]
   1138.229    811.593    802.741     6.9715     6.9716   3.581316   3.581875    35.2129    35.2189     1.9352  215.68799     0.0000     0.0000     1.9341     4.7599     4.9948     0.0000     0.0292     0.1057          1 0.0000e+00
   1138.729    812.108    803.260     6.9700     6.9699   3.581180   3.581732    35.2125    35.2186     1.9355  215.75377     0.0000     0.0000     1.9344     4.7600     4.9947     0.0000     0.0323     0.1067          1 0.0000e+00
   1139.229    812.642    803.782     6.9680     6.9677   3.581006   3.581526    35.2123    35.2183     1.9360  215.79429     0.0000     0.0000     1.9349     4.7599     4.9949     0.0000     0.0316     0.1065          1 0.0000e+00
   1139.729    813.194    804.332     6.9659     6.9646   3.580828   3.581265    35.2121    35.2183     1.9364  215.83206     0.0000     0.0000     1.9353     4.7601     4.9949     0.0000     0.0293     0.1053          1 0.0000e+00
   1140.229    813.760    804.889     6.9647     6.9652   3.580749   3.581348    35.2121    35.2181     1.9366  215.88785     0.0000     0.0000     1.9355     4.7596     4.9951     0.0000     0.0293     0.1060          1 0.0000e+00
   1140.729    814.326    805.444     6.9605     6.9610   3.580320   3.580919    35.2114    35.2175     1.9366  215.78207     0.0000     0.0000     1.9355     4.7596     4.9949     0.0000     0.0293     0.1080          1 0.0000e+00
   1141.229    814.883    806.001     6.9567     6.9569   3.579975   3.580560    35.2112    35.2173     1.9376  216.01305     0.0000     0.0000     1.9364     4.7597     4.9949     0.0000     0.0293     0.1078          1 0.0000e+00
   1141.729    815.425    806.524     6.9547     6.9540   3.579797   3.580291    35.2110    35.2171     1.9377  216.10484     0.0000     0.0000     1.9365     4.7595     4.9944     0.0000     0.0293     0.1054          1 0.0000e+00
   1142.229    815.962    807.069     6.9533     6.9536   3.579698   3.580295    35.2109    35.2171     1.9377  216.10744     0.0000     0.0000     1.9365     4.7596     4.9946     0.0000     0.0293     0.1052          1 0.0000e+00
   1142.729    816.483    807.581     6.9518     6.9524   3.579541   3.580173    35.2105    35.2167     1.9381  216.08033     0.0000     0.0000     1.9369     4.7593     4.9945     0.0000     0.0303     0.1080          1 0.0000e+00
   1143.229    816.997    808.087     6.9481     6.9482   3.579203   3.579787    35.2103    35.2165     1.9382  216.07638     0.0000     0.0000     1.9370     4.7593     4.9947     0.0000     0.0305     0.1083          1 0.0000e+00
   1143.729    817.494    808.577     6.9454     6.9456   3.578938   3.579523    35.2098    35.2160     1.9389  216.35612     0.0000     0.0000     1.9377     4.7589     4.9944     0.0000     0.0296     0.1072          1 0.0000e+00
   1144.229    817.980    809.055     6.9398     6.9399   3.578400   3.578989    35.2094    35.2157     1.9388  216.40670     0.0000     0.0000     1.9376     4.7592     4.9948     0.0000     0.0293     0.1071          1 0.0000e+00
   1144.729    818.445    809.512     6.9368     6.9359   3.578105   3.578616    35.2090    35.2155     1.9388  216.35357     0.0000     0.0000     1.9376     4.7587     4.9947     0.0000     0.0293     0.1071          1 0.0000e+00
   1145.229    818.900    809.968     6.9346     6.9364   3.577921   3.578671    35.2089    35.2152     1.9388  216.21944     0.0000     0.0000     1.9376     4.7586     4.9947     0.0000     0.0293     0.1073          1 0.0000e+00
   1145.729    819.346    810.402     6.9330     6.9328   3.577795   3.578344    35.2089    35.2151     1.9390  216.22808     0.0000     0.0000     1.9378     4.7586     4.9946     0.0000     0.0293     0.1071          1 0.0000e+00
   1146.229    819.802    810.849     6.9319     6.9327   3.577714   3.578358    35.2088    35.2150     1.9395  216.39353     0.0000     0.0000     1.9383     4.7591     4.9946     0.0000     0.0293     0.1070          1 0.0000e+00
   1146.729    820.278    811.319     6.9301     6.9299   3.577534   3.578058    35.2084    35.2143     1.9389  216.39127     0.0000     0.0000     1.9377     4.7586     4.9948     0.0000     0.0293     0.1070          1 0.0000e+00
   1147.229    820.782    811.821     6.9212     6.9211   3.576664   3.577229    35.2079    35.2141     1.9393  216.46871     0.0000     0.0000     1.9381     4.7585     4.9949     0.0000     0.0293     0.1066          1 0.0000e+00
   1147.729    821.308    812.334     6.9185     6.9201   3.576429   3.577146    35.2077    35.2138     1.9391  216.35630     0.0000     0.0000     1.9379     4.7587     4.9948     0.0000     0.0302     0.1073          1 0.0000e+00
   1148.229    821.859    812.885     6.9123     6.9120   3.575794   3.576327    35.2069    35.2130     1.9391  216.34709     0.0000     0.0000     1.9379     4.7584     4.9949     0.0000     0.0328     0.1080          1 0.0000e+00
   1148.729    822.422    813.440     6.9051     6.9049   3.575087   3.575648    35.2062    35.2126     1.9390  216.45556     0.0000     0.0000     1.9378     4.7589     4.9947     0.0000     0.0321     0.1079          1 0.0000e+00
   1149.229    822.979    813.991     6.8958     6.8968   3.574191   3.574866    35.2057    35.2121     1.9392  216.53714     0.0000     0.0000     1.9380     4.7583     4.9951     0.0000     0.0305     0.1079          1 0.0000e+00
   1149.729    823.513    814.520     6.8952     6.8963   3.574179   3.574849    35.2059    35.2121     1.9390  216.53256     0.0000     0.0000     1.9378     4.7584     4.9947     0.0000     0.0305     0.1082          1 0.0000e+00
   1150.229    824.021    815.022     6.8955     6.8958   3.574224   3.574822    35.2057    35.2119     1.9393  216.59713     0.0000     0.0000     1.9381     4.7578     4.9950     0.0000     0.0293     0.1080          1 0.0000e+00
   1150.729    824.506    815.495     6.8945     6.8951   3.574154   3.574767    35.2056    35.2116     1.9396  216.73231     0.0000     0.0000     1.9383     4.7582     4.9947     0.0000     0.0293     0.1079          1 0.0000e+00
   1151.229    824.978    815.964     6.8943     6.8942   3.574147   3.574722    35.2054    35.2118     1.9402  216.97916     0.0000     0.0000     1.9389     4.7579     4.9949     0.0000     0.0304     0.1049          1 0.0000e+00
   1151.729    825.445    816.419     6.8950     6.8946   3.574239   3.574772    35.2053    35.2116     1.9402  217.06240     0.0000     0.0000     1.9389     4.7576     4.9946     0.0000     0.0305     0.1043          1 0.0000e+00
   1152.229    825.932    816.902     6.8955     6.8951   3.574310   3.574845    35.2053    35.2116     1.9404  217.03917     0.0000     0.0000     1.9391     4.7576     4.9948     0.0000     0.0278     0.1082          1 0.0000e+00
   1152.729    826.443    817.408     6.8955     6.8954   3.574336   3.574898    35.2052    35.2115     1.9414  217.25164     0.0000     0.0000     1.9402     4.7577     4.9949     0.0000     0.0269     0.1094          1 0.0000e+00
   1153.229    826.976    817.934     6.8953     6.8955   3.574344   3.574926    35.2052    35.2114     1.9415  217.38474     0.0000     0.0000     1.9403     4.7576     4.9949     0.0000     0.0292     0.1085          1 0.0000e+00
   1153.729    827.529    818.480     6.8952     6.8956   3.574364   3.574970    35.2052    35.2114     1.9420  217.50696     0.0000     0.0000     1.9408     4.7574     4.9946     0.0000     0.0305     0.1083          1 0.0000e+00
   1154.229    828.096    819.041     6.8947     6.8953   3.574345   3.574966    35.2051    35.2114     1.9422  217.50918     0.0000     0.0000     1.9410     4.7577     4.9947     0.0000     0.0319     0.1064          1 0.0000e+00
   1154.729    828.654    819.594     6.8941     6.8941   3.574311   3.574883    35.2051    35.2113     1.9424  217.46480     0.0000     0.0000     1.9412     4.7575     4.9948     0.0000     0.0328     0.1049          1 0.0000e+00
   1155.229    829.189    820.120     6.8941     6.8940   3.574331   3.574881    35.2050    35.2111     1.9426  217.48140     0.0000     0.0000     1.9414     4.7574     4.9948     0.0000     0.0311     0.1054          1 0.0000e+00
   1155.729    829.699    820.628     6.8939     6.8935   3.574330   3.574848    35.2049    35.2110     1.9426  217.34928     0.0000     0.0000     1.9413     4.7573     4.9948     0.0000     0.0293     0.1056          1 0.0000e+00
   1156.229    830.180    821.100     6.8933     6.8917   3.574302   3.574696    35.2049    35.2110     1.9427  217.36327     0.0000     0.0000     1.9414     4.7575     4.9949     0.0000     0.0296     0.1056          1 0.0000e+00
   1156.729    830.641    821.550     6.8932     6.8930   3.574305   3.574850    35.2048    35.2109     1.9426  217.29118     0.0000     0.0000     1.9413     4.7575     4.9945     0.0000     0.0305     0.1048          1 0.0000e+00
   1157.229    831.091    821.998     6.8921     6.8926   3.574207   3.574823    35.2046    35.2109     1.9426  217.29130     0.0000     0.0000     1.9413     4.7571     4.9947     0.0000     0.0303     0.1050          1 0.0000e+00
   1157.729    831.535    822.438     6.8904     6.8895   3.574045   3.574515    35.2043    35.2104     1.9426  217.31885     0.0000     0.0000     1.9413     4.7570     4.9948     0.0000     0.0293     0.1079          1 0.0000e+00
   1158.229    831.988    822.879     6.8847     6.8854   3.573493   3.574132    35.2040    35.2103     1.9425  217.32435     0.0000     0.0000     1.9412     4.7570     4.9946     0.0000     0.0293     0.1079          1 0.0000e+00
   1158.729    832.462    823.345     6.8813     6.8825   3.573179   3.573882    35.2038    35.2102     1.9424  217.33006     0.0000     0.0000     1.9411     4.7569     4.9946     0.0000     0.0293     0.1090          1 0.0000e+00
   1159.229    832.961    823.845     6.8764     6.8780   3.572712   3.573413    35.2035    35.2095     1.9416  217.10424     0.0000     0.0000     1.9404     4.7572     4.9948     0.0000     0.0293     0.1090          1 0.0000e+00
   1159.729    833.480    824.352     6.8742     6.8675   3.572482   3.572354    35.2029    35.2085     1.9423  217.24012     0.0000     0.0000     1.9410     4.7563     4.9947     0.0000     0.0326     0.1092          1 0.0000e+00
   1160.229    834.020    824.888     6.8580     6.8574   3.570884   3.571412    35.2020    35.2085     1.9422  217.44619     0.0000     0.0000     1.9409     4.7564     4.9948     0.0000     0.0326     0.1096          1 0.0000e+00
   1160.729    834.579    825.436     6.8604     6.8642   3.571236   3.572092    35.2030    35.2085     1.9422  217.60796     0.0000     0.0000     1.9409     4.7565     4.9946     0.0000     0.0300     0.1066          1 0.0000e+00
   1161.229    835.148    826.001     6.8609     6.8575   3.571206   3.571473    35.2018    35.2083     1.9415  217.36431     0.0000     0.0000     1.9402     4.7563     4.9948     0.0000     0.0293     0.1054          1 0.0000e+00
   1161.729    835.724    826.569     6.8568     6.8603   3.570824   3.571759    35.2016    35.2082     1.9420  217.33830     0.0000     0.0000     1.9407     4.7564     4.9948     0.0000     0.0293     0.1065          1 0.0000e+00
   1162.229    836.287    827.127     6.8529     6.8536   3.570433   3.571041    35.2010    35.2069     1.9418  217.47584     0.0000     0.0000     1.9405     4.7567     4.9946     0.0000     0.0293     0.1069          1 0.0000e+00
   1162.729    836.830    827.668     6.8446     6.8450   3.569658   3.570286    35.2008    35.2073     1.9427  217.85834     0.0000     0.0000     1.9414     4.7561     4.9951     0.0000     0.0293     0.1072          1 0.0000e+00
   1163.229    837.346    828.172     6.8436     6.8454   3.569578   3.570303    35.2006    35.2067     1.9426  218.00160     0.0000     0.0000     1.9413     4.7564     4.9947     0.0000     0.0293     0.1072          1 0.0000e+00
   1163.729    837.844    828.662     6.8317     6.8298   3.568288   3.568690    35.1985    35.2050     1.9424  217.92895     0.0000     0.0000     1.9411     4.7560     4.9950     0.0000     0.0293     0.1074          1 0.0000e+00
   1164.229    838.315    829.133     6.8176     6.8172   3.566980   3.567506    35.1986    35.2048     1.9425  217.97988     0.0000     0.0000     1.9412     4.7568     4.9945     0.0000     0.0293     0.1074          1 0.0000e+00
   1164.729    838.771    829.575     6.8187     6.8178   3.567096   3.567568    35.1984    35.2045     1.9417  217.63243     0.0000     0.0000     1.9404     4.7562     4.9948     0.0000     0.0296     0.1072          1 0.0000e+00
   1165.229    839.222    830.023     6.8157     6.8134   3.566785   3.567142    35.1978    35.2041     1.9423  217.76222     0.0000     0.0000     1.9410     4.7562     4.9946     0.0000     0.0305     0.1079          1 0.0000e+00
   1165.729    839.676    830.467     6.8123     6.8123   3.566503   3.567055    35.1980    35.2040     1.9421  217.74675     0.0000     0.0000     1.9408     4.7562     4.9948     0.0000     0.0303     0.1083          1 0.0000e+00
   1166.229    840.162    830.947     6.8134     6.8128   3.566638   3.567134    35.1979    35.2040     1.9427  218.08795     0.0000     0.0000     1.9414     4.7557     4.9947     0.0000     0.0293     0.1079          1 0.0000e+00
   1166.729    840.669    831.451     6.8134     6.8127   3.566637   3.567134    35.1976    35.2037     1.9427  218.24280     0.0000     0.0000     1.9414     4.7556     4.9950     0.0000     0.0293     0.1080          1 0.0000e+00
   1167.229    841.189    831.963     6.8162     6.8152   3.566962   3.567434    35.1979    35.2041     1.9437  218.51428     0.0000     0.0000     1.9424     4.7563     4.9950     0.0000     0.0293     0.1080          1 0.0000e+00
   1167.729    841.722    832.490     6.8152     6.8148   3.566858   3.567376    35.1974    35.2036     1.9439  218.59896     0.0000     0.0000     1.9426     4.7558     4.9948     0.0000     0.0293     0.1078          1 0.0000e+00
   1168.229    842.258    833.019     6.8131     6.8131   3.566691   3.567252    35.1974    35.2036     1.9447  218.78104     0.0000     0.0000     1.9433     4.7559     4.9946     0.0000     0.0293     0.1058          1 0.0000e+00
   1168.729    842.780    833.540     6.8145     6.8138   3.566882   3.567364    35.1977    35.2037     1.9452  218.94687     0.0000     0.0000     1.9438     4.7556     4.9947     0.0000     0.0293     0.1057          1 0.0000e+00
   1169.229    843.282    834.029     6.8145     6.8124   3.566875   3.567230    35.1973    35.2034     1.9453  218.89824     0.0000     0.0000     1.9439     4.7553     4.9948     0.0000     0.0293     0.1069          1 0.0000e+00
   1169.729    843.770    834.515     6.8115     6.8114   3.566581   3.567142    35.1970    35.2033     1.9453  218.80884     0.0000     0.0000     1.9439     4.7557     4.9947     0.0000     0.0293     0.1072          1 0.0000e+00
   1170.229    844.253    834.988     6.8094     6.8088   3.566401   3.566912    35.1969    35.2032     1.9455  218.63799     0.0000     0.0000     1.9441     4.7553     4.9948     0.0000     0.0293     0.1087          1 0.0000e+00
   1170.729    844.738    835.462     6.8081     6.8082   3.566294   3.566873    35.1968    35.2031     1.9454  218.62591     0.0000     0.0000     1.9440     4.7556     4.9944     0.0000     0.0293     0.1093          1 0.0000e+00
   1171.229    845.240    835.965     6.8094     6.8084   3.566460   3.566923    35.1969    35.2031     1.9455  218.63539     0.0000     0.0000     1.9441     4.7553     4.9949     0.0000     0.0293     0.1073          1 0.0000e+00
   1171.729    845.762    836.478     6.8082     6.8081   3.566343   3.566879    35.1966    35.2025     1.9459  218.77610     0.0000     0.0000     1.9446     4.7557     4.9948     0.0000     0.0293     0.1058          1 0.0000e+00
