odissea/cruise_data/ce25007/data/ctd/ce25007_027.cnv
* Sea-Bird SBE 9 Data File:
* FileName = C:\CE_CTD_Data\2025_CTD_Data\CE25007\CE25007_027.hdr
* Software Version Seasave V 7.26.7.121
* Temperature SN = 4382
* Conductivity SN = 2796
* Number of Bytes Per Scan = 40
* Number of Voltage Words = 5
* Number of Scans Averaged by the Deck Unit = 1
* NMEA Latitude = 54 30.09 N
* NMEA Longitude = 022 29.13 W
* NMEA UTC (Time) = May 16 2025 17:47:50
* NMEA baud rate = 4800
** Cruise: CE18001
** PSO: Caroline Cusack
** CTD operator:
** Technician:
** Cast No:
** Station:
** Event No:
** Sea state:
** Wind speed:
** Sounding depth
# nquan = 21
# nvalues = 1090                        
# units = specified
# name 0 = timeS: Time, Elapsed [seconds]
# name 1 = prDM: Pressure, Digiquartz [db]
# name 2 = depSM: Depth [salt water, m]
# name 3 = t090C: Temperature [ITS-90, deg C]
# name 4 = t190C: Temperature, 2 [ITS-90, deg C]
# name 5 = c0S/m: Conductivity [S/m]
# name 6 = c1S/m: Conductivity, 2 [S/m]
# name 7 = sal00: Salinity, Practical [PSU]
# name 8 = sal11: Salinity, Practical, 2 [PSU]
# name 9 = sbeox0V: Oxygen raw, SBE 43 [V]
# name 10 = sbeox0Mm/L: Oxygen, SBE 43 [umol/l]
# name 11 = v0: Voltage 0
# name 12 = v1: Voltage 1
# name 13 = v2: Voltage 2
# name 14 = v3: Voltage 3
# name 15 = v4: Voltage 4
# name 16 = v5: Voltage 5
# name 17 = v6: Voltage 6
# name 18 = v7: Voltage 7
# name 19 = pumps: Pump Status
# name 20 = flag: flag
# span 0 =      0.229,    544.667       
# span 1 =     -0.338,     13.410       
# span 2 =     -0.368,     13.313       
# span 3 =    11.6071,    14.5641       
# span 4 =    11.6035,    14.7122       
# span 5 =   0.054054,   4.267547       
# span 6 =   0.063836,   4.155831       
# span 7 =     0.3431,    35.9690       
# span 8 =     0.3918,    36.4709       
# span 9 =     2.1621,     2.9345       
# span 10 =  195.16519,  341.22023      
# span 11 =     0.0000,     0.0000      
# span 12 =     0.0000,     0.0000      
# span 13 =     2.1621,     2.9345      
# span 14 =     0.0036,     4.8495      
# span 15 =     0.0127,     4.9984      
# span 16 =     0.0000,     0.0000      
# span 17 =     0.0122,     0.3590      
# span 18 =     0.0586,     2.8239      
# span 19 =          0,          1      
# span 20 = 0.0000e+00, 0.0000e+00      
# interval = seconds: 0.5               
# start_time = May 16 2025 17:47:50 [NMEA time, header]
# bad_flag = -9.990e-29
*END*
      0.229     -0.237     -0.237    14.5511    14.7026   1.721389   0.104707    12.9571     0.6556     2.7643  298.38701     0.0000     0.0000     2.7643     0.0044     4.9983     0.0000     0.0502     0.0598          0 0.0000e+00
      0.729     -0.242     -0.239    14.5521    14.7033   1.358567   0.092179    10.0270     0.5740     2.7625  303.28749     0.0000     0.0000     2.7625     0.0043     4.9984     0.0000     0.0433     0.0603          0 0.0000e+00
      1.229     -0.243     -0.241    14.5520    14.7040   0.976313   0.082322     7.0166     0.5102     2.7706  309.80253     0.0000     0.0000     2.7706     0.0039     4.9982     0.0000     0.0195     0.0623          0 0.0000e+00
      1.729     -0.241     -0.241    14.5528    14.7044   0.858411   0.078581     6.1069     0.4861     2.7946  318.75120     0.0000     0.0000     2.7946     0.0038     4.9977     0.0000     0.0205     0.0648          0 0.0000e+00
      2.229     -0.239     -0.235    14.5538    14.7046   0.804025   0.078355     5.6924     0.4846     2.7850  319.42969     0.0000     0.0000     2.7850     0.0037     4.9977     0.0000     0.0307     0.0901          0 0.0000e+00
      2.729     -0.232     -0.227    14.5551    14.7050   1.154687   0.080896     8.4142     0.5010     2.7844  312.68187     0.0000     0.0000     2.7844     0.0039     4.9978     0.0000     0.0305     0.0900          0 0.0000e+00
      3.229     -0.230     -0.230    14.5555    14.7053   1.582132   0.085520    11.8209     0.5308     2.7839  302.50734     0.0000     0.0000     2.7839     0.0039     4.9982     0.0000     0.0211     0.0957          0 0.0000e+00
      3.729     -0.230     -0.228    14.5553    14.7056   1.768307   0.089504    13.3393     0.5566     2.7842  299.70687     0.0000     0.0000     2.7842     0.0036     4.9979     0.0000     0.0208     0.0963          0 0.0000e+00
      4.229     -0.232     -0.232    14.5556    14.7059   1.825234   0.088891    13.8069     0.5526     2.7842  299.38728     0.0000     0.0000     2.7842     0.0039     4.9979     0.0000     0.0238     0.0960          0 0.0000e+00
      4.729     -0.238     -0.233    14.5558    14.7060   1.779245   0.084172    13.4288     0.5221     2.7842  300.18818     0.0000     0.0000     2.7842     0.0037     4.9983     0.0000     0.0243     0.0960          0 0.0000e+00
      5.229     -0.244     -0.246    14.5558    14.7063   1.578085   0.077846    11.7891     0.4814     2.7843  303.24057     0.0000     0.0000     2.7843     0.0038     4.9982     0.0000     0.0227     0.0953          0 0.0000e+00
      5.729     -0.251     -0.246    14.5554    14.7066   1.157730   0.072287     8.4382     0.4457     2.7840  309.50077     0.0000     0.0000     2.7840     0.0037     4.9981     0.0000     0.0221     0.0949          0 0.0000e+00
      6.229     -0.255     -0.253    14.5549    14.7066   0.358275   0.068656     2.4203     0.4225     2.7839  321.08707     0.0000     0.0000     2.7839     0.0037     4.9981     0.0000     0.0220     0.0955          0 0.0000e+00
      6.729     -0.254     -0.252    14.5536    14.7066   0.152369   0.067402     0.9746     0.4145     2.7840  323.98792     0.0000     0.0000     2.7840     0.0038     4.9979     0.0000     0.0220     0.0955          0 0.0000e+00
      7.229     -0.247     -0.243    14.5522    14.7067   0.167072   0.069477     1.0733     0.4278     2.7839  323.79613     0.0000     0.0000     2.7839     0.0037     4.9980     0.0000     0.0237     0.0950          0 0.0000e+00
      7.729     -0.241     -0.242    14.5524    14.7071   0.171851   0.074692     1.1057     0.4611     2.7839  323.75553     0.0000     0.0000     2.7839     0.0037     4.9981     0.0000     0.0256     0.0933          0 0.0000e+00
      8.229     -0.233     -0.229    14.5548    14.7073   0.496609   0.083988     3.4690     0.5209     2.7839  319.11479     0.0000     0.0000     2.7839     0.0038     4.9979     0.0000     0.0252     0.0931          0 0.0000e+00
      8.729     -0.231     -0.228    14.5570    14.7071   1.685110   0.093829    12.6578     0.5846     2.7839  301.52870     0.0000     0.0000     2.7839     0.0039     4.9978     0.0000     0.0244     0.0933          0 0.0000e+00
      9.229     -0.235     -0.233    14.5567    14.7069   1.546506   0.093076    11.5347     0.5797     2.7839  303.63393     0.0000     0.0000     2.7839     0.0037     4.9980     0.0000     0.0250     0.0940          0 0.0000e+00
      9.729     -0.238     -0.235    14.5561    14.7068   0.615139   0.083610     4.3154     0.5185     2.7839  317.44353     0.0000     0.0000     2.7839     0.0036     4.9984     0.0000     0.0269     0.0957          0 0.0000e+00
     10.229     -0.244     -0.243    14.5559    14.7072   0.202364   0.076457     1.3139     0.4724     2.7839  323.32370     0.0000     0.0000     2.7839     0.0037     4.9981     0.0000     0.0268     0.0955          0 0.0000e+00
     10.729     -0.248     -0.245    14.5545    14.7075   0.138189   0.072459     0.8796     0.4468     2.7837  324.14728     0.0000     0.0000     2.7837     0.7027     4.9979     0.0000     0.0243     0.0943          0 0.0000e+00
     11.229     -0.251     -0.248    14.5509    14.7076   0.128339   0.070457     0.8140     0.4340     2.7618  319.77765     0.0000     0.0000     2.7618     1.2760     4.9983     0.0000     0.0243     0.0947          0 0.0000e+00
     11.729     -0.252     -0.246    14.5503    14.7076   0.128849   0.071799     0.8174     0.4426     2.7746  320.20869     0.0000     0.0000     2.7746     4.8495     4.9978     0.0000     0.0291     0.0838          0 0.0000e+00
     12.229     -0.253     -0.254    14.5490    14.7077   0.126812   0.072069     0.8040     0.4443     2.7736  321.15839     0.0000     0.0000     2.7736     4.8263     4.9978     0.0000     0.0293     0.0841          0 0.0000e+00
     12.729     -0.252     -0.249    14.5493    14.7078   0.123153   0.067329     0.7797     0.4140     2.7697  321.78470     0.0000     0.0000     2.7697     4.8259     4.9979     0.0000     0.0293     0.0625          0 0.0000e+00
     13.229     -0.253     -0.251    14.5508    14.7079   0.120738   0.065732     0.7637     0.4039     2.7921  328.30572     0.0000     0.0000     2.7921     4.8259     4.9976     0.0000     0.0292     0.0586          0 0.0000e+00
     13.729     -0.252     -0.250    14.5512    14.7079   0.123423   0.064910     0.7814     0.3986     2.7848  326.90877     0.0000     0.0000     2.7848     4.8263     4.9976     0.0000     0.0168     0.0822          0 0.0000e+00
     14.229     -0.251     -0.247    14.5499    14.7081   0.127665   0.064231     0.8096     0.3943     2.7839  326.47920     0.0000     0.0000     2.7839     4.8252     4.9977     0.0000     0.0122     0.0909          0 0.0000e+00
     14.729     -0.248     -0.246    14.5498    14.7081   0.128389   0.065156     0.8144     0.4002     2.7839  324.43717     0.0000     0.0000     2.7839     4.8247     4.9978     0.0000     0.0183     0.0933          0 0.0000e+00
     15.229     -0.241     -0.242    14.5499    14.7083   0.123909   0.069008     0.7847     0.4248     2.7839  323.90736     0.0000     0.0000     2.7839     4.8253     4.9976     0.0000     0.0222     0.0949          0 0.0000e+00
     15.729     -0.232     -0.231    14.5500    14.7084   0.130642   0.076421     0.8295     0.4722     2.7839  324.27009     0.0000     0.0000     2.7839     4.8248     4.9980     0.0000     0.0238     0.0940          0 0.0000e+00
     16.229     -0.221     -0.221    14.5532    14.7081   1.600182   0.101014    12.0866     0.6316     2.7839  302.74950     0.0000     0.0000     2.7839     4.8251     4.9977     0.0000     0.0256     0.0927          0 0.0000e+00
     16.729     -0.212     -0.210    14.5543    14.7069   2.113615   0.376569    16.2024     2.5475     2.7840  295.06899     0.0000     0.0000     2.7840     4.8255     4.9976     0.0000     0.0251     0.0936          0 0.0000e+00
     17.229     -0.208     -0.203    14.5558    14.7053   2.182751   0.870734    16.7814     6.1847     2.7839  293.99294     0.0000     0.0000     2.7839     4.8257     4.9977     0.0000     0.0244     0.0947          0 0.0000e+00
     17.729     -0.213     -0.210    14.5547    14.7037   2.323816   0.872131    17.9733     6.1939     2.7839  291.84447     0.0000     0.0000     2.7839     4.8262     4.9978     0.0000     0.0239     0.0949          0 0.0000e+00
     18.229     -0.226     -0.224    14.5542    14.7042   1.710245   0.311096    12.9292     2.0741     2.7840  301.14533     0.0000     0.0000     2.7840     4.8264     4.9976     0.0000     0.0221     0.0948          0 0.0000e+00
     18.729     -0.244     -0.240    14.5529    14.7060   0.469471   0.129980     3.2096     0.8220     2.7840  319.63910     0.0000     0.0000     2.7840     4.8262     4.9979     0.0000     0.0225     0.0945          0 0.0000e+00
     19.229     -0.262     -0.263    14.5493    14.7069   0.263906   0.101695     1.7381     0.6358     2.7839  322.53503     0.0000     0.0000     2.7839     4.8266     4.9978     0.0000     0.0256     0.0936          0 0.0000e+00
     19.729     -0.273     -0.270    14.5464    14.7061   0.206056   0.091776     1.3386     0.5713     2.7840  323.34888     0.0000     0.0000     2.7840     4.8265     4.9979     0.0000     0.0256     0.0940          0 0.0000e+00
     20.229     -0.278     -0.274    14.5469    14.7052   0.198635   0.086314     1.2878     0.5360     2.7840  323.44916     0.0000     0.0000     2.7840     4.8266     4.9978     0.0000     0.0244     0.0937          0 0.0000e+00
     20.729     -0.277     -0.279    14.5492    14.7048   0.302003   0.083334     2.0067     0.5168     2.7839  322.00149     0.0000     0.0000     2.7839     4.8267     4.9979     0.0000     0.0244     0.0937          0 0.0000e+00
     21.229     -0.269     -0.265    14.5506    14.7055   0.427967   0.084263     2.9016     0.5227     2.7839  320.21052     0.0000     0.0000     2.7839     4.8269     4.9977     0.0000     0.0244     0.0916          0 0.0000e+00
     21.729     -0.257     -0.254    14.5518    14.7068   0.440852   0.087794     2.9948     0.5455     2.7839  320.00575     0.0000     0.0000     2.7839     4.8274     4.9977     0.0000     0.0244     0.0911          0 0.0000e+00
     22.229     -0.244     -0.241    14.5527    14.7080   0.380145   0.099077     2.5592     0.6188     2.7839  320.88095     0.0000     0.0000     2.7839     4.8273     4.9979     0.0000     0.0227     0.0938          0 0.0000e+00
     22.729     -0.236     -0.235    14.5558    14.7082   1.374253   0.122910    10.2485     0.7750     2.7838  306.14441     0.0000     0.0000     2.7838     4.8287     4.9977     0.0000     0.0220     0.0948          0 0.0000e+00
     23.229     -0.232     -0.232    14.5578    14.7075   1.971964   0.137484    15.0196     0.8714     2.7835  297.08926     0.0000     0.0000     2.7835     4.8284     4.9978     0.0000     0.0235     0.0950          0 0.0000e+00
     23.729     -0.232     -0.226    14.5553    14.7068   1.933410   0.137640    14.7010     0.8724     2.7832  297.60486     0.0000     0.0000     2.7832     4.8291     4.9979     0.0000     0.0244     0.0945          0 0.0000e+00
     24.229     -0.241     -0.243    14.5554    14.7067   1.414768   0.117487    10.5065     0.7394     2.7835  305.47016     0.0000     0.0000     2.7835     4.8291     4.9978     0.0000     0.0243     0.0946          0 0.0000e+00
     24.729     -0.244     -0.238    14.5543    14.7075   0.381047   0.095664     2.5728     0.5966     2.7836  320.79536     0.0000     0.0000     2.7836     4.8292     4.9978     0.0000     0.0243     0.0946          0 0.0000e+00
     25.229     -0.249     -0.247    14.5537    14.7084   0.203359   0.085783     1.3201     0.5325     2.7832  323.23904     0.0000     0.0000     2.7832     4.8289     4.9979     0.0000     0.0236     0.0950          0 0.0000e+00
     25.729     -0.247     -0.244    14.5532    14.7090   0.161393   0.081476     1.0350     0.5047     2.7837  323.87526     0.0000     0.0000     2.7837     4.8289     4.9976     0.0000     0.0220     0.0950          0 0.0000e+00
     26.229     -0.245     -0.247    14.5536    14.7094   0.150699   0.080417     0.9631     0.4978     2.7838  324.05059     0.0000     0.0000     2.7838     4.8294     4.9978     0.0000     0.0225     0.0950          0 0.0000e+00
     26.729     -0.242     -0.240    14.5540    14.7098   0.149638   0.080967     0.9560     0.5014     2.7836  324.05025     0.0000     0.0000     2.7836     4.8284     4.9976     0.0000     0.0244     0.0961          0 0.0000e+00
     27.229     -0.237     -0.233    14.5557    14.7100   0.145518   0.081425     0.9283     0.5043     2.7838  324.12671     0.0000     0.0000     2.7838     4.8282     4.9976     0.0000     0.0242     0.0961          0 0.0000e+00
     27.729     -0.236     -0.237    14.5551    14.7103   0.141874   0.080562     0.9040     0.4988     2.7835  324.08150     0.0000     0.0000     2.7835     4.8272     4.9978     0.0000     0.0220     0.0950          0 0.0000e+00
     28.229     -0.241     -0.236    14.5559    14.7106   0.141469   0.076777     0.9013     0.4744     2.7839  324.14273     0.0000     0.0000     2.7839     4.8271     4.9978     0.0000     0.0222     0.0950          0 0.0000e+00
     28.729     -0.247     -0.244    14.5548    14.7107   0.176050   0.072193     1.1339     0.4451     2.7839  323.70601     0.0000     0.0000     2.7839     4.8269     4.9978     0.0000     0.0243     0.0985          0 0.0000e+00
     29.229     -0.253     -0.251    14.5549    14.7108   0.178477   0.068282     1.1503     0.4201     2.7839  323.68857     0.0000     0.0000     2.7839     4.8265     4.9977     0.0000     0.0243     0.0986          0 0.0000e+00
     29.729     -0.258     -0.254    14.5560    14.7108   0.172186   0.065562     1.1076     0.4027     2.7842  323.84161     0.0000     0.0000     2.7842     4.8268     4.9977     0.0000     0.0244     0.0965          0 0.0000e+00
     30.229     -0.262     -0.261    14.5566    14.7108   0.170488   0.063879     1.0962     0.3920     2.7839  323.77818     0.0000     0.0000     2.7839     4.8276     4.9978     0.0000     0.0244     0.0962          0 0.0000e+00
     30.729     -0.265     -0.265    14.5563    14.7110   0.178829   0.063836     1.1526     0.3918     2.7839  323.64198     0.0000     0.0000     2.7839     4.8276     4.9977     0.0000     0.0262     0.0945          0 0.0000e+00
     31.229     -0.263     -0.255    14.5563    14.7114   0.192600   0.065931     1.2462     0.4051     2.7840  323.45521     0.0000     0.0000     2.7840     4.8284     4.9977     0.0000     0.0272     0.0937          0 0.0000e+00
     31.729     -0.257     -0.262    14.5565    14.7119   0.181818   0.071284     1.1730     0.4392     2.7839  323.57954     0.0000     0.0000     2.7839     4.8280     4.9977     0.0000     0.0254     0.0944          0 0.0000e+00
     32.229     -0.245     -0.239    14.5577    14.7122   0.166794   0.084005     1.0712     0.5210     2.7839  323.79214     0.0000     0.0000     2.7839     4.8282     4.9979     0.0000     0.0242     0.0950          0 0.0000e+00
     32.729     -0.231     -0.228    14.5612    14.7116   1.423899   0.113111    10.7151     0.7106     2.7837  305.26010     0.0000     0.0000     2.7837     4.8288     4.9977     0.0000     0.0233     0.0966          0 0.0000e+00
     33.229     -0.223     -0.222    14.5627    14.7104   2.054908   0.364664    15.7081     2.4544     2.7837  295.83516     0.0000     0.0000     2.7837     4.8287     4.9977     0.0000     0.0220     0.0985          0 0.0000e+00
     33.729     -0.222     -0.215    14.5622    14.7092   2.057548   0.698881    15.7303     4.8804     2.7838  295.81668     0.0000     0.0000     2.7838     4.8284     4.9977     0.0000     0.0221     0.0979          0 0.0000e+00
