odissea/cruise_data/ce25007/data/ctd/ce25007_020.cnv
* Sea-Bird SBE 9 Data File:
* FileName = C:\CE_CTD_Data\2025_CTD_Data\CE25007\CE25007_020.hdr
* Software Version Seasave V 7.26.7.121
* Temperature SN = 4382
* Conductivity SN = 2796
* Number of Bytes Per Scan = 40
* Number of Voltage Words = 5
* Number of Scans Averaged by the Deck Unit = 1
* NMEA Latitude = 54 32.47 N
* NMEA Longitude = 019 18.45 W
* NMEA UTC (Time) = May 15 2025 07:29:00
* NMEA baud rate = 4800
** Cruise: CE18001
** PSO: Caroline Cusack
** CTD operator:
** Technician:
** Cast No:
** Station:
** Event No:
** Sea state:
** Wind speed:
** Sounding depth
# nquan = 21
# nvalues = 11844                       
# units = specified
# name 0 = timeS: Time, Elapsed [seconds]
# name 1 = prDM: Pressure, Digiquartz [db]
# name 2 = depSM: Depth [salt water, m]
# name 3 = t090C: Temperature [ITS-90, deg C]
# name 4 = t190C: Temperature, 2 [ITS-90, deg C]
# name 5 = c0S/m: Conductivity [S/m]
# name 6 = c1S/m: Conductivity, 2 [S/m]
# name 7 = sal00: Salinity, Practical [PSU]
# name 8 = sal11: Salinity, Practical, 2 [PSU]
# name 9 = sbeox0V: Oxygen raw, SBE 43 [V]
# name 10 = sbeox0Mm/L: Oxygen, SBE 43 [umol/l]
# name 11 = v0: Voltage 0
# name 12 = v1: Voltage 1
# name 13 = v2: Voltage 2
# name 14 = v3: Voltage 3
# name 15 = v4: Voltage 4
# name 16 = v5: Voltage 5
# name 17 = v6: Voltage 6
# name 18 = v7: Voltage 7
# name 19 = pumps: Pump Status
# name 20 = flag: flag
# span 0 =      0.229,   5921.521       
# span 1 =     -0.260,   1370.376       
# span 2 =     -0.267,   1353.633       
# span 3 =     4.3185,    14.6112       
# span 4 =     4.3187,    14.6945       
# span 5 =   0.012530,   4.133530       
# span 6 =   0.026396,   4.124182       
# span 7 =     0.0764,    35.6172       
# span 8 =     0.1593,    35.5318       
# span 9 =     1.8317,     2.8426       
# span 10 =  189.30969,  335.24042      
# span 11 =     0.0000,     0.0000      
# span 12 =     0.0000,     0.0000      
# span 13 =     1.8282,     2.8426      
# span 14 =     0.0035,     4.8450      
# span 15 =     0.3716,     5.0000      
# span 16 =     0.0000,     0.0000      
# span 17 =     0.0049,     0.4469      
# span 18 =     0.0769,     4.9512      
# span 19 =          0,          1      
# span 20 = 0.0000e+00, 0.0000e+00      
# interval = seconds: 0.5               
# start_time = May 15 2025 07:29:00 [NMEA time, header]
# bad_flag = -9.990e-29
*END*
[from data line 7656]
   3828.229    806.134    797.356     8.0392     8.0398   3.690353   3.690893    35.3161    35.3212     1.8482  196.75965     0.0000     0.0000     1.8388     4.7286     4.9988     0.0000     0.0293     0.1052          1 0.0000e+00
   3828.729    805.828    797.056     8.0399     8.0401   3.690375   3.690914    35.3158    35.3214     1.8484  196.72941     0.0000     0.0000     1.8390     4.7287     4.9987     0.0000     0.0305     0.1075          1 0.0000e+00
   3829.229    805.418    796.653     8.0407     8.0406   3.690437   3.690978    35.3158    35.3217     1.8486  196.84948     0.0000     0.0000     1.8392     4.7286     4.9988     0.0000     0.0305     0.1076          1 0.0000e+00
   3829.729    804.914    796.150     8.0471     8.0506   3.691112   3.691993    35.3167    35.3225     1.8488  196.97328     0.0000     0.0000     1.8394     4.7287     4.9988     0.0000     0.0294     0.1075          1 0.0000e+00
   3830.229    804.338    795.576     8.0588     8.0614   3.692177   3.692994    35.3163    35.3224     1.8493  197.01656     0.0000     0.0000     1.8399     4.7287     4.9988     0.0000     0.0292     0.1075          1 0.0000e+00
   3830.729    803.747    794.990     8.0654     8.0670   3.692651   3.693340    35.3148    35.3207     1.8495  197.05659     0.0000     0.0000     1.8401     4.7287     4.9988     0.0000     0.0275     0.1077          1 0.0000e+00
   3831.229    803.193    794.446     8.0687     8.0709   3.692882   3.693598    35.3142    35.3196     1.8501  197.16734     0.0000     0.0000     1.8408     4.7290     4.9987     0.0000     0.0269     0.1076          1 0.0000e+00
   3831.729    802.684    793.937     8.0730     8.0740   3.693214   3.693824    35.3137    35.3192     1.8503  197.23560     0.0000     0.0000     1.8410     4.7287     4.9988     0.0000     0.0285     0.1069          1 0.0000e+00
   3832.229    802.216    793.476     8.0765     8.0788   3.693497   3.694215    35.3133    35.3186     1.8506  197.19968     0.0000     0.0000     1.8413     4.7289     4.9987     0.0000     0.0293     0.1065          1 0.0000e+00
   3832.729    801.803    793.071     8.0812     8.0768   3.693894   3.694014    35.3130    35.3188     1.8506  197.09324     0.0000     0.0000     1.8413     4.7285     4.9987     0.0000     0.0310     0.1060          1 0.0000e+00
   3833.229    801.428    792.699     8.0829     8.0722   3.694022   3.693647    35.3128    35.3199     1.8505  196.92689     0.0000     0.0000     1.8412     4.7289     4.9987     0.0000     0.0326     0.1052          1 0.0000e+00
   3833.729    801.068    792.355     8.0831     8.0827   3.694019   3.694520    35.3129    35.3186     1.8500  196.73029     0.0000     0.0000     1.8407     4.7287     4.9987     0.0000     0.0318     0.1052          1 0.0000e+00
   3834.229    800.683    791.969     8.0854     8.0849   3.694160   3.694652    35.3123    35.3180     1.8494  196.39456     0.0000     0.0000     1.8400     4.7289     4.9987     0.0000     0.0305     0.1052          1 0.0000e+00
   3834.729    800.269    791.561     8.0881     8.0867   3.694368   3.694765    35.3119    35.3176     1.8494  196.30186     0.0000     0.0000     1.8400     4.7292     4.9989     0.0000     0.0305     0.1060          1 0.0000e+00
   3835.229    799.839    791.136     8.0953     8.0872   3.694937   3.694810    35.3109    35.3179     1.8495  196.36700     0.0000     0.0000     1.8401     4.7289     4.9987     0.0000     0.0305     0.1067          1 0.0000e+00
   3835.729    799.408    790.703     8.1019     8.0940   3.695583   3.695379    35.3112    35.3172     1.8494  196.51041     0.0000     0.0000     1.8400     4.7292     4.9988     0.0000     0.0303     0.1068          1 0.0000e+00
   3836.229    799.014    790.317     8.0976     8.0925   3.695175   3.695225    35.3116    35.3173     1.8494  196.55901     0.0000     0.0000     1.8400     4.7291     4.9988     0.0000     0.0293     0.1067          1 0.0000e+00
   3836.729    798.680    789.986     8.1100     8.1030   3.696341   3.696173    35.3115    35.3168     1.8496  196.53403     0.0000     0.0000     1.8402     4.7292     4.9986     0.0000     0.0293     0.1067          1 0.0000e+00
   3837.229    798.391    789.703     8.1109     8.1139   3.696428   3.697296    35.3117    35.3178     1.8495  196.50948     0.0000     0.0000     1.8401     4.7292     4.9987     0.0000     0.0293     0.1054          1 0.0000e+00
   3837.729    798.134    789.445     8.1176     8.1215   3.697028   3.697885    35.3114    35.3164     1.8498  196.56370     0.0000     0.0000     1.8404     4.7292     4.9988     0.0000     0.0293     0.1052          1 0.0000e+00
   3838.229    797.891    789.217     8.1153     8.0994   3.696585   3.695966    35.3092    35.3190     1.8496  196.52566     0.0000     0.0000     1.8402     4.7291     4.9987     0.0000     0.0293     0.1067          1 0.0000e+00
   3838.729    797.607    788.938     8.1208     8.1118   3.697357   3.697308    35.3120    35.3207     1.8499  196.56492     0.0000     0.0000     1.8405     4.7292     4.9986     0.0000     0.0293     0.1069          1 0.0000e+00
   3839.229    797.276    788.607     8.1157     8.1234   3.696945   3.698162    35.3132    35.3181     1.8494  196.42324     0.0000     0.0000     1.8400     4.7290     4.9988     0.0000     0.0293     0.1066          1 0.0000e+00
   3839.729    796.909    788.241     8.1287     8.1174   3.698182   3.697532    35.3132    35.3178     1.8491  196.19995     0.0000     0.0000     1.8397     4.7291     4.9988     0.0000     0.0293     0.1069          1 0.0000e+00
   3840.229    796.506    787.847     8.1267     8.1192   3.697953   3.697830    35.3130    35.3194     1.8489  196.07573     0.0000     0.0000     1.8395     4.7290     4.9988     0.0000     0.0293     0.1070          1 0.0000e+00
   3840.729    796.071    787.418     8.1361     8.1301   3.698866   3.698933    35.3134    35.3202     1.8483  195.85940     0.0000     0.0000     1.8389     4.7291     4.9988     0.0000     0.0293     0.1065          1 0.0000e+00
   3841.229    795.614    786.966     8.1501     8.1447   3.700191   3.700169    35.3134    35.3186     1.8481  195.73067     0.0000     0.0000     1.8387     4.7293     4.9986     0.0000     0.0311     0.1081          1 0.0000e+00
   3841.729    795.149    786.501     8.1539     8.1479   3.700503   3.700531    35.3131    35.3196     1.8482  195.77268     0.0000     0.0000     1.8388     4.7296     4.9988     0.0000     0.0327     0.1088          1 0.0000e+00
   3842.229    794.682    786.044     8.1539     8.1550   3.700504   3.701138    35.3135    35.3190     1.8482  195.91532     0.0000     0.0000     1.8388     4.7297     4.9986     0.0000     0.0310     0.1074          1 0.0000e+00
   3842.729    794.219    785.589     8.1580     8.1556   3.700888   3.701192    35.3137    35.3193     1.8482  195.97965     0.0000     0.0000     1.8388     4.7294     4.9987     0.0000     0.0293     0.1050          1 0.0000e+00
   3843.229    793.768    785.137     8.1604     8.1577   3.701109   3.701369    35.3139    35.3194     1.8481  195.95375     0.0000     0.0000     1.8387     4.7296     4.9987     0.0000     0.0297     0.1056          1 0.0000e+00
   3843.729    793.331    784.706     8.1644     8.1600   3.701515   3.701577    35.3144    35.3195     1.8478  195.79091     0.0000     0.0000     1.8384     4.7292     4.9989     0.0000     0.0305     0.1071          1 0.0000e+00
   3844.229    792.907    784.293     8.1719     8.1644   3.702265   3.702030    35.3150    35.3202     1.8474  195.63798     0.0000     0.0000     1.8381     4.7297     4.9988     0.0000     0.0305     0.1065          1 0.0000e+00
   3844.729    792.490    783.878     8.1776     8.1723   3.702846   3.702830    35.3156    35.3208     1.8470  195.44066     0.0000     0.0000     1.8377     4.7292     4.9987     0.0000     0.0305     0.1069          1 0.0000e+00
   3845.229    792.091    783.484     8.1897     8.1761   3.704129   3.703179    35.3172    35.3209     1.8469  195.35030     0.0000     0.0000     1.8376     4.7297     4.9988     0.0000     0.0305     0.1068          1 0.0000e+00
   3845.729    791.703    783.100     8.2053     8.1787   3.705754   3.703431    35.3187    35.3211     1.8463  195.16479     0.0000     0.0000     1.8370     4.7293     4.9986     0.0000     0.0305     0.1088          1 0.0000e+00
   3846.229    791.336    782.743     8.2079     8.1827   3.705905   3.703841    35.3179    35.3218     1.8463  195.16523     0.0000     0.0000     1.8370     4.7292     4.9987     0.0000     0.0305     0.1091          1 0.0000e+00
   3846.729    790.989    782.392     8.2092     8.2140   3.706057   3.707191    35.3186    35.3254     1.8460  195.11705     0.0000     0.0000     1.8367     4.7295     4.9987     0.0000     0.0306     0.1088          1 0.0000e+00
   3847.229    790.670    782.082     8.2050     8.2172   3.705853   3.707408    35.3210    35.3249     1.8466  195.38258     0.0000     0.0000     1.8373     4.7297     4.9988     0.0000     0.0305     0.1091          1 0.0000e+00
   3847.729    790.390    781.803     8.2264     8.2060   3.708042   3.706227    35.3226    35.3241     1.8466  195.41961     0.0000     0.0000     1.8373     4.7295     4.9987     0.0000     0.0295     0.1071          1 0.0000e+00
   3848.229    790.138    781.554     8.2283     8.1878   3.708188   3.703793    35.3225    35.3171     1.8462  195.35479     0.0000     0.0000     1.8369     4.7297     4.9987     0.0000     0.0293     0.1070          1 0.0000e+00
   3848.729    789.911    781.331     8.2257     8.1768   3.707843   3.702447    35.3217    35.3142     1.8458  195.09657     0.0000     0.0000     1.8365     4.7294     4.9988     0.0000     0.0293     0.1049          1 0.0000e+00
   3849.229    789.669    781.101     8.2311     8.1576   3.708458   3.701534    35.3228    35.3244     1.8456  194.90351     0.0000     0.0000     1.8363     4.7297     4.9986     0.0000     0.0293     0.1040          1 0.0000e+00
   3849.729    789.359    780.794     8.2439     8.1727   3.709736   3.702619    35.3236    35.3207     1.8446  194.55399     0.0000     0.0000     1.8353     4.7295     4.9988     0.0000     0.0280     0.1056          1 0.0000e+00
   3850.229    788.997    780.440     8.2477     8.2136   3.710099   3.707174    35.3239    35.3272     1.8438  194.36150     0.0000     0.0000     1.8346     4.7299     4.9988     0.0000     0.0269     0.1065          1 0.0000e+00
   3850.729    788.570    780.015     8.2428     8.2386   3.709491   3.709629    35.3228    35.3280     1.8446  194.52594     0.0000     0.0000     1.8353     4.7297     4.9988     0.0000     0.0280     0.1065          1 0.0000e+00
   3851.229    788.088    779.537     8.2490     8.2386   3.710174   3.709507    35.3240    35.3271     1.8455  194.98691     0.0000     0.0000     1.8362     4.7298     4.9988     0.0000     0.0293     0.1064          1 0.0000e+00
   3851.729    787.574    779.026     8.2525     8.2558   3.710531   3.711411    35.3246    35.3300     1.8458  195.40508     0.0000     0.0000     1.8365     4.7296     4.9988     0.0000     0.0293     0.1070          1 0.0000e+00
   3852.229    787.059    778.517     8.2625     8.2634   3.711406   3.712098    35.3240    35.3300     1.8465  195.57118     0.0000     0.0000     1.8372     4.7300     4.9988     0.0000     0.0293     0.1074          1 0.0000e+00
   3852.729    786.566    778.022     8.2657     8.2659   3.711669   3.712260    35.3239    35.3295     1.8468  195.50033     0.0000     0.0000     1.8375     4.7298     4.9986     0.0000     0.0295     0.1073          1 0.0000e+00
   3853.229    786.110    777.582     8.2646     8.2654   3.711551   3.712178    35.3241    35.3296     1.8461  195.19693     0.0000     0.0000     1.8368     4.7296     4.9987     0.0000     0.0305     0.1070          1 0.0000e+00
   3853.729    785.690    777.164     8.2639     8.2640   3.711446   3.712012    35.3241    35.3296     1.8457  194.84353     0.0000     0.0000     1.8364     4.7299     4.9988     0.0000     0.0305     0.1066          1 0.0000e+00
   3854.229    785.287    776.768     8.2631     8.2636   3.711335   3.711949    35.3240    35.3297     1.8457  194.63490     0.0000     0.0000     1.8364     4.7302     4.9987     0.0000     0.0305     0.1050          1 0.0000e+00
   3854.729    784.903    776.389     8.2635     8.2644   3.711381   3.711998    35.3244    35.3297     1.8457  194.67335     0.0000     0.0000     1.8364     4.7306     4.9988     0.0000     0.0305     0.1051          1 0.0000e+00
   3855.229    784.510    776.003     8.2640     8.2641   3.711398   3.711938    35.3243    35.3297     1.8447  194.58500     0.0000     0.0000     1.8354     4.7305     4.9987     0.0000     0.0294     0.1063          1 0.0000e+00
   3855.729    784.114    775.608     8.2640     8.2636   3.711388   3.711881    35.3244    35.3298     1.8438  194.23275     0.0000     0.0000     1.8346     4.7304     4.9988     0.0000     0.0293     0.1064          1 0.0000e+00
   3856.229    783.720    775.217     8.2640     8.2640   3.711351   3.711899    35.3244    35.3299     1.8432  193.92993     0.0000     0.0000     1.8339     4.7307     4.9988     0.0000     0.0293     0.1063          1 0.0000e+00
   3856.729    783.346    774.853     8.2632     8.2645   3.711223   3.711916    35.3241    35.3299     1.8432  193.97970     0.0000     0.0000     1.8339     4.7300     4.9986     0.0000     0.0293     0.1065          1 0.0000e+00
   3857.229    783.004    774.507     8.2604     8.2634   3.710874   3.711748    35.3234    35.3295     1.8432  194.25062     0.0000     0.0000     1.8339     4.7304     4.9988     0.0000     0.0293     0.1073          1 0.0000e+00
   3857.729    782.696    774.209     8.2560     8.2594   3.710335   3.711285    35.3225    35.3288     1.8432  194.45155     0.0000     0.0000     1.8339     4.7303     4.9988     0.0000     0.0293     0.1075          1 0.0000e+00
   3858.229    782.431    773.944     8.2547     8.2599   3.710150   3.711358    35.3221    35.3293     1.8431  194.48791     0.0000     0.0000     1.8338     4.7304     4.9988     0.0000     0.0293     0.1069          1 0.0000e+00
   3858.729    782.201    773.721     8.2552     8.2595   3.710218   3.711317    35.3224    35.3294     1.8431  194.46389     0.0000     0.0000     1.8338     4.7304     4.9988     0.0000     0.0293     0.1066          1 0.0000e+00
   3859.229    781.976    773.502     8.2550     8.2602   3.710207   3.711358    35.3226    35.3293     1.8429  194.40581     0.0000     0.0000     1.8336     4.7308     4.9988     0.0000     0.0293     0.1067          1 0.0000e+00
   3859.729    781.716    773.250     8.2523     8.2609   3.709825   3.711384    35.3215    35.3291     1.8427  194.33545     0.0000     0.0000     1.8334     4.7307     4.9987     0.0000     0.0293     0.1064          1 0.0000e+00
   3860.229    781.392    772.929     8.2442     8.2569   3.708638   3.710899    35.3173    35.3283     1.8421  194.19101     0.0000     0.0000     1.8328     4.7305     4.9987     0.0000     0.0296     0.1070          1 0.0000e+00
   3860.729    781.009    772.548     8.2497     8.2537   3.709485   3.710472    35.3209    35.3272     1.8421  194.11120     0.0000     0.0000     1.8328     4.7308     4.9988     0.0000     0.0305     0.1075          1 0.0000e+00
   3861.229    780.568    772.115     8.2535     8.2528   3.709571   3.710237    35.3181    35.3259     1.8423  194.19454     0.0000     0.0000     1.8330     4.7309     4.9988     0.0000     0.0303     0.1075          1 0.0000e+00
   3861.729    780.062    771.613     8.2659     8.2568   3.711070   3.710795    35.3216    35.3280     1.8420  194.15086     0.0000     0.0000     1.8327     4.7308     4.9988     0.0000     0.0292     0.1065          1 0.0000e+00
