odissea/data/moor/raw/ce25007/microcat/16363_data.cnv
* Sea-Bird SBE37SM-RS232  Data File:
* FileName = C:\CE25007_recovery_data\16363_data.hex
* Software version SeatermV2 2.8.0.119
* Temperature SN = 16363
* Conductivity SN = 16363
* System UpLoad Time = May 13 2025 17:46:10
* sample interval = 600 seconds
* <ApplicationData>
# nquan = 5
# nvalues = 46331                                 
# units = specified
# name 0 = tv290C: Temperature [ITS-90, deg C]
# name 1 = cond0S/m: Conductivity [S/m]
# name 2 = prdM: Pressure, Strain Gauge [db]
# name 3 = timeK: Time, Instrument [seconds]
# name 4 = flag:  0.000e+00
# span 0 =     7.3054,    19.1655                 
# span 1 =   0.001348,   4.127653                 
# span 2 =      0.521,    839.564                 
# span 3 =  772675201,  800473201                 
# span 4 = 0.0000e+00, 0.0000e+00                 
# interval = seconds: 600
# start_time = Jun 26 2024 00:00:01 [Instrument's time stamp, first data scan]
# bad_flag = -9.990e-29
*END*
[from data line 38286]
     9.2677   3.803209    752.804  795646801  0.000e+00
     9.2670   3.802983    752.603  795647401  0.000e+00
     9.2881   3.804953    752.412  795648001  0.000e+00
     9.3052   3.806660    752.274  795648601  0.000e+00
     9.3363   3.809869    752.109  795649201  0.000e+00
     9.3200   3.808246    751.841  795649801  0.000e+00
     9.3161   3.807789    751.841  795650401  0.000e+00
     9.3049   3.806648    751.717  795651001  0.000e+00
     9.2947   3.805629    751.567  795651601  0.000e+00
     9.2633   3.802458    751.464  795652201  0.000e+00
     9.2523   3.801355    751.335  795652801  0.000e+00
     9.2751   3.803416    751.279  795653401  0.000e+00
     9.3215   3.808252    751.202  795654001  0.000e+00
     9.3273   3.808935    751.167  795654601  0.000e+00
     9.3230   3.808563    750.996  795655201  0.000e+00
     9.3326   3.809985    750.873  795655801  0.000e+00
     9.3037   3.806831    750.852  795656401  0.000e+00
     9.3058   3.806660    750.811  795657001  0.000e+00
     9.3100   3.807477    750.749  795657601  0.000e+00
     9.3318   3.809441    750.666  795658201  0.000e+00
     9.3526   3.811376    750.605  795658801  0.000e+00
     9.3858   3.814977    750.548  795659401  0.000e+00
     9.3813   3.814562    750.575  795660001  0.000e+00
     9.3746   3.813841    750.528  795660601  0.000e+00
     9.3785   3.814214    750.575  795661201  0.000e+00
     9.4330   3.819666    750.533  795661801  0.000e+00
     9.4234   3.818579    750.539  795662401  0.000e+00
     9.3756   3.814031    750.472  795663001  0.000e+00
     9.3675   3.813097    750.507  795663601  0.000e+00
     9.3891   3.815313    750.507  795664201  0.000e+00
     9.4134   3.817724    750.595  795664801  0.000e+00
     9.4156   3.818072    750.616  795665401  0.000e+00
     9.3684   3.813262    750.616  795666001  0.000e+00
     9.3690   3.813237    750.698  795666601  0.000e+00
     9.3766   3.813982    750.760  795667201  0.000e+00
     9.3521   3.811669    750.816  795667801  0.000e+00
     9.3048   3.806660    750.996  795668401  0.000e+00
     9.3545   3.811675    751.058  795669001  0.000e+00
     9.3403   3.810302    751.146  795669601  0.000e+00
     9.3082   3.806977    751.243  795670201  0.000e+00
     9.3434   3.810625    751.435  795670801  0.000e+00
     9.2746   3.803654    751.635  795671401  0.000e+00
     9.2865   3.804702    751.856  795672001  0.000e+00
     9.3236   3.808576    752.011  795672601  0.000e+00
     9.2877   3.804928    752.289  795673201  0.000e+00
     9.2948   3.805733    752.506  795673801  0.000e+00
     9.2828   3.805252    752.768  795674401  0.000e+00
     9.2810   3.805795    752.954  795675001  0.000e+00
     9.2861   3.805795    753.366  795675601  0.000e+00
     9.3142   3.808351    753.752  795676201  0.000e+00
     9.2969   3.807161    754.149  795676801  0.000e+00
     9.2763   3.805368    754.540  795677401  0.000e+00
     9.2915   3.806674    754.844  795678001  0.000e+00
     9.3109   3.808504    755.117  795678601  0.000e+00
     9.3374   3.811115    755.350  795679201  0.000e+00
     9.2831   3.805729    755.606  795679801  0.000e+00
     9.3276   3.810109    755.859  795680401  0.000e+00
     9.3572   3.813184    755.968  795681001  0.000e+00
     9.3721   3.814558    756.035  795681601  0.000e+00
     9.3533   3.812586    755.988  795682201  0.000e+00
     9.3413   3.811280    756.112  795682801  0.000e+00
     9.3403   3.810749    756.153  795683401  0.000e+00
     9.3413   3.810786    755.988  795684001  0.000e+00
     9.3333   3.810060    755.947  795684601  0.000e+00
     9.3082   3.807491    755.694  795685201  0.000e+00
     9.3112   3.807924    755.421  795685801  0.000e+00
     9.3212   3.808949    755.123  795686401  0.000e+00
     9.2783   3.804710    754.870  795687001  0.000e+00
     9.2620   3.803167    754.514  795687601  0.000e+00
     9.2606   3.802844    754.211  795688201  0.000e+00
     9.2680   3.803691    753.875  795688801  0.000e+00
     9.2660   3.803417    753.572  795689401  0.000e+00
     9.2608   3.802886    753.257  795690001  0.000e+00
     9.2800   3.804374    752.989  795690601  0.000e+00
     9.2762   3.804075    752.763  795691201  0.000e+00
     9.3417   3.810492    752.624  795691801  0.000e+00
     9.3771   3.814361    752.424  795692401  0.000e+00
     9.3818   3.814855    752.244  795693001  0.000e+00
     9.3983   3.816638    752.120  795693601  0.000e+00
     9.3917   3.816003    751.914  795694201  0.000e+00
     9.3739   3.814165    751.744  795694801  0.000e+00
     9.4119   3.818036    751.672  795695401  0.000e+00
     9.4099   3.817810    751.605  795696001  0.000e+00
     9.3936   3.816369    751.461  795696601  0.000e+00
     9.3895   3.815844    751.337  795697201  0.000e+00
     9.3960   3.816400    751.234  795697801  0.000e+00
     9.3500   3.812017    751.172  795698401  0.000e+00
     9.3144   3.808142    751.161  795699001  0.000e+00
     9.3141   3.808167    750.976  795699601  0.000e+00
     9.4057   3.817151    751.002  795700201  0.000e+00
     9.4140   3.818170    750.889  795700801  0.000e+00
     9.4044   3.817328    750.807  795701401  0.000e+00
     9.4047   3.817340    750.843  795702001  0.000e+00
     9.3908   3.815948    750.755  795702601  0.000e+00
     9.4106   3.817743    750.678  795703201  0.000e+00
     9.4342   3.819782    750.642  795703801  0.000e+00
     9.4498   3.821200    750.663  795704401  0.000e+00
     9.4485   3.821041    750.627  795705001  0.000e+00
     9.4367   3.820253    750.621  795705601  0.000e+00
     9.4319   3.819764    750.539  795706201  0.000e+00
     9.4391   3.820485    750.580  795706801  0.000e+00
     9.4446   3.821120    750.580  795707401  0.000e+00
     9.4513   3.821786    750.621  795708001  0.000e+00
     9.4528   3.822098    750.642  795708601  0.000e+00
     9.4423   3.821212    750.683  795709201  0.000e+00
     9.4182   3.818775    750.683  795709801  0.000e+00
     9.3022   3.807203    750.749  795710401  0.000e+00
     9.2956   3.806349    750.728  795711001  0.000e+00
     9.3980   3.816503    750.940  795711601  0.000e+00
     9.2941   3.806581    750.940  795712201  0.000e+00
     9.2804   3.804891    751.058  795712801  0.000e+00
     9.2834   3.805172    751.182  795713401  0.000e+00
     9.2893   3.805770    751.238  795714001  0.000e+00
     9.2911   3.805965    751.470  795714601  0.000e+00
     9.2938   3.806233    751.594  795715201  0.000e+00
     9.2822   3.805142    751.759  795715801  0.000e+00
     9.2716   3.804007    752.062  795716401  0.000e+00
     9.2633   3.803087    752.227  795717001  0.000e+00
     9.2931   3.806227    752.480  795717601  0.000e+00
     9.2801   3.804977    752.618  795718201  0.000e+00
     9.3249   3.809320    752.954  795718801  0.000e+00
     9.2467   3.801825    753.195  795719401  0.000e+00
     9.3089   3.807698    753.504  795720001  0.000e+00
     9.2534   3.802478    753.778  795720601  0.000e+00
     9.2123   3.797967    753.973  795721201  0.000e+00
     9.2237   3.799077    754.194  795721801  0.000e+00
     9.2348   3.800424    754.488  795722401  0.000e+00
     9.2300   3.799948    754.653  795723001  0.000e+00
     9.2038   3.797291    754.900  795723601  0.000e+00
     9.2574   3.802795    755.147  795724201  0.000e+00
     9.3006   3.806582    755.276  795724801  0.000e+00
     9.3465   3.811280    755.473  795725401  0.000e+00
     9.3094   3.807619    755.509  795726001  0.000e+00
     9.2676   3.803972    755.571  795726601  0.000e+00
     9.2631   3.803734    755.529  795727201  0.000e+00
     9.2621   3.803448    755.483  795727801  0.000e+00
     9.2709   3.803936    755.426  795728401  0.000e+00
     9.2960   3.806094    755.158  795729001  0.000e+00
     9.3775   3.814356    754.994  795729601  0.000e+00
     9.3775   3.814374    754.711  795730201  0.000e+00
     9.3528   3.812018    754.464  795730801  0.000e+00
     9.3579   3.812567    754.257  795731401  0.000e+00
     9.3698   3.813629    753.948  795732001  0.000e+00
     9.3632   3.813061    753.727  795732601  0.000e+00
     9.3620   3.813782    753.433  795733201  0.000e+00
     9.3651   3.814355    753.248  795733801  0.000e+00
     9.3648   3.813171    752.944  795734401  0.000e+00
     9.3907   3.815606    752.759  795735001  0.000e+00
     9.3923   3.815875    752.594  795735601  0.000e+00
     9.4280   3.819014    752.450  795736201  0.000e+00
     9.4302   3.819337    752.229  795736801  0.000e+00
     9.4067   3.817310    752.141  795737401  0.000e+00
     9.4130   3.817737    752.017  795738001  0.000e+00
     9.4418   3.820339    751.873  795738601  0.000e+00
     9.4423   3.820400    751.755  795739201  0.000e+00
     9.4426   3.820424    751.611  795739801  0.000e+00
     9.4437   3.820565    751.569  795740401  0.000e+00
     9.4454   3.820723    751.466  795741001  0.000e+00
     9.4204   3.818433    751.358  795741601  0.000e+00
     9.4046   3.817010    751.322  795742201  0.000e+00
     9.4058   3.817077    751.172  795742801  0.000e+00
     9.4576   3.821829    751.116  795743401  0.000e+00
     9.4463   3.820980    751.095  795744001  0.000e+00
     9.4653   3.822965    751.013  795744601  0.000e+00
     9.4586   3.822464    750.977  795745201  0.000e+00
     9.4427   3.820815    750.910  795745801  0.000e+00
     9.4253   3.819135    750.828  795746401  0.000e+00
     9.4155   3.818237    750.801  795747001  0.000e+00
     9.4151   3.818201    750.801  795747601  0.000e+00
     9.3998   3.816754    750.725  795748201  0.000e+00
     9.3950   3.816204    750.719  795748801  0.000e+00
     9.4089   3.817505    750.740  795749401  0.000e+00
     9.4011   3.816882    750.698  795750001  0.000e+00
     9.3974   3.816436    750.631  795750601  0.000e+00
     9.3906   3.815880    750.672  795751201  0.000e+00
     9.4037   3.817059    750.678  795751801  0.000e+00
     9.3892   3.815728    750.740  795752401  0.000e+00
     9.3832   3.815252    750.693  795753001  0.000e+00
     9.3838   3.815319    750.740  795753601  0.000e+00
     9.3907   3.816033    750.781  795754201  0.000e+00
     9.3777   3.814818    750.822  795754801  0.000e+00
     9.3600   3.813103    750.843  795755401  0.000e+00
     9.3629   3.813457    750.925  795756001  0.000e+00
     9.3638   3.813469    750.940  795756601  0.000e+00
     9.3439   3.811583    751.022  795757201  0.000e+00
     9.3302   3.810278    751.125  795757801  0.000e+00
     9.3239   3.809649    751.182  795758401  0.000e+00
     9.3301   3.810259    751.326  795759001  0.000e+00
     9.3252   3.809887    751.393  795759601  0.000e+00
     9.3326   3.810583    751.538  795760201  0.000e+00
     9.3361   3.810980    751.661  795760801  0.000e+00
     9.3390   3.811211    751.723  795761401  0.000e+00
     9.3424   3.811608    751.985  795762001  0.000e+00
     9.3376   3.811291    752.068  795762601  0.000e+00
     9.3413   3.811761    752.259  795763201  0.000e+00
     9.3300   3.810724    752.465  795763801  0.000e+00
     9.3633   3.814294    752.609  795764401  0.000e+00
     9.3751   3.815735    752.862  795765001  0.000e+00
     9.3755   3.815228    753.062  795765601  0.000e+00
     9.3602   3.814355    753.310  795766201  0.000e+00
     9.3569   3.814014    753.536  795766801  0.000e+00
     9.3669   3.814508    753.748  795767401  0.000e+00
     9.3945   3.816199    753.784  795768001  0.000e+00
     9.3781   3.815302    754.016  795768601  0.000e+00
     9.3781   3.815228    754.051  795769201  0.000e+00
     9.3551   3.813733    754.113  795769801  0.000e+00
     9.3551   3.813648    754.154  795770401  0.000e+00
     9.3698   3.814563    754.231  795771001  0.000e+00
     9.3472   3.812616    754.237  795771601  0.000e+00
     9.3421   3.812018    754.237  795772201  0.000e+00
     9.3358   3.811554    754.154  795772801  0.000e+00
     9.3385   3.811682    754.160  795773401  0.000e+00
     9.3391   3.812000    754.025  795774001  0.000e+00
     9.3535   3.812909    753.948  795774601  0.000e+00
     9.3657   3.814117    753.887  795775201  0.000e+00
     9.3687   3.814355    753.769  795775801  0.000e+00
     9.3937   3.816291    753.660  795776401  0.000e+00
     9.4562   3.821836    753.444  795777001  0.000e+00
     9.4060   3.817365    753.362  795777601  0.000e+00
     9.3969   3.817103    753.130  795778201  0.000e+00
     9.4100   3.818373    752.929  795778801  0.000e+00
     9.4164   3.819050    752.723  795779401  0.000e+00
     9.4172   3.818861    752.573  795780001  0.000e+00
     9.4101   3.818122    752.388  795780601  0.000e+00
     9.3986   3.817328    752.306  795781201  0.000e+00
     9.4346   3.820638    752.126  795781801  0.000e+00
     9.4513   3.822123    752.084  795782401  0.000e+00
     9.4469   3.821994    751.966  795783001  0.000e+00
     9.4360   3.820944    751.796  795783601  0.000e+00
     9.4270   3.820058    751.667  795784201  0.000e+00
     9.4237   3.819758    751.528  795784801  0.000e+00
     9.3668   3.814642    751.461  795785401  0.000e+00
     9.3717   3.814764    751.420  795786001  0.000e+00
     9.4213   3.819508    751.316  795786601  0.000e+00
     9.4457   3.821823    751.281  795787201  0.000e+00
     9.4414   3.821389    751.198  795787801  0.000e+00
     9.4592   3.823020    751.122  795788401  0.000e+00
     9.4993   3.826589    751.060  795789001  0.000e+00
     9.4630   3.823485    750.998  795789601  0.000e+00
     9.4551   3.822568    750.951  795790201  0.000e+00
     9.4755   3.824456    750.951  795790801  0.000e+00
     9.4691   3.823961    750.833  795791401  0.000e+00
     9.4465   3.821585    750.833  795792001  0.000e+00
     9.4178   3.818579    750.719  795792601  0.000e+00
     9.4124   3.817999    750.760  795793201  0.000e+00
     9.4113   3.817975    750.801  795793801  0.000e+00
     9.4237   3.819074    750.781  795794401  0.000e+00
     9.4298   3.819673    750.745  795795001  0.000e+00
     9.4293   3.819599    750.781  795795601  0.000e+00
     9.4173   3.818414    750.781  795796201  0.000e+00
     9.4167   3.818305    750.807  795796801  0.000e+00
     9.4153   3.818146    750.760  795797401  0.000e+00
     9.4363   3.820204    750.889  795798001  0.000e+00
     9.4332   3.820070    750.848  795798601  0.000e+00
     9.4102   3.817779    750.951  795799201  0.000e+00
     9.4110   3.817706    750.966  795799801  0.000e+00
     9.3937   3.816516    751.069  795800401  0.000e+00
     9.3860   3.815881    751.090  795801001  0.000e+00
     9.3985   3.816882    751.193  795801601  0.000e+00
     9.4177   3.818885    751.255  795802201  0.000e+00
     9.4219   3.819325    751.425  795802801  0.000e+00
     9.3832   3.815893    751.584  795803401  0.000e+00
     9.3748   3.815087    751.708  795804001  0.000e+00
     9.3940   3.816754    751.826  795804601  0.000e+00
     9.3988   3.817371    751.991  795805201  0.000e+00
     9.4002   3.817536    752.161  795805801  0.000e+00
     9.3922   3.816913    752.326  795806401  0.000e+00
     9.3912   3.816950    752.512  795807001  0.000e+00
     9.3956   3.817206    752.718  795807601  0.000e+00
     9.3947   3.817133    752.883  795808201  0.000e+00
     9.3943   3.817035    753.135  795808801  0.000e+00
     9.4379   3.820614    753.362  795809401  0.000e+00
     9.4329   3.820101    753.609  795810001  0.000e+00
     9.4315   3.820004    753.795  795810601  0.000e+00
     9.4317   3.820046    753.995  795811201  0.000e+00
     9.4222   3.819314    754.139  795811801  0.000e+00
     9.4213   3.819253    754.304  795812401  0.000e+00
     9.4338   3.820315    754.413  795813001  0.000e+00
     9.4389   3.821085    754.516  795813601  0.000e+00
     9.4479   3.822063    754.598  795814201  0.000e+00
     9.4537   3.822783    754.701  795814801  0.000e+00
     9.4570   3.823120    754.722  795815401  0.000e+00
     9.4600   3.823333    754.722  795816001  0.000e+00
     9.4546   3.823309    754.681  795816601  0.000e+00
     9.4340   3.821543    754.660  795817201  0.000e+00
