odissea/data/moor/raw/ce25007/microcat/16363_data.cnv
* Sea-Bird SBE37SM-RS232  Data File:
* FileName = C:\CE25007_recovery_data\16363_data.hex
* Software version SeatermV2 2.8.0.119
* Temperature SN = 16363
* Conductivity SN = 16363
* System UpLoad Time = May 13 2025 17:46:10
* sample interval = 600 seconds
* <ApplicationData>
# nquan = 5
# nvalues = 46331                                 
# units = specified
# name 0 = tv290C: Temperature [ITS-90, deg C]
# name 1 = cond0S/m: Conductivity [S/m]
# name 2 = prdM: Pressure, Strain Gauge [db]
# name 3 = timeK: Time, Instrument [seconds]
# name 4 = flag:  0.000e+00
# span 0 =     7.3054,    19.1655                 
# span 1 =   0.001348,   4.127653                 
# span 2 =      0.521,    839.564                 
# span 3 =  772675201,  800473201                 
# span 4 = 0.0000e+00, 0.0000e+00                 
# interval = seconds: 600
# start_time = Jun 26 2024 00:00:01 [Instrument's time stamp, first data scan]
# bad_flag = -9.990e-29
*END*
[from data line 24572]
     7.4018   3.615656    806.675  787418401  0.000e+00
     7.4863   3.623731    805.177  787419001  0.000e+00
     7.6032   3.635656    803.232  787419601  0.000e+00
     7.6268   3.638716    800.957  787420201  0.000e+00
     7.6370   3.639710    798.511  787420801  0.000e+00
     7.6435   3.640314    796.093  787421401  0.000e+00
     7.6522   3.641134    793.874  787422001  0.000e+00
     7.7220   3.647852    791.985  787422601  0.000e+00
     7.7915   3.654647    789.600  787423201  0.000e+00
     7.8898   3.665183    787.264  787423801  0.000e+00
     7.9333   3.669232    784.921  787424401  0.000e+00
     7.9498   3.670722    782.489  787425001  0.000e+00
     7.9408   3.669855    780.332  787425601  0.000e+00
     7.9400   3.669620    778.209  787426201  0.000e+00
     7.9482   3.670311    776.251  787426801  0.000e+00
     7.9967   3.675011    774.156  787427401  0.000e+00
     8.0097   3.676352    772.075  787428001  0.000e+00
     7.9546   3.670002    770.000  787428601  0.000e+00
     7.9088   3.663332    767.906  787429201  0.000e+00
     7.9095   3.663229    766.216  787429801  0.000e+00
     7.9112   3.663186    764.768  787430401  0.000e+00
     7.9209   3.664075    763.497  787431001  0.000e+00
     7.9234   3.664327    762.405  787431601  0.000e+00
     7.9194   3.664002    761.492  787432201  0.000e+00
     7.9448   3.666927    760.427  787432801  0.000e+00
     7.9591   3.668375    759.438  787433401  0.000e+00
     7.9730   3.670292    758.325  787434001  0.000e+00
     7.9658   3.669312    757.589  787434601  0.000e+00
     7.9635   3.669066    757.136  787435201  0.000e+00
     7.9596   3.669174    756.662  787435801  0.000e+00
     7.9272   3.665917    756.347  787436401  0.000e+00
     7.9421   3.667232    755.997  787437001  0.000e+00
     7.9535   3.668332    755.873  787437601  0.000e+00
     7.9452   3.667647    755.811  787438201  0.000e+00
     7.9226   3.666019    755.888  787438801  0.000e+00
     7.9359   3.668302    756.017  787439401  0.000e+00
     7.9345   3.668152    756.135  787440001  0.000e+00
     7.9263   3.667161    756.320  787440601  0.000e+00
     7.9265   3.667293    756.547  787441201  0.000e+00
     7.9266   3.667563    756.938  787441801  0.000e+00
     7.9252   3.667179    757.639  787442401  0.000e+00
     7.9131   3.665323    758.236  787443001  0.000e+00
     7.9238   3.667113    758.848  787443601  0.000e+00
     7.9272   3.667811    759.520  787444201  0.000e+00
     7.9276   3.667967    760.365  787444801  0.000e+00
     7.9258   3.667962    761.554  787445401  0.000e+00
     7.9215   3.667638    762.734  787446001  0.000e+00
     7.9204   3.667536    763.929  787446601  0.000e+00
     7.9189   3.667470    765.186  787447201  0.000e+00
     7.9008   3.666119    766.437  787447801  0.000e+00
     7.8643   3.662774    768.106  787448401  0.000e+00
     7.8488   3.661105    770.016  787449001  0.000e+00
     7.8604   3.662367    772.241  787449601  0.000e+00
     7.8600   3.662458    774.543  787450201  0.000e+00
     7.8884   3.665077    776.905  787450801  0.000e+00
     7.8715   3.663865    779.144  787451401  0.000e+00
     7.8560   3.662352    781.562  787452001  0.000e+00
     7.8567   3.662521    783.740  787452601  0.000e+00
     7.8461   3.661657    785.924  787453201  0.000e+00
     7.8421   3.661382    787.985  787453801  0.000e+00
     7.8532   3.662559    790.273  787454401  0.000e+00
     7.8499   3.662368    792.869  787455001  0.000e+00
     7.8564   3.662975    795.054  787455601  0.000e+00
     7.8429   3.661883    797.341  787456201  0.000e+00
     7.8616   3.663668    799.196  787456801  0.000e+00
     7.8366   3.661452    800.742  787457401  0.000e+00
     7.8397   3.661801    801.937  787458001  0.000e+00
     7.8434   3.662227    802.549  787458601  0.000e+00
     7.7790   3.656182    803.147  787459201  0.000e+00
     7.7766   3.655918    803.683  787459801  0.000e+00
     7.7257   3.651413    804.068  787460401  0.000e+00
     7.7843   3.656675    804.095  787461001  0.000e+00
     7.7834   3.656609    803.971  787461601  0.000e+00
     7.7900   3.657227    803.553  787462201  0.000e+00
     7.7880   3.656974    802.817  787462801  0.000e+00
     7.7963   3.657766    801.890  787463401  0.000e+00
     7.7916   3.657310    800.777  787464001  0.000e+00
     7.7923   3.657309    799.520  787464601  0.000e+00
     7.8211   3.660022    797.788  787465201  0.000e+00
     7.8235   3.660201    795.377  787465801  0.000e+00
     7.9029   3.667703    793.199  787466401  0.000e+00
     7.9107   3.668741    790.773  787467001  0.000e+00
     7.9164   3.669155    788.156  787467601  0.000e+00
     7.9734   3.674017    785.896  787468201  0.000e+00
     7.8904   3.664761    783.581  787468801  0.000e+00
     7.8963   3.665349    780.937  787469401  0.000e+00
     7.9122   3.667343    778.636  787470001  0.000e+00
     7.9140   3.667576    776.369  787470601  0.000e+00
     7.9302   3.669781    774.129  787471201  0.000e+00
     7.8919   3.664523    772.227  787471801  0.000e+00
     7.8972   3.664282    770.399  787472401  0.000e+00
     7.8229   3.654627    768.388  787473001  0.000e+00
     7.8541   3.657447    766.410  787473601  0.000e+00
     7.8481   3.655790    764.385  787474201  0.000e+00
     7.8168   3.651355    762.654  787474801  0.000e+00
     7.8135   3.650755    761.185  787475401  0.000e+00
     7.8196   3.651270    760.078  787476001  0.000e+00
     7.8216   3.651456    759.075  787476601  0.000e+00
     7.8302   3.652536    758.286  787477201  0.000e+00
     7.8184   3.650916    757.585  787477801  0.000e+00
     7.8259   3.651743    757.111  787478401  0.000e+00
     7.8390   3.653423    756.623  787479001  0.000e+00
     7.8472   3.654419    756.335  787479601  0.000e+00
     7.8515   3.654911    756.026  787480201  0.000e+00
     7.8495   3.654845    755.896  787480801  0.000e+00
     7.8522   3.655163    755.861  787481401  0.000e+00
     7.8605   3.656369    755.799  787482001  0.000e+00
     7.8728   3.658428    755.820  787482601  0.000e+00
     7.8591   3.658314    755.764  787483201  0.000e+00
     7.8903   3.661928    755.943  787483801  0.000e+00
     7.8699   3.660187    756.114  787484401  0.000e+00
     7.8735   3.660734    756.541  787485001  0.000e+00
     7.8754   3.660914    756.794  787485601  0.000e+00
     7.8376   3.657144    757.179  787486201  0.000e+00
     7.8774   3.661184    757.550  787486801  0.000e+00
     7.9006   3.663557    757.948  787487401  0.000e+00
     7.8551   3.659149    758.442  787488001  0.000e+00
     7.8885   3.662452    758.931  787488601  0.000e+00
     7.9147   3.665185    759.499  787489201  0.000e+00
     7.9613   3.670269    760.221  787489801  0.000e+00
     7.9681   3.671087    761.010  787490401  0.000e+00
     7.9462   3.668881    761.951  787491001  0.000e+00
     7.9453   3.668863    763.167  787491601  0.000e+00
     7.9197   3.666256    764.212  787492201  0.000e+00
     7.8840   3.662418    765.262  787492801  0.000e+00
     7.8453   3.658708    766.334  787493401  0.000e+00
     7.8518   3.659243    767.482  787494001  0.000e+00
     7.8387   3.658055    769.006  787494601  0.000e+00
     7.8299   3.657563    770.614  787495201  0.000e+00
     7.8508   3.659605    772.406  787495801  0.000e+00
     7.8639   3.661100    774.487  787496401  0.000e+00
     7.8638   3.661203    776.589  787497001  0.000e+00
     7.8338   3.658850    778.671  787497601  0.000e+00
     7.8734   3.664670    780.799  787498201  0.000e+00
     7.8673   3.664130    783.245  787498801  0.000e+00
     7.8639   3.663362    785.739  787499401  0.000e+00
     7.8435   3.660817    788.109  787500001  0.000e+00
     7.7985   3.655715    790.143  787500601  0.000e+00
     7.7918   3.654834    791.647  787501201  0.000e+00
     7.7993   3.655854    792.986  787501801  0.000e+00
     7.7889   3.654685    794.429  787502401  0.000e+00
     7.7882   3.654727    795.487  787503001  0.000e+00
     7.7759   3.653221    796.339  787503601  0.000e+00
     7.7775   3.653383    796.572  787504201  0.000e+00
     7.7607   3.652124    796.799  787504801  0.000e+00
     7.7609   3.652076    796.999  787505401  0.000e+00
     7.7686   3.652298    796.710  787506001  0.000e+00
     7.8346   3.659265    796.243  787506601  0.000e+00
     7.8585   3.662129    795.631  787507201  0.000e+00
     7.9188   3.668208    794.936  787507801  0.000e+00
     7.9234   3.668983    794.180  787508401  0.000e+00
     7.8104   3.656256    793.205  787509001  0.000e+00
     7.8320   3.657906    791.612  787509601  0.000e+00
     7.8347   3.658122    789.957  787510201  0.000e+00
     7.8445   3.659154    788.247  787510801  0.000e+00
     7.8860   3.663621    786.749  787511401  0.000e+00
     7.9331   3.669268    785.195  787512001  0.000e+00
     7.9674   3.673259    783.381  787512601  0.000e+00
     7.9171   3.666412    781.650  787513201  0.000e+00
     7.9299   3.667073    779.796  787513801  0.000e+00
     7.9314   3.667090    777.818  787514401  0.000e+00
     7.9252   3.666452    776.025  787515001  0.000e+00
     7.9276   3.666578    774.267  787515601  0.000e+00
     7.9336   3.667040    772.495  787516201  0.000e+00
     7.9546   3.669016    770.770  787516801  0.000e+00
     8.0093   3.674300    769.260  787517401  0.000e+00
     8.2158   3.695490    767.698  787518001  0.000e+00
     8.1536   3.690157    766.144  787518601  0.000e+00
     8.1240   3.686881    764.696  787519201  0.000e+00
     8.2885   3.704359    763.534  787519801  0.000e+00
     8.3152   3.707484    762.412  787520401  0.000e+00
     8.3010   3.706000    761.561  787521001  0.000e+00
     8.3442   3.709989    760.888  787521601  0.000e+00
     8.3356   3.709493    760.214  787522201  0.000e+00
     8.3425   3.710012    759.631  787522801  0.000e+00
     8.3512   3.710881    759.095  787523401  0.000e+00
     8.3531   3.711159    758.771  787524001  0.000e+00
     8.3640   3.712487    758.642  787524601  0.000e+00
     8.3157   3.707598    758.621  787525201  0.000e+00
     8.2850   3.704273    758.718  787525801  0.000e+00
     8.1587   3.690908    758.877  787526401  0.000e+00
     8.2156   3.696717    759.165  787527001  0.000e+00
     8.1639   3.691553    759.413  787527601  0.000e+00
     8.1277   3.687842    759.709  787528201  0.000e+00
     8.1464   3.689770    759.957  787528801  0.000e+00
     8.1952   3.695199    760.354  787529401  0.000e+00
     8.2253   3.698635    760.896  787530001  0.000e+00
     8.1849   3.695260    761.755  787530601  0.000e+00
     8.2236   3.698907    762.668  787531201  0.000e+00
     8.2523   3.701464    763.492  787531801  0.000e+00
     8.2542   3.701663    764.028  787532401  0.000e+00
     8.2414   3.700427    764.858  787533001  0.000e+00
     8.2314   3.699234    765.924  787533601  0.000e+00
     8.1502   3.690893    767.051  787534201  0.000e+00
     8.1114   3.686581    768.493  787534801  0.000e+00
     8.0491   3.680147    769.985  787535401  0.000e+00
     7.9473   3.669702    771.450  787536001  0.000e+00
     7.7962   3.654587    773.045  787536601  0.000e+00
     7.7794   3.652830    774.846  787537201  0.000e+00
     7.7778   3.652951    777.112  787537801  0.000e+00
     7.7861   3.653791    779.359  787538401  0.000e+00
     7.7661   3.652244    781.419  787539001  0.000e+00
     7.7726   3.652917    783.548  787539601  0.000e+00
     7.7650   3.652510    785.499  787540201  0.000e+00
     7.7431   3.650813    787.622  787540801  0.000e+00
     7.7499   3.651318    789.724  787541401  0.000e+00
     7.7732   3.653442    792.300  787542001  0.000e+00
     7.7601   3.652477    794.670  787542601  0.000e+00
     7.7316   3.650127    796.855  787543201  0.000e+00
     7.7766   3.654201    799.334  787543801  0.000e+00
     7.7496   3.652162    801.368  787544401  0.000e+00
     7.6998   3.647838    802.845  787545001  0.000e+00
     7.7249   3.650285    804.453  787545601  0.000e+00
     7.7420   3.652055    806.026  787546201  0.000e+00
     7.7500   3.652518    807.345  787546801  0.000e+00
     7.7647   3.653982    808.520  787547401  0.000e+00
     7.7560   3.653286    809.447  787548001  0.000e+00
     7.7612   3.653683    810.540  787548601  0.000e+00
     7.7751   3.655081    811.653  787549201  0.000e+00
     7.7924   3.656822    812.628  787549801  0.000e+00
     7.8098   3.658629    813.384  787550401  0.000e+00
     7.8122   3.658905    813.452  787551001  0.000e+00
     7.8199   3.659655    813.363  787551601  0.000e+00
     7.8381   3.661733    813.459  787552201  0.000e+00
     7.7885   3.657170    812.834  787552801  0.000e+00
     7.7799   3.655957    811.494  787553401  0.000e+00
     7.7938   3.657175    809.825  787554001  0.000e+00
     7.9083   3.669360    807.914  787554601  0.000e+00
     7.9168   3.670388    806.051  787555201  0.000e+00
     7.9453   3.673212    804.361  787555801  0.000e+00
     7.9816   3.677030    802.156  787556401  0.000e+00
     7.9888   3.677854    799.895  787557001  0.000e+00
     8.0844   3.687935    797.841  787557601  0.000e+00
     8.1617   3.695362    795.648  787558201  0.000e+00
     8.1685   3.696018    793.346  787558801  0.000e+00
     8.1719   3.696078    790.887  787559401  0.000e+00
     8.1704   3.695908    788.894  787560001  0.000e+00
     8.1755   3.695431    786.916  787560601  0.000e+00
     8.1747   3.695165    784.855  787561201  0.000e+00
     8.1686   3.695165    782.691  787561801  0.000e+00
     8.1734   3.695761    780.686  787562401  0.000e+00
     8.1409   3.692964    779.058  787563001  0.000e+00
     8.1177   3.690656    777.410  787563601  0.000e+00
     8.1109   3.689842    775.720  787564201  0.000e+00
     8.1658   3.694541    774.098  787564801  0.000e+00
     8.1485   3.691473    772.340  787565401  0.000e+00
     8.1495   3.691304    770.445  787566001  0.000e+00
     8.1492   3.691345    768.879  787566601  0.000e+00
     8.1472   3.691068    767.669  787567201  0.000e+00
     8.2105   3.696641    766.536  787567801  0.000e+00
     8.2779   3.703871    765.429  787568401  0.000e+00
     8.2617   3.702339    764.302  787569001  0.000e+00
     8.2505   3.701006    763.890  787569601  0.000e+00
     8.2141   3.697454    763.946  787570201  0.000e+00
     8.2536   3.701355    763.643  787570801  0.000e+00
     8.2495   3.700909    763.231  787571401  0.000e+00
     8.2471   3.700619    762.860  787572001  0.000e+00
     8.3264   3.708522    762.365  787572601  0.000e+00
     8.3566   3.711903    761.959  787573201  0.000e+00
     8.3096   3.707327    761.568  787573801  0.000e+00
     8.2536   3.701717    761.547  787574401  0.000e+00
     8.2037   3.696809    761.761  787575001  0.000e+00
     8.1926   3.695465    762.209  787575601  0.000e+00
     8.1814   3.694223    762.586  787576201  0.000e+00
     8.1732   3.693338    763.239  787576801  0.000e+00
     8.1842   3.694398    763.898  787577401  0.000e+00
     8.1632   3.692398    764.537  787578001  0.000e+00
     8.1034   3.686682    765.238  787578601  0.000e+00
     8.0856   3.684786    766.173  787579201  0.000e+00
     8.0693   3.683342    767.445  787579801  0.000e+00
     8.0826   3.685064    769.161  787580401  0.000e+00
     8.1010   3.687750    771.098  787581001  0.000e+00
     8.0587   3.682730    772.891  787581601  0.000e+00
     8.0619   3.683037    774.313  787582201  0.000e+00
     8.0887   3.685675    775.776  787582801  0.000e+00
     8.0775   3.684766    777.300  787583401  0.000e+00
     8.0729   3.684640    779.176  787584001  0.000e+00
     8.0598   3.683551    781.072  787584601  0.000e+00
     8.0598   3.683606    783.209  787585201  0.000e+00
     8.0573   3.683553    785.317  787585801  0.000e+00
     8.0557   3.683475    787.171  787586401  0.000e+00
     8.0811   3.686209    789.150  787587001  0.000e+00
     8.0846   3.687932    791.128  787587601  0.000e+00
     8.0536   3.684910    793.224  787588201  0.000e+00
     8.0851   3.688223    795.559  787588801  0.000e+00
