odissea/data/moor/raw/ce25007/microcat/16363_data.cnv
* Sea-Bird SBE37SM-RS232  Data File:
* FileName = C:\CE25007_recovery_data\16363_data.hex
* Software version SeatermV2 2.8.0.119
* Temperature SN = 16363
* Conductivity SN = 16363
* System UpLoad Time = May 13 2025 17:46:10
* sample interval = 600 seconds
* <ApplicationData>
# nquan = 5
# nvalues = 46331                                 
# units = specified
# name 0 = tv290C: Temperature [ITS-90, deg C]
# name 1 = cond0S/m: Conductivity [S/m]
# name 2 = prdM: Pressure, Strain Gauge [db]
# name 3 = timeK: Time, Instrument [seconds]
# name 4 = flag:  0.000e+00
# span 0 =     7.3054,    19.1655                 
# span 1 =   0.001348,   4.127653                 
# span 2 =      0.521,    839.564                 
# span 3 =  772675201,  800473201                 
# span 4 = 0.0000e+00, 0.0000e+00                 
# interval = seconds: 600
# start_time = Jun 26 2024 00:00:01 [Instrument's time stamp, first data scan]
# bad_flag = -9.990e-29
*END*
[from data line 9429]
     9.2978   3.819077    753.896  778332601  0.000e+00
     9.3141   3.820848    754.211  778333201  0.000e+00
     9.3442   3.824092    754.422  778333801  0.000e+00
     9.3613   3.825632    754.649  778334401  0.000e+00
     9.3777   3.827515    754.937  778335001  0.000e+00
     9.3782   3.827741    755.273  778335601  0.000e+00
     9.2773   3.818668    755.514  778336201  0.000e+00
     9.3494   3.827791    755.694  778336801  0.000e+00
     9.3420   3.826629    755.824  778337401  0.000e+00
     9.2503   3.815249    755.900  778338001  0.000e+00
     9.2688   3.817362    756.086  778338601  0.000e+00
     9.3280   3.824802    756.348  778339201  0.000e+00
     9.2690   3.817643    756.580  778339801  0.000e+00
     9.3282   3.823647    756.622  778340401  0.000e+00
     9.4207   3.833441    756.921  778341001  0.000e+00
     9.4428   3.835423    757.066  778341601  0.000e+00
     9.4454   3.835313    757.215  778342201  0.000e+00
     9.4356   3.834071    757.324  778342801  0.000e+00
     9.4427   3.834261    757.483  778343401  0.000e+00
     9.4109   3.830597    757.498  778344001  0.000e+00
     9.4100   3.830347    757.478  778344601  0.000e+00
     9.4020   3.829931    757.539  778345201  0.000e+00
     9.4396   3.835870    757.566  778345801  0.000e+00
     9.4394   3.836090    757.566  778346401  0.000e+00
     9.4411   3.836188    757.581  778347001  0.000e+00
     9.4668   3.838667    757.416  778347601  0.000e+00
     9.4584   3.837222    757.262  778348201  0.000e+00
     9.4329   3.834016    757.133  778348801  0.000e+00
     9.3943   3.829002    757.251  778349401  0.000e+00
     9.3897   3.828378    757.189  778350001  0.000e+00
     9.3876   3.828427    757.060  778350601  0.000e+00
     9.3908   3.828518    756.977  778351201  0.000e+00
     9.3865   3.828164    756.777  778351801  0.000e+00
     9.3893   3.828561    756.571  778352401  0.000e+00
     9.3776   3.827314    756.215  778353001  0.000e+00
     9.3783   3.827081    755.912  778353601  0.000e+00
     9.3826   3.827466    755.700  778354201  0.000e+00
     9.3910   3.827870    755.479  778354801  0.000e+00
     9.4004   3.827717    755.314  778355401  0.000e+00
     9.4017   3.827539    755.293  778356001  0.000e+00
     9.3957   3.828340    755.108  778356601  0.000e+00
     9.3933   3.828805    754.793  778357201  0.000e+00
     9.3980   3.829129    754.696  778357801  0.000e+00
     9.3982   3.829337    754.495  778358401  0.000e+00
     9.4035   3.830003    754.346  778359001  0.000e+00
     9.4026   3.829563    754.139  778359601  0.000e+00
     9.4149   3.830914    753.960  778360201  0.000e+00
     9.4090   3.829899    753.727  778360801  0.000e+00
     9.4107   3.830009    753.562  778361401  0.000e+00
     9.4640   3.837037    753.341  778362001  0.000e+00
     9.4768   3.839338    753.265  778362601  0.000e+00
     9.4257   3.831819    753.238  778363201  0.000e+00
     9.4219   3.831054    753.177  778363801  0.000e+00
     9.4350   3.832956    752.944  778364401  0.000e+00
     9.4266   3.831703    752.826  778365001  0.000e+00
     9.4261   3.831262    752.703  778365601  0.000e+00
     9.4689   3.836406    752.600  778366201  0.000e+00
     9.4627   3.838249    752.605  778366801  0.000e+00
     9.4574   3.835978    752.502  778367401  0.000e+00
     9.4864   3.839087    752.482  778368001  0.000e+00
     9.4294   3.831708    752.373  778368601  0.000e+00
     9.4716   3.838554    752.373  778369201  0.000e+00
     9.4803   3.838267    752.234  778369801  0.000e+00
     9.4587   3.835146    752.255  778370401  0.000e+00
     9.5155   3.842588    752.193  778371001  0.000e+00
     9.5086   3.842258    752.214  778371601  0.000e+00
     9.4702   3.838701    752.240  778372201  0.000e+00
     9.4752   3.839926    752.317  778372801  0.000e+00
     9.4750   3.839895    752.332  778373401  0.000e+00
     9.4764   3.839999    752.420  778374001  0.000e+00
     9.4802   3.840170    752.440  778374601  0.000e+00
     9.4755   3.839326    752.476  778375201  0.000e+00
     9.4789   3.839717    752.661  778375801  0.000e+00
     9.4825   3.840464    752.811  778376401  0.000e+00
     9.4776   3.840238    752.971  778377001  0.000e+00
     9.4760   3.840330    753.059  778377601  0.000e+00
     9.4837   3.840777    753.259  778378201  0.000e+00
     9.4871   3.840973    753.491  778378801  0.000e+00
     9.4865   3.841083    753.754  778379401  0.000e+00
     9.4712   3.840079    754.006  778380001  0.000e+00
     9.4747   3.840294    754.109  778380601  0.000e+00
     9.4825   3.840961    754.295  778381201  0.000e+00
     9.4086   3.833734    754.454  778381801  0.000e+00
     9.4610   3.838819    754.831  778382401  0.000e+00
     9.4982   3.842290    755.181  778383001  0.000e+00
     9.5040   3.842804    755.351  778383601  0.000e+00
     9.5022   3.842767    755.655  778384201  0.000e+00
     9.4704   3.840043    755.923  778384801  0.000e+00
     9.4810   3.840888    756.191  778385401  0.000e+00
     9.4969   3.842143    756.582  778386001  0.000e+00
     9.4800   3.840943    756.974  778386601  0.000e+00
     9.4910   3.841341    757.262  778387201  0.000e+00
     9.4496   3.835699    757.318  778387801  0.000e+00
     9.3845   3.828348    757.607  778388401  0.000e+00
     9.4027   3.830989    757.725  778389001  0.000e+00
     9.3468   3.824259    757.802  778389601  0.000e+00
     9.3191   3.821717    757.802  778390201  0.000e+00
     9.2934   3.819286    757.734  778390801  0.000e+00
     9.3644   3.826948    757.534  778391401  0.000e+00
     9.3551   3.825145    757.472  778392001  0.000e+00
     9.3601   3.825450    757.431  778392601  0.000e+00
     9.3665   3.826025    757.493  778393201  0.000e+00
     9.3751   3.826972    757.410  778393801  0.000e+00
     9.3732   3.826452    757.431  778394401  0.000e+00
     9.3754   3.826477    757.395  778395001  0.000e+00
     9.3142   3.819597    757.328  778395601  0.000e+00
     9.2693   3.814065    757.131  778396201  0.000e+00
     9.3792   3.825908    756.874  778396801  0.000e+00
     9.3387   3.821179    756.421  778397401  0.000e+00
     8.9671   3.780679    756.027  778398001  0.000e+00
     8.9024   3.772920    755.675  778398601  0.000e+00
     8.9715   3.779735    755.463  778399201  0.000e+00
     8.9738   3.780307    755.310  778399801  0.000e+00
     8.9124   3.773680    755.057  778400401  0.000e+00
     8.5934   3.737464    754.842  778401001  0.000e+00
     8.7864   3.757884    754.816  778401601  0.000e+00
     8.8412   3.764512    754.771  778402201  0.000e+00
     8.8441   3.764633    754.607  778402801  0.000e+00
     8.8368   3.763929    754.401  778403401  0.000e+00
     8.9140   3.772099    754.324  778404001  0.000e+00
     8.7625   3.755778    754.194  778404601  0.000e+00
     8.8360   3.763127    754.024  778405201  0.000e+00
     9.1097   3.793971    753.955  778405801  0.000e+00
     9.0851   3.791194    753.879  778406401  0.000e+00
     8.7788   3.757525    753.721  778407001  0.000e+00
     8.8001   3.759497    753.797  778407601  0.000e+00
     8.9072   3.770944    753.679  778408201  0.000e+00
     8.8225   3.762375    753.562  778408801  0.000e+00
     8.7748   3.757022    753.473  778409401  0.000e+00
     8.7692   3.756294    753.488  778410001  0.000e+00
     8.6921   3.748059    753.544  778410601  0.000e+00
     8.6047   3.738202    753.635  778411201  0.000e+00
     8.6576   3.743889    753.656  778411801  0.000e+00
     8.6930   3.746992    753.621  778412401  0.000e+00
     8.6999   3.747749    753.544  778413001  0.000e+00
     8.6591   3.743659    753.491  778413601  0.000e+00
     8.6065   3.738178    753.450  778414201  0.000e+00
     8.5892   3.736077    753.320  778414801  0.000e+00
     8.5778   3.734715    753.279  778415401  0.000e+00
     8.5875   3.735804    753.320  778416001  0.000e+00
     8.5938   3.736543    753.382  778416601  0.000e+00
     8.5762   3.734454    753.397  778417201  0.000e+00
     8.5359   3.730497    753.417  778417801  0.000e+00
     8.4306   3.718882    753.488  778418401  0.000e+00
     8.4312   3.718967    753.653  778419001  0.000e+00
     8.4423   3.720121    753.797  778419601  0.000e+00
     8.4376   3.719577    753.997  778420201  0.000e+00
     8.4479   3.720562    754.147  778420801  0.000e+00
     8.4458   3.720611    754.292  778421401  0.000e+00
     8.4609   3.722442    754.559  778422001  0.000e+00
     8.4717   3.723246    754.745  778422601  0.000e+00
     8.5274   3.728858    755.060  778423201  0.000e+00
     8.5114   3.727449    755.348  778423801  0.000e+00
     8.4967   3.726016    755.575  778424401  0.000e+00
     8.4777   3.724021    755.863  778425001  0.000e+00
     8.4928   3.725575    756.167  778425601  0.000e+00
     8.4870   3.725024    756.537  778426201  0.000e+00
     8.4635   3.722594    756.888  778426801  0.000e+00
     8.4638   3.722884    757.156  778427401  0.000e+00
     8.4496   3.721700    757.444  778428001  0.000e+00
     8.4482   3.721603    757.753  778428601  0.000e+00
     8.4271   3.719325    758.021  778429201  0.000e+00
     8.4270   3.719990    758.303  778429801  0.000e+00
     8.4537   3.723435    758.757  778430401  0.000e+00
     8.4364   3.721604    759.304  778431001  0.000e+00
     8.5707   3.736812    759.614  778431601  0.000e+00
     8.8282   3.766409    760.017  778432201  0.000e+00
     9.0171   3.789657    760.176  778432801  0.000e+00
     9.0147   3.789608    760.229  778433401  0.000e+00
     9.1632   3.807726    760.287  778434001  0.000e+00
     8.9654   3.784684    760.261  778434601  0.000e+00
     8.8336   3.767715    760.114  778435201  0.000e+00
     8.7657   3.761248    759.958  778435801  0.000e+00
     8.5749   3.740754    759.726  778436401  0.000e+00
     8.2792   3.704430    759.560  778437001  0.000e+00
     8.2689   3.703133    759.322  778437601  0.000e+00
     8.3831   3.714879    758.936  778438201  0.000e+00
     8.4267   3.719404    758.454  778438801  0.000e+00
     8.5115   3.728055    757.903  778439401  0.000e+00
     8.5350   3.730601    757.332  778440001  0.000e+00
     8.5265   3.729597    756.755  778440601  0.000e+00
     8.5259   3.729621    756.379  778441201  0.000e+00
     8.5427   3.731278    756.075  778441801  0.000e+00
     8.5560   3.732646    755.884  778442401  0.000e+00
     8.5692   3.734098    755.772  778443001  0.000e+00
     8.5884   3.736192    755.463  778443601  0.000e+00
     8.8810   3.769797    755.201  778444201  0.000e+00
     8.9626   3.780861    754.927  778444801  0.000e+00
     8.9827   3.783251    754.659  778445401  0.000e+00
     9.0193   3.787883    754.439  778446001  0.000e+00
     9.0114   3.786458    754.362  778446601  0.000e+00
     9.0165   3.787134    754.176  778447201  0.000e+00
     9.0452   3.791122    753.935  778447801  0.000e+00
     9.0335   3.789721    753.702  778448401  0.000e+00
     9.0497   3.790896    753.502  778449001  0.000e+00
     9.0706   3.792735    753.502  778449601  0.000e+00
     9.0746   3.793874    753.317  778450201  0.000e+00
     9.0608   3.791694    753.131  778450801  0.000e+00
     8.8833   3.770592    752.996  778451401  0.000e+00
     8.8698   3.767566    752.887  778452001  0.000e+00
     9.0601   3.790628    752.713  778452601  0.000e+00
     9.0289   3.787139    752.740  778453201  0.000e+00
     8.9049   3.772214    752.728  778453801  0.000e+00
     8.8836   3.768903    752.758  778454401  0.000e+00
     8.9870   3.781316    752.764  778455001  0.000e+00
     9.1049   3.796085    752.637  778455601  0.000e+00
     9.1173   3.797474    752.622  778456201  0.000e+00
     9.0457   3.788618    752.637  778456801  0.000e+00
     9.0626   3.790670    752.554  778457401  0.000e+00
     9.0847   3.792387    752.549  778458001  0.000e+00
     9.1208   3.796024    752.451  778458601  0.000e+00
     9.1683   3.801771    752.416  778459201  0.000e+00
     9.2603   3.810749    752.422  778459801  0.000e+00
     9.2203   3.807692    752.350  778460401  0.000e+00
     9.2217   3.808363    752.365  778461001  0.000e+00
     9.2701   3.814289    752.433  778461601  0.000e+00
     9.2973   3.817366    752.453  778462201  0.000e+00
     9.4464   3.833348    752.532  778462801  0.000e+00
     9.4744   3.836670    752.579  778463401  0.000e+00
     9.3973   3.829238    752.697  778464001  0.000e+00
     9.2746   3.815962    752.871  778464601  0.000e+00
     9.4436   3.834480    753.047  778465201  0.000e+00
     9.4609   3.836235    753.177  778465801  0.000e+00
     9.3546   3.825223    753.315  778466401  0.000e+00
     9.3042   3.819516    753.469  778467001  0.000e+00
     9.2758   3.816414    753.649  778467601  0.000e+00
     9.3367   3.823921    753.902  778468201  0.000e+00
     9.2951   3.818625    754.169  778468801  0.000e+00
     9.2931   3.818265    754.458  778469401  0.000e+00
     9.3470   3.824991    754.664  778470001  0.000e+00
     9.3491   3.825786    755.061  778470601  0.000e+00
     9.3539   3.826269    755.535  778471201  0.000e+00
     9.3549   3.826397    755.906  778471801  0.000e+00
     9.3326   3.824234    756.277  778472401  0.000e+00
     9.3389   3.824668    756.545  778473001  0.000e+00
     9.3367   3.824295    756.786  778473601  0.000e+00
     9.3240   3.822920    757.101  778474201  0.000e+00
     9.3147   3.821845    757.425  778474801  0.000e+00
     9.3032   3.820758    757.775  778475401  0.000e+00
     9.3198   3.822395    758.167  778476001  0.000e+00
     9.3146   3.822414    758.517  778476601  0.000e+00
     9.2948   3.819915    758.723  778477201  0.000e+00
     9.3184   3.822878    759.012  778477801  0.000e+00
     9.3563   3.828086    759.162  778478401  0.000e+00
     9.3112   3.821803    759.238  778479001  0.000e+00
     9.3322   3.824461    759.135  778479601  0.000e+00
     9.2975   3.819726    759.156  778480201  0.000e+00
     9.3093   3.820343    759.177  778480801  0.000e+00
     9.3248   3.821968    759.094  778481401  0.000e+00
     9.3095   3.820624    758.929  778482001  0.000e+00
     9.3145   3.820660    758.703  778482601  0.000e+00
     9.3644   3.825188    758.379  778483201  0.000e+00
     9.3676   3.825383    757.869  778483801  0.000e+00
     9.3671   3.825291    757.410  778484401  0.000e+00
     9.3609   3.824710    756.895  778485001  0.000e+00
     9.3596   3.824490    756.565  778485601  0.000e+00
     9.3355   3.822572    756.236  778486201  0.000e+00
     9.3498   3.823494    755.865  778486801  0.000e+00
     9.3349   3.822577    755.329  778487401  0.000e+00
     9.3188   3.821288    755.020  778488001  0.000e+00
     9.3274   3.821972    754.746  778488601  0.000e+00
     9.3548   3.824147    754.417  778489201  0.000e+00
     9.3512   3.823860    754.134  778489801  0.000e+00
     9.3366   3.823084    753.928  778490401  0.000e+00
     9.3355   3.823029    753.742  778491001  0.000e+00
     9.3458   3.823450    753.474  778491601  0.000e+00
     9.3570   3.824459    753.289  778492201  0.000e+00
     9.3479   3.824086    753.083  778492801  0.000e+00
     9.3394   3.823982    752.980  778493401  0.000e+00
     9.3417   3.824220    752.815  778494001  0.000e+00
     9.3462   3.824691    752.753  778494601  0.000e+00
     9.3471   3.824721    752.588  778495201  0.000e+00
     9.3478   3.824764    752.527  778495801  0.000e+00
     9.3475   3.824923    752.485  778496401  0.000e+00
     9.2983   3.820102    752.377  778497001  0.000e+00
     9.3624   3.827643    752.315  778497601  0.000e+00
     9.3842   3.830938    752.279  778498201  0.000e+00
     9.3964   3.831770    752.306  778498801  0.000e+00
     9.3643   3.826921    752.300  778499401  0.000e+00
     9.3696   3.827337    752.238  778500001  0.000e+00
     9.3711   3.827612    752.176  778500601  0.000e+00
     9.3717   3.827630    752.238  778501201  0.000e+00
     9.3851   3.829134    752.238  778501801  0.000e+00
     9.3976   3.830467    752.285  778502401  0.000e+00
     9.3868   3.829556    752.326  778503001  0.000e+00
