odissea/data/moor/raw/ce25007/microcat/16363_data.cnv
* Sea-Bird SBE37SM-RS232  Data File:
* FileName = C:\CE25007_recovery_data\16363_data.hex
* Software version SeatermV2 2.8.0.119
* Temperature SN = 16363
* Conductivity SN = 16363
* System UpLoad Time = May 13 2025 17:46:10
* sample interval = 600 seconds
* <ApplicationData>
# nquan = 5
# nvalues = 46331                                 
# units = specified
# name 0 = tv290C: Temperature [ITS-90, deg C]
# name 1 = cond0S/m: Conductivity [S/m]
# name 2 = prdM: Pressure, Strain Gauge [db]
# name 3 = timeK: Time, Instrument [seconds]
# name 4 = flag:  0.000e+00
# span 0 =     7.3054,    19.1655                 
# span 1 =   0.001348,   4.127653                 
# span 2 =      0.521,    839.564                 
# span 3 =  772675201,  800473201                 
# span 4 = 0.0000e+00, 0.0000e+00                 
# interval = seconds: 600
# start_time = Jun 26 2024 00:00:01 [Instrument's time stamp, first data scan]
# bad_flag = -9.990e-29
*END*
[from data line 10858]
     8.9451   3.771455    754.995  779190001  0.000e+00
     8.9742   3.773904    754.701  779190601  0.000e+00
     9.0012   3.776767    754.418  779191201  0.000e+00
     8.9529   3.772494    754.088  779191801  0.000e+00
     8.9543   3.772670    753.656  779192401  0.000e+00
     8.9451   3.772056    753.361  779193001  0.000e+00
     8.9504   3.772621    753.135  779193601  0.000e+00
     8.9537   3.772536    752.867  779194201  0.000e+00
     9.0163   3.778262    752.646  779194801  0.000e+00
     8.9892   3.775933    752.487  779195401  0.000e+00
     9.0128   3.777861    752.316  779196001  0.000e+00
     9.0639   3.782696    752.225  779196601  0.000e+00
     9.0582   3.782361    752.060  779197201  0.000e+00
     9.0420   3.781090    751.972  779197801  0.000e+00
     8.9410   3.771247    751.863  779198401  0.000e+00
     8.9556   3.772432    751.754  779199001  0.000e+00
     9.0389   3.780390    751.663  779199601  0.000e+00
     9.0540   3.781966    751.668  779200201  0.000e+00
     9.0497   3.781607    751.580  779200801  0.000e+00
     8.9749   3.774626    751.560  779201401  0.000e+00
     8.9669   3.773538    751.513  779202001  0.000e+00
     9.0107   3.777574    751.368  779202601  0.000e+00
     9.0538   3.781826    751.436  779203201  0.000e+00
     8.9185   3.768975    751.327  779203801  0.000e+00
     8.8969   3.766496    751.260  779204401  0.000e+00
     8.9352   3.769868    751.383  779205001  0.000e+00
     9.0097   3.777441    751.354  779205601  0.000e+00
     8.9593   3.772486    751.307  779206201  0.000e+00
     8.8968   3.766448    751.301  779206801  0.000e+00
     8.8963   3.766302    751.321  779207401  0.000e+00
     8.9364   3.769679    751.316  779208001  0.000e+00
     9.0360   3.780165    751.395  779208601  0.000e+00
     8.9288   3.769418    751.410  779209201  0.000e+00
     8.9742   3.773453    751.507  779209801  0.000e+00
     9.0529   3.781631    751.704  779210401  0.000e+00
     9.0449   3.781035    751.751  779211001  0.000e+00
     8.9537   3.771599    751.698  779211601  0.000e+00
     9.0158   3.777733    751.904  779212201  0.000e+00
     8.9783   3.774176    752.033  779212801  0.000e+00
     9.0040   3.776608    752.151  779213401  0.000e+00
     8.9847   3.774608    752.260  779214001  0.000e+00
     8.9387   3.770257    752.502  779214601  0.000e+00
     8.9432   3.770360    752.681  779215201  0.000e+00
     8.9689   3.772985    752.846  779215801  0.000e+00
     8.9829   3.774444    753.064  779216401  0.000e+00
     8.9076   3.767329    753.299  779217001  0.000e+00
     8.8838   3.765161    753.562  779217601  0.000e+00
     8.9850   3.773976    753.871  779218201  0.000e+00
     8.9816   3.774274    754.150  779218801  0.000e+00
     8.9493   3.771515    754.377  779219401  0.000e+00
     8.9222   3.768854    754.768  779220001  0.000e+00
     8.8765   3.765131    755.071  779220601  0.000e+00
     8.8460   3.761598    755.451  779221201  0.000e+00
     8.9194   3.768417    755.746  779221801  0.000e+00
     8.9221   3.768909    756.122  779222401  0.000e+00
     8.9138   3.768296    756.431  779223001  0.000e+00
     8.9041   3.767336    756.673  779223601  0.000e+00
     8.8756   3.764658    756.802  779224201  0.000e+00
     8.8795   3.765053    756.961  779224801  0.000e+00
     8.8642   3.763711    757.132  779225401  0.000e+00
     8.8868   3.765909    757.347  779226001  0.000e+00
     8.8512   3.762527    757.373  779226601  0.000e+00
     8.7621   3.753923    757.409  779227201  0.000e+00
     8.7811   3.755785    757.424  779227801  0.000e+00
     8.8239   3.759911    757.382  779228401  0.000e+00
     8.8859   3.765879    757.106  779229001  0.000e+00
     8.9131   3.768497    756.823  779229601  0.000e+00
     8.9137   3.768867    756.617  779230201  0.000e+00
     8.8599   3.763589    756.379  779230801  0.000e+00
     8.9115   3.768381    756.096  779231401  0.000e+00
     8.9657   3.773783    755.875  779232001  0.000e+00
     8.8419   3.761477    755.545  779232601  0.000e+00
     8.8427   3.761088    755.307  779233201  0.000e+00
     8.8785   3.764585    755.019  779233801  0.000e+00
     8.9695   3.773612    754.742  779234401  0.000e+00
     9.0130   3.777855    754.465  779235001  0.000e+00
     8.9403   3.770987    754.109  779235601  0.000e+00
     8.9289   3.769480    753.862  779236201  0.000e+00
     8.9308   3.769540    753.588  779236801  0.000e+00
     8.9313   3.769656    753.320  779237401  0.000e+00
     8.9488   3.770950    753.161  779238001  0.000e+00
     8.9669   3.772651    752.955  779238601  0.000e+00
     8.9801   3.773836    752.708  779239201  0.000e+00
     8.9530   3.771253    752.578  779239801  0.000e+00
     8.9516   3.771065    752.419  779240401  0.000e+00
     8.9600   3.771770    752.228  779241001  0.000e+00
     8.9535   3.771168    752.146  779241601  0.000e+00
     8.9516   3.770974    752.069  779242201  0.000e+00
     8.9506   3.771138    752.022  779242801  0.000e+00
     8.9287   3.768944    751.919  779243401  0.000e+00
     8.9278   3.768774    751.837  779244001  0.000e+00
     8.9383   3.769813    751.754  779244601  0.000e+00
     8.9497   3.770840    751.692  779245201  0.000e+00
     8.9484   3.770785    751.616  779245801  0.000e+00
     8.9303   3.769102    751.548  779246401  0.000e+00
     8.8949   3.765913    751.616  779247001  0.000e+00
     8.9354   3.769539    751.507  779247601  0.000e+00
     8.8915   3.765531    751.486  779248201  0.000e+00
     8.8538   3.762003    751.501  779248801  0.000e+00
     8.8705   3.763363    751.501  779249401  0.000e+00
     8.9446   3.770408    751.445  779250001  0.000e+00
     8.9626   3.772365    751.471  779250601  0.000e+00
     8.9359   3.770001    751.548  779251201  0.000e+00
     8.8844   3.764960    751.563  779251801  0.000e+00
     8.8946   3.765798    751.583  779252401  0.000e+00
     8.9658   3.772353    751.733  779253001  0.000e+00
     8.9571   3.771642    751.657  779253601  0.000e+00
     8.9074   3.767098    751.769  779254201  0.000e+00
     8.8884   3.765355    751.940  779254801  0.000e+00
     8.8775   3.764140    752.052  779255401  0.000e+00
     8.8958   3.765956    752.187  779256001  0.000e+00
     8.8971   3.765968    752.284  779256601  0.000e+00
     8.8280   3.759946    752.484  779257201  0.000e+00
     8.8062   3.758496    752.561  779257801  0.000e+00
     8.8362   3.761221    752.717  779258401  0.000e+00
     8.8783   3.764086    753.020  779259001  0.000e+00
     8.8574   3.762927    753.294  779259601  0.000e+00
     8.8230   3.759910    753.638  779260201  0.000e+00
     8.8262   3.760110    753.988  779260801  0.000e+00
     8.8427   3.761743    754.292  779261401  0.000e+00
     8.8460   3.761828    754.792  779262001  0.000e+00
     8.8208   3.759334    755.095  779262601  0.000e+00
     8.8086   3.758114    755.472  779263201  0.000e+00
     8.8298   3.760542    755.657  779263801  0.000e+00
     8.8148   3.759189    755.822  779264401  0.000e+00
     8.8266   3.760809    756.090  779265001  0.000e+00
     8.8258   3.760676    756.296  779265601  0.000e+00
     8.8275   3.760791    756.564  779266201  0.000e+00
     8.8333   3.761307    756.811  779266801  0.000e+00
     8.8333   3.761356    757.270  779267401  0.000e+00
     8.8471   3.762710    757.600  779268001  0.000e+00
     8.8502   3.763086    757.903  779268601  0.000e+00
     8.8649   3.764525    758.239  779269201  0.000e+00
     8.8710   3.765066    758.548  779269801  0.000e+00
     8.8696   3.765023    758.836  779270401  0.000e+00
     8.8812   3.766062    758.960  779271001  0.000e+00
     8.8888   3.765406    759.022  779271601  0.000e+00
     8.8834   3.764963    759.007  779272201  0.000e+00
     8.9041   3.768072    758.878  779272801  0.000e+00
     8.9202   3.769439    758.733  779273401  0.000e+00
     8.9324   3.770721    758.518  779274001  0.000e+00
     8.9141   3.768953    758.204  779274601  0.000e+00
     8.9234   3.769560    757.936  779275201  0.000e+00
     8.9445   3.771541    757.585  779275801  0.000e+00
     8.9151   3.769189    757.132  779276401  0.000e+00
     8.9403   3.771133    756.720  779277001  0.000e+00
     8.9398   3.771364    756.308  779277601  0.000e+00
     8.9458   3.772908    755.922  779278201  0.000e+00
     8.9349   3.771905    755.628  779278801  0.000e+00
     8.9787   3.776020    755.345  779279401  0.000e+00
     8.9970   3.776864    754.995  779280001  0.000e+00
     9.0024   3.777545    754.624  779280601  0.000e+00
     8.9756   3.774895    754.382  779281201  0.000e+00
     8.9534   3.773734    754.150  779281801  0.000e+00
     8.9701   3.775344    753.841  779282401  0.000e+00
     8.9900   3.777728    753.614  779283001  0.000e+00
     9.0179   3.780744    753.352  779283601  0.000e+00
     9.0318   3.782228    753.167  779284201  0.000e+00
     9.0562   3.783907    752.878  779284801  0.000e+00
     9.0516   3.783901    752.796  779285401  0.000e+00
     9.0619   3.784686    752.657  779286001  0.000e+00
     9.0943   3.787912    752.554  779286601  0.000e+00
     9.0812   3.786670    752.369  779287201  0.000e+00
     9.0501   3.783524    752.307  779287801  0.000e+00
     9.1081   3.789117    752.251  779288401  0.000e+00
     9.1371   3.792003    752.127  779289001  0.000e+00
     9.1099   3.789446    752.051  779289601  0.000e+00
     9.1397   3.792417    751.948  779290201  0.000e+00
     9.1334   3.791979    751.880  779290801  0.000e+00
     9.1278   3.791461    751.777  779291401  0.000e+00
     9.1615   3.794713    751.865  779292001  0.000e+00
     9.1965   3.797802    751.927  779292601  0.000e+00
     9.1672   3.795414    751.948  779293201  0.000e+00
     9.1172   3.790712    751.906  779293801  0.000e+00
     9.1146   3.790468    751.818  779294401  0.000e+00
     9.0461   3.783536    751.818  779295001  0.000e+00
     8.9993   3.778359    751.827  779295601  0.000e+00
     8.9963   3.778019    751.827  779296201  0.000e+00
     9.0066   3.779040    751.951  779296801  0.000e+00
     9.0094   3.779332    751.992  779297401  0.000e+00
     9.0260   3.780950    752.054  779298001  0.000e+00
     9.0313   3.781705    752.178  779298601  0.000e+00
     9.0274   3.781388    752.260  779299201  0.000e+00
     9.0743   3.785933    752.390  779299801  0.000e+00
     9.0745   3.786207    752.560  779300401  0.000e+00
     9.0899   3.787492    752.657  779301001  0.000e+00
     9.0874   3.787340    752.766  779301601  0.000e+00
     9.0414   3.782922    752.863  779302201  0.000e+00
     9.0736   3.785733    753.043  779302801  0.000e+00
     9.0925   3.787699    753.214  779303401  0.000e+00
     9.0601   3.784668    753.420  779304001  0.000e+00
     9.0611   3.785149    753.646  779304601  0.000e+00
     9.0708   3.787224    753.708  779305201  0.000e+00
     9.0044   3.780683    753.847  779305801  0.000e+00
     9.0851   3.788119    754.135  779306401  0.000e+00
     9.1139   3.789714    754.312  779307001  0.000e+00
     9.1061   3.789721    754.600  779307601  0.000e+00
     9.0971   3.788893    754.924  779308201  0.000e+00
     9.0980   3.788844    755.177  779308801  0.000e+00
     9.0911   3.788174    755.398  779309401  0.000e+00
     9.0845   3.787268    755.501  779310001  0.000e+00
     9.0757   3.786093    755.610  779310601  0.000e+00
     9.0683   3.785192    755.707  779311201  0.000e+00
     9.0608   3.784115    755.851  779311801  0.000e+00
     9.0570   3.783622    755.928  779312401  0.000e+00
     9.0542   3.783336    756.119  779313001  0.000e+00
     9.0547   3.783233    756.284  779313601  0.000e+00
     9.0514   3.783111    756.325  779314201  0.000e+00
     9.0295   3.781104    756.464  779314801  0.000e+00
     9.0461   3.782631    756.546  779315401  0.000e+00
     9.0316   3.781384    756.443  779316001  0.000e+00
     9.0295   3.780982    756.299  779316601  0.000e+00
     9.0271   3.780581    756.258  779317201  0.000e+00
     9.0665   3.784389    756.134  779317801  0.000e+00
     9.0653   3.784322    756.057  779318401  0.000e+00
     9.0769   3.785442    755.934  779319001  0.000e+00
     9.0935   3.787067    755.789  779319601  0.000e+00
     9.1117   3.788765    755.439  779320201  0.000e+00
     9.0633   3.784352    755.136  779320801  0.000e+00
     9.0509   3.782947    754.886  779321401  0.000e+00
     9.0733   3.785192    754.718  779322001  0.000e+00
     9.0947   3.787480    754.559  779322601  0.000e+00
     9.1023   3.788290    754.306  779323201  0.000e+00
     9.1125   3.789465    754.126  779323801  0.000e+00
     9.1221   3.790372    753.941  779324401  0.000e+00
     9.1577   3.793788    753.735  779325001  0.000e+00
     9.1472   3.792978    753.529  779325601  0.000e+00
     9.1447   3.792765    753.266  779326201  0.000e+00
     9.1555   3.793763    753.096  779326801  0.000e+00
     9.0288   3.781425    753.013  779327401  0.000e+00
     8.9674   3.774402    752.873  779328001  0.000e+00
     9.0867   3.786049    752.728  779328601  0.000e+00
     9.0157   3.779442    752.590  779329201  0.000e+00
     8.9772   3.775295    752.481  779329801  0.000e+00
     9.0704   3.784972    752.363  779330401  0.000e+00
     9.1755   3.795542    752.354  779331001  0.000e+00
     9.0835   3.787065    752.313  779331601  0.000e+00
     9.0668   3.785033    752.163  779332201  0.000e+00
     9.0877   3.787285    752.142  779332801  0.000e+00
     9.1589   3.794080    752.092  779333401  0.000e+00
     9.1666   3.794774    752.045  779334001  0.000e+00
     9.1666   3.794859    751.948  779334601  0.000e+00
     9.0987   3.788660    751.880  779335201  0.000e+00
     9.1283   3.791229    751.777  779335801  0.000e+00
     9.2175   3.799423    751.850  779336401  0.000e+00
     9.2477   3.802672    751.788  779337001  0.000e+00
     9.1919   3.797187    751.788  779337601  0.000e+00
     9.1829   3.796358    751.783  779338201  0.000e+00
     9.1214   3.790901    751.756  779338801  0.000e+00
     9.1210   3.790773    751.715  779339401  0.000e+00
     9.1426   3.792575    751.803  779340001  0.000e+00
     9.1700   3.795365    751.721  779340601  0.000e+00
     9.1357   3.792125    751.756  779341201  0.000e+00
     9.1391   3.792368    751.845  779341801  0.000e+00
     9.1417   3.792551    751.948  779342401  0.000e+00
     9.1365   3.792192    752.045  779343001  0.000e+00
     9.1367   3.792259    752.189  779343601  0.000e+00
     9.1680   3.795103    752.345  779344201  0.000e+00
     9.1458   3.792941    752.380  779344801  0.000e+00
     9.1012   3.789135    752.436  779345401  0.000e+00
     9.0906   3.788113    752.539  779346001  0.000e+00
     9.2043   3.798400    752.731  779346601  0.000e+00
     9.2130   3.799424    752.901  779347201  0.000e+00
     9.1347   3.792040    753.060  779347801  0.000e+00
     9.1320   3.791528    753.266  779348401  0.000e+00
     9.2264   3.800490    753.369  779349001  0.000e+00
     9.2083   3.799168    753.643  779349601  0.000e+00
     9.1508   3.793246    753.864  779350201  0.000e+00
     9.1476   3.793112    754.173  779350801  0.000e+00
     9.2114   3.798949    754.338  779351401  0.000e+00
     9.2558   3.803685    754.508  779352001  0.000e+00
     9.1258   3.791328    754.750  779352601  0.000e+00
     9.0288   3.780836    755.057  779353201  0.000e+00
     9.1455   3.792954    755.254  779353801  0.000e+00
     9.1460   3.793289    755.492  779354401  0.000e+00
     9.0562   3.784365    755.692  779355001  0.000e+00
     9.0642   3.785083    756.037  779355601  0.000e+00
     9.0307   3.781329    756.305  779356201  0.000e+00
     9.1737   3.795769    756.681  779356801  0.000e+00
     9.1402   3.793040    756.934  779357401  0.000e+00
     9.0510   3.783903    756.949  779358001  0.000e+00
     8.9931   3.777741    756.999  779358601  0.000e+00
     9.0795   3.786288    756.999  779359201  0.000e+00
     9.0290   3.781439    757.026  779359801  0.000e+00
