odissea/data/moor/raw/ce25007/microcat/16379_data.cnv
* Sea-Bird SBE37SM-RS232  Data File:
* FileName = C:\CE25007_recovery_data\16379_data.hex
* Software version SeatermV2 2.8.0.119
* Temperature SN = 16379
* Conductivity SN = 16379
* System UpLoad Time = May 13 2025 17:53:49
* sample interval = 600 seconds
* <ApplicationData>
# nquan = 5
# nvalues = 46332                                 
# units = specified
# name 0 = tv290C: Temperature [ITS-90, deg C]
# name 1 = cond0S/m: Conductivity [S/m]
# name 2 = prdM: Pressure, Strain Gauge [db]
# name 3 = timeK: Time, Instrument [seconds]
# name 4 = flag:  0.000e+00
# span 0 =     5.6432,    18.3486                 
# span 1 =   0.000439,   4.127419                 
# span 2 =      0.574,   1080.375                 
# span 3 =  772675201,  800473801                 
# span 4 = 0.0000e+00, 0.0000e+00                 
# interval = seconds: 600
# start_time = Jun 26 2024 00:00:01 [Instrument's time stamp, first data scan]
# bad_flag = -9.990e-29
*END*
[from data line 33429]
     6.9227   3.587104   1013.921  792732601  0.000e+00
     6.9270   3.587578   1013.963  792733201  0.000e+00
     6.8478   3.579806   1013.976  792733801  0.000e+00
     6.8259   3.577454   1013.976  792734401  0.000e+00
     6.8142   3.576237   1014.073  792735001  0.000e+00
     6.8448   3.579194   1014.052  792735601  0.000e+00
     6.9504   3.590035   1014.109  792736201  0.000e+00
     6.9765   3.592642   1014.222  792736801  0.000e+00
     6.9827   3.593291   1014.201  792737401  0.000e+00
     6.9999   3.595105   1014.306  792738001  0.000e+00
     7.0468   3.599806   1014.306  792738601  0.000e+00
     7.0640   3.601598   1014.510  792739201  0.000e+00
     7.0721   3.602464   1014.552  792739801  0.000e+00
     7.0722   3.602591   1014.678  792740401  0.000e+00
     7.0054   3.596055   1015.035  792741001  0.000e+00
     6.9866   3.593892   1015.027  792741601  0.000e+00
     6.9859   3.593772   1015.174  792742201  0.000e+00
     7.0579   3.600919   1015.321  792742801  0.000e+00
     7.0603   3.601520   1015.476  792743401  0.000e+00
     7.0045   3.595785   1015.602  792744001  0.000e+00
     7.1025   3.605165   1015.833  792744601  0.000e+00
     7.1762   3.613388   1016.058  792745201  0.000e+00
     7.0469   3.600456   1016.491  792745801  0.000e+00
     6.9916   3.594595   1016.833  792746401  0.000e+00
     7.0451   3.599789   1017.358  792747001  0.000e+00
     7.0517   3.600373   1018.184  792747601  0.000e+00
     6.9925   3.594458   1018.714  792748201  0.000e+00
     6.9884   3.593707   1019.205  792748801  0.000e+00
     6.9891   3.594098   1019.709  792749401  0.000e+00
     6.9592   3.591130   1020.184  792750001  0.000e+00
     6.9629   3.591358   1020.877  792750601  0.000e+00
     6.9833   3.593233   1021.486  792751201  0.000e+00
     6.9852   3.593462   1022.501  792751801  0.000e+00
     6.9883   3.593822   1023.270  792752401  0.000e+00
     6.9927   3.594460   1023.774  792753001  0.000e+00
     6.9341   3.588957   1024.446  792753601  0.000e+00
     6.9310   3.588477   1025.278  792754201  0.000e+00
     6.9242   3.587901   1026.244  792754801  0.000e+00
     6.8828   3.583681   1026.936  792755401  0.000e+00
     6.8632   3.581820   1027.454  792756001  0.000e+00
     6.8489   3.580297   1028.202  792756601  0.000e+00
     6.8425   3.579541   1028.811  792757201  0.000e+00
     6.8586   3.581053   1029.196  792757801  0.000e+00
     6.8893   3.584432   1029.322  792758401  0.000e+00
     6.9064   3.586077   1029.330  792759001  0.000e+00
     6.9049   3.586017   1029.435  792759601  0.000e+00
     6.9881   3.594221   1029.379  792760201  0.000e+00
     7.0022   3.595712   1029.429  792760801  0.000e+00
     7.0070   3.596156   1029.345  792761401  0.000e+00
     7.0161   3.597226   1029.240  792762001  0.000e+00
     7.0195   3.597719   1028.967  792762601  0.000e+00
     7.0327   3.599090   1028.379  792763201  0.000e+00
     7.0924   3.605194   1027.358  792763801  0.000e+00
     7.0861   3.604111   1026.665  792764401  0.000e+00
     7.0964   3.605049   1025.959  792765001  0.000e+00
     7.0751   3.602582   1024.986  792765601  0.000e+00
     7.0606   3.600435   1023.978  792766201  0.000e+00
     7.0609   3.600506   1022.648  792766801  0.000e+00
     7.0687   3.601600   1021.627  792767401  0.000e+00
     7.0840   3.603543   1020.480  792768001  0.000e+00
     7.0854   3.603747   1019.472  792768601  0.000e+00
     7.0188   3.597397   1018.596  792769201  0.000e+00
     6.9881   3.594289   1017.785  792769801  0.000e+00
     7.0134   3.596537   1017.035  792770401  0.000e+00
     6.9946   3.594734   1016.413  792771001  0.000e+00
     6.9732   3.592522   1015.636  792771601  0.000e+00
     6.9671   3.591837   1015.188  792772201  0.000e+00
     6.9750   3.592540   1014.726  792772801  0.000e+00
     6.9850   3.593627   1014.537  792773401  0.000e+00
     6.9748   3.592636   1014.188  792774001  0.000e+00
     6.9368   3.588863   1014.117  792774601  0.000e+00
     6.8716   3.582128   1013.871  792775201  0.000e+00
     6.9367   3.588281   1013.682  792775801  0.000e+00
     6.9744   3.592509   1013.655  792776401  0.000e+00
     6.9957   3.594684   1013.550  792777001  0.000e+00
     6.9907   3.594186   1013.508  792777601  0.000e+00
     6.9709   3.592239   1013.537  792778201  0.000e+00
     6.8761   3.582758   1013.571  792778801  0.000e+00
     6.8197   3.576836   1013.485  792779401  0.000e+00
     6.8825   3.582920   1013.548  792780001  0.000e+00
     6.9540   3.590233   1013.606  792780601  0.000e+00
     6.9520   3.590016   1013.648  792781201  0.000e+00
     6.9718   3.591951   1013.760  792781801  0.000e+00
     6.9758   3.592299   1013.823  792782401  0.000e+00
     6.9964   3.594270   1013.781  792783001  0.000e+00
     6.9947   3.594023   1013.739  792783601  0.000e+00
     6.9795   3.592461   1013.676  792784201  0.000e+00
     6.9954   3.593867   1013.852  792784801  0.000e+00
     7.0480   3.598958   1013.922  792785401  0.000e+00
     7.0836   3.602741   1013.922  792786001  0.000e+00
     7.0485   3.598952   1013.901  792786601  0.000e+00
     7.0582   3.599758   1013.880  792787201  0.000e+00
     7.0640   3.600491   1013.859  792787801  0.000e+00
     7.0517   3.599307   1014.020  792788401  0.000e+00
     7.0326   3.597359   1014.153  792789001  0.000e+00
     7.0147   3.595706   1014.188  792789601  0.000e+00
     6.9813   3.592461   1014.209  792790201  0.000e+00
     6.9918   3.593477   1014.125  792790801  0.000e+00
     7.0023   3.594534   1014.398  792791401  0.000e+00
     6.9978   3.594186   1014.642  792792001  0.000e+00
     6.9841   3.592792   1014.817  792792601  0.000e+00
     6.9826   3.592630   1015.083  792793201  0.000e+00
     6.9932   3.593699   1015.279  792793801  0.000e+00
     7.0114   3.595460   1015.405  792794401  0.000e+00
     7.0485   3.598947   1015.804  792795001  0.000e+00
     7.1003   3.604197   1016.189  792795601  0.000e+00
     7.0961   3.603920   1016.462  792796201  0.000e+00
     7.0881   3.603271   1017.037  792796801  0.000e+00
     7.0394   3.598484   1017.302  792797401  0.000e+00
     7.0518   3.599687   1017.512  792798001  0.000e+00
     7.0647   3.601052   1017.911  792798601  0.000e+00
     7.0879   3.603452   1018.394  792799201  0.000e+00
     7.0956   3.604246   1018.919  792799801  0.000e+00
     7.0866   3.603314   1019.451  792800401  0.000e+00
     7.0874   3.603410   1019.947  792801001  0.000e+00
     7.0412   3.598636   1020.150  792801601  0.000e+00
     6.9940   3.594332   1020.423  792802201  0.000e+00
     7.0095   3.595474   1020.653  792802801  0.000e+00
     6.9616   3.591106   1021.037  792803401  0.000e+00
     6.9550   3.590355   1021.226  792804001  0.000e+00
     6.9416   3.589112   1021.352  792804601  0.000e+00
     6.9590   3.590848   1021.360  792805201  0.000e+00
     6.9628   3.591395   1021.325  792805801  0.000e+00
     7.0107   3.596039   1020.961  792806401  0.000e+00
     7.0750   3.602713   1020.438  792807001  0.000e+00
     7.0850   3.603711   1020.073  792807601  0.000e+00
     7.0722   3.602045   1019.569  792808201  0.000e+00
     7.0804   3.602827   1019.052  792808801  0.000e+00
     7.1024   3.605118   1018.611  792809401  0.000e+00
     7.0935   3.604426   1018.107  792810001  0.000e+00
     7.0730   3.602321   1017.407  792810601  0.000e+00
     7.0865   3.603848   1016.798  792811201  0.000e+00
     7.0870   3.603830   1016.315  792811801  0.000e+00
     7.0911   3.604329   1015.875  792812401  0.000e+00
     7.0743   3.602116   1015.455  792813001  0.000e+00
     7.1022   3.605039   1015.014  792813601  0.000e+00
     7.0902   3.603980   1014.707  792814201  0.000e+00
     7.0955   3.604714   1014.476  792814801  0.000e+00
     7.0322   3.598345   1014.342  792815401  0.000e+00
     7.1072   3.605737   1014.258  792816001  0.000e+00
     7.1038   3.605345   1013.867  792816601  0.000e+00
     7.1066   3.605718   1014.014  792817201  0.000e+00
     7.1145   3.606567   1014.056  792817801  0.000e+00
     7.0762   3.603168   1014.027  792818401  0.000e+00
     7.0429   3.599451   1013.957  792819001  0.000e+00
     7.0558   3.600594   1013.999  792819601  0.000e+00
     7.0748   3.602380   1014.216  792820201  0.000e+00
     7.1071   3.605755   1014.203  792820801  0.000e+00
     7.1014   3.605309   1014.392  792821401  0.000e+00
     7.0969   3.604690   1014.497  792822001  0.000e+00
     7.0628   3.601430   1014.539  792822601  0.000e+00
     7.0243   3.597546   1014.607  792823201  0.000e+00
     7.0130   3.596187   1014.565  792823801  0.000e+00
     6.9826   3.593273   1014.649  792824401  0.000e+00
     6.9795   3.592876   1014.607  792825001  0.000e+00
     6.9646   3.591320   1014.600  792825601  0.000e+00
     6.9569   3.590473   1014.621  792826201  0.000e+00
     6.9496   3.589638   1014.613  792826801  0.000e+00
     6.9454   3.589242   1014.600  792827401  0.000e+00
     6.9374   3.588323   1014.655  792828001  0.000e+00
     6.9284   3.587452   1014.508  792828601  0.000e+00
     6.9469   3.589152   1014.676  792829201  0.000e+00
     6.9583   3.590581   1014.684  792829801  0.000e+00
     6.9879   3.593946   1014.684  792830401  0.000e+00
     7.0458   3.599854   1014.691  792831001  0.000e+00
     7.0689   3.602362   1014.783  792831601  0.000e+00
     7.0892   3.604221   1014.644  792832201  0.000e+00
     7.0888   3.604124   1014.699  792832801  0.000e+00
     6.9632   3.591975   1014.615  792833401  0.000e+00
     6.9387   3.588990   1014.642  792834001  0.000e+00
     6.9228   3.587332   1014.508  792834601  0.000e+00
     6.9267   3.587771   1014.558  792835201  0.000e+00
     6.9816   3.593303   1014.592  792835801  0.000e+00
     6.9851   3.593826   1014.684  792836401  0.000e+00
     6.9929   3.594517   1014.817  792837001  0.000e+00
     7.0073   3.596055   1014.978  792837601  0.000e+00
     7.0208   3.597305   1015.132  792838201  0.000e+00
     7.0906   3.604293   1015.434  792838801  0.000e+00
     7.0993   3.605226   1015.840  792839401  0.000e+00
     7.1046   3.605815   1016.176  792840001  0.000e+00
     7.1862   3.613978   1016.414  792840601  0.000e+00
     7.1957   3.615152   1016.947  792841201  0.000e+00
     7.2052   3.616249   1017.577  792841801  0.000e+00
     7.2054   3.616171   1018.101  792842401  0.000e+00
     7.2023   3.615834   1018.752  792843001  0.000e+00
     7.2142   3.617310   1019.333  792843601  0.000e+00
     7.1767   3.612901   1020.187  792844201  0.000e+00
     7.2234   3.618256   1020.852  792844801  0.000e+00
     7.1954   3.615799   1021.481  792845401  0.000e+00
     7.1452   3.609705   1022.062  792846001  0.000e+00
     7.1605   3.611072   1022.650  792846601  0.000e+00
     7.2158   3.617654   1023.014  792847201  0.000e+00
     7.2312   3.619408   1023.266  792847801  0.000e+00
     7.2377   3.620083   1023.413  792848401  0.000e+00
     7.2303   3.618950   1023.609  792849001  0.000e+00
     7.2240   3.618215   1023.707  792849601  0.000e+00
     7.1982   3.615775   1023.644  792850201  0.000e+00
     7.1814   3.613721   1023.581  792850801  0.000e+00
     7.1952   3.615311   1023.371  792851401  0.000e+00
     7.2079   3.616419   1023.077  792852001  0.000e+00
     7.2070   3.616799   1022.594  792852601  0.000e+00
     7.2163   3.617636   1022.077  792853201  0.000e+00
     7.1967   3.615329   1021.460  792853801  0.000e+00
     7.0995   3.605053   1020.844  792854401  0.000e+00
     7.0921   3.603879   1019.913  792855001  0.000e+00
     7.0747   3.601786   1019.401  792855601  0.000e+00
     7.0720   3.601389   1018.667  792856201  0.000e+00
     7.0743   3.601587   1017.981  792856801  0.000e+00
     7.0801   3.602068   1017.247  792857401  0.000e+00
     7.0849   3.602537   1016.693  792858001  0.000e+00
     7.0785   3.601959   1016.147  792858601  0.000e+00
     7.0768   3.601761   1015.665  792859201  0.000e+00
     7.0747   3.601598   1015.371  792859801  0.000e+00
     7.0757   3.601664   1015.014  792860401  0.000e+00
     7.0737   3.601466   1014.832  792861001  0.000e+00
     7.0651   3.600558   1014.510  792861601  0.000e+00
     7.0576   3.599932   1014.426  792862201  0.000e+00
     7.0435   3.598928   1014.426  792862801  0.000e+00
     7.0379   3.598237   1014.237  792863401  0.000e+00
     7.0175   3.596211   1014.195  792864001  0.000e+00
     7.0136   3.595700   1014.167  792864601  0.000e+00
     7.0063   3.595231   1014.188  792865201  0.000e+00
     7.0052   3.595219   1014.188  792865801  0.000e+00
     7.0038   3.595171   1014.222  792866401  0.000e+00
     7.0132   3.596542   1014.230  792867001  0.000e+00
     7.0125   3.596440   1014.419  792867601  0.000e+00
     6.9986   3.594769   1014.440  792868201  0.000e+00
     7.0112   3.596097   1014.642  792868801  0.000e+00
     7.0011   3.595694   1014.649  792869401  0.000e+00
     6.9989   3.595358   1014.775  792870001  0.000e+00
     7.0122   3.596494   1014.796  792870601  0.000e+00
     6.9991   3.595520   1014.621  792871201  0.000e+00
     6.9941   3.594799   1014.537  792871801  0.000e+00
     7.0068   3.595785   1014.586  792872401  0.000e+00
     6.9983   3.594589   1014.516  792873001  0.000e+00
     7.0078   3.595256   1014.419  792873601  0.000e+00
     7.0022   3.594721   1014.159  792874201  0.000e+00
     7.0116   3.595628   1014.180  792874801  0.000e+00
     7.0233   3.596572   1014.188  792875401  0.000e+00
     7.0235   3.596740   1014.216  792876001  0.000e+00
     7.0020   3.594781   1014.125  792876601  0.000e+00
     6.9976   3.594841   1014.117  792877201  0.000e+00
     6.9987   3.594354   1014.083  792877801  0.000e+00
     7.0030   3.594498   1014.188  792878401  0.000e+00
     7.0182   3.596073   1014.188  792879001  0.000e+00
     7.0025   3.594402   1014.201  792879601  0.000e+00
     6.9994   3.594372   1014.293  792880201  0.000e+00
     7.0073   3.594865   1014.251  792880801  0.000e+00
     7.0469   3.598886   1014.272  792881401  0.000e+00
     7.0709   3.601297   1014.069  792882001  0.000e+00
     7.0261   3.596968   1014.237  792882601  0.000e+00
     6.9815   3.592972   1014.489  792883201  0.000e+00
     6.9952   3.594769   1014.817  792883801  0.000e+00
     6.9288   3.588359   1015.230  792884401  0.000e+00
     6.9321   3.588570   1015.537  792885001  0.000e+00
     6.9847   3.593766   1015.796  792885601  0.000e+00
     6.9877   3.593898   1015.964  792886201  0.000e+00
     6.9829   3.593189   1016.153  792886801  0.000e+00
     6.9842   3.593466   1016.287  792887401  0.000e+00
     6.9857   3.593706   1016.468  792888001  0.000e+00
     7.0022   3.594529   1016.728  792888601  0.000e+00
     7.1753   3.612822   1016.903  792889201  0.000e+00
     7.2068   3.616261   1016.855  792889801  0.000e+00
     7.2488   3.620810   1016.870  792890401  0.000e+00
     7.3462   3.630819   1016.878  792891001  0.000e+00
     7.2234   3.618502   1016.920  792891601  0.000e+00
     7.1934   3.614827   1016.981  792892201  0.000e+00
     7.2115   3.616483   1016.674  792892801  0.000e+00
     7.2620   3.621973   1016.430  792893401  0.000e+00
     7.2800   3.623847   1016.248  792894001  0.000e+00
     7.1743   3.613249   1015.989  792894601  0.000e+00
     7.2078   3.616170   1015.729  792895201  0.000e+00
     7.2219   3.617899   1015.540  792895801  0.000e+00
     7.2290   3.618797   1015.351  792896401  0.000e+00
     7.2264   3.618507   1015.036  792897001  0.000e+00
     7.2327   3.618899   1014.890  792897601  0.000e+00
     7.2295   3.618694   1014.393  792898201  0.000e+00
     7.2202   3.617621   1014.260  792898801  0.000e+00
     7.2612   3.621592   1013.826  792899401  0.000e+00
     7.3480   3.631138   1013.624  792900001  0.000e+00
     7.3029   3.626391   1013.358  792900601  0.000e+00
     7.2333   3.618826   1013.176  792901201  0.000e+00
     7.2692   3.622454   1012.826  792901801  0.000e+00
     7.2372   3.619404   1012.784  792902401  0.000e+00
     7.1817   3.613669   1012.643  792903001  0.000e+00
