odissea/data/moor/raw/ce25007/microcat/16379_data.cnv
* Sea-Bird SBE37SM-RS232  Data File:
* FileName = C:\CE25007_recovery_data\16379_data.hex
* Software version SeatermV2 2.8.0.119
* Temperature SN = 16379
* Conductivity SN = 16379
* System UpLoad Time = May 13 2025 17:53:49
* sample interval = 600 seconds
* <ApplicationData>
# nquan = 5
# nvalues = 46332                                 
# units = specified
# name 0 = tv290C: Temperature [ITS-90, deg C]
# name 1 = cond0S/m: Conductivity [S/m]
# name 2 = prdM: Pressure, Strain Gauge [db]
# name 3 = timeK: Time, Instrument [seconds]
# name 4 = flag:  0.000e+00
# span 0 =     5.6432,    18.3486                 
# span 1 =   0.000439,   4.127419                 
# span 2 =      0.574,   1080.375                 
# span 3 =  772675201,  800473801                 
# span 4 = 0.0000e+00, 0.0000e+00                 
# interval = seconds: 600
# start_time = Jun 26 2024 00:00:01 [Instrument's time stamp, first data scan]
# bad_flag = -9.990e-29
*END*
[from data line 27143]
     6.5279   3.543993   1011.970  788961001  0.000e+00
     6.3398   3.524492   1011.897  788961601  0.000e+00
     6.3582   3.526173   1011.771  788962201  0.000e+00
     6.3980   3.530701   1011.813  788962801  0.000e+00
     6.4582   3.537344   1011.786  788963401  0.000e+00
     6.4816   3.540349   1011.807  788964001  0.000e+00
     6.4733   3.539471   1011.891  788964601  0.000e+00
     6.5162   3.544627   1011.983  788965201  0.000e+00
     6.5267   3.546127   1012.033  788965801  0.000e+00
     6.5094   3.544406   1012.256  788966401  0.000e+00
     6.5170   3.545027   1012.361  788967001  0.000e+00
     6.5081   3.544310   1012.550  788967601  0.000e+00
     6.5112   3.544214   1012.634  788968201  0.000e+00
     6.4984   3.543330   1012.928  788968801  0.000e+00
     6.4733   3.541000   1013.145  788969401  0.000e+00
     6.5034   3.543749   1013.369  788970001  0.000e+00
     6.5186   3.545249   1013.641  788970601  0.000e+00
     6.4445   3.536348   1013.998  788971201  0.000e+00
     6.4946   3.542022   1014.263  788971801  0.000e+00
     6.5233   3.545871   1014.712  788972401  0.000e+00
     6.5093   3.544490   1014.964  788973001  0.000e+00
     6.4738   3.540888   1015.342  788973601  0.000e+00
     6.4476   3.538194   1015.418  788974201  0.000e+00
     6.4516   3.538457   1015.754  788974801  0.000e+00
     6.4681   3.540057   1016.111  788975401  0.000e+00
     6.4647   3.539735   1016.321  788976001  0.000e+00
     6.4555   3.538827   1016.657  788976601  0.000e+00
     6.4755   3.540703   1016.853  788977201  0.000e+00
     6.4682   3.539938   1017.097  788977801  0.000e+00
     6.4586   3.538953   1017.307  788978401  0.000e+00
     6.4474   3.537818   1017.307  788979001  0.000e+00
     6.4320   3.536433   1017.342  788979601  0.000e+00
     6.4539   3.538392   1017.265  788980201  0.000e+00
     6.4628   3.539365   1017.181  788980801  0.000e+00
     6.4690   3.540028   1017.139  788981401  0.000e+00
     6.4135   3.534469   1017.111  788982001  0.000e+00
     6.4137   3.534439   1016.950  788982601  0.000e+00
     6.4216   3.535304   1016.762  788983201  0.000e+00
     6.4232   3.535489   1016.544  788983801  0.000e+00
     6.5117   3.543905   1016.271  788984401  0.000e+00
     6.4534   3.539102   1015.909  788985001  0.000e+00
     6.4126   3.534444   1015.565  788985601  0.000e+00
     6.4159   3.534617   1015.242  788986201  0.000e+00
     6.4357   3.536778   1014.809  788986801  0.000e+00
     6.6544   3.559844   1014.426  788987401  0.000e+00
     6.7506   3.570218   1014.155  788988001  0.000e+00
     6.7524   3.570661   1013.932  788988601  0.000e+00
     6.7872   3.574564   1013.646  788989201  0.000e+00
     6.8026   3.576339   1013.276  788989801  0.000e+00
     6.8046   3.576704   1013.108  788990401  0.000e+00
     6.7772   3.573658   1012.877  788991001  0.000e+00
     6.7723   3.573208   1012.588  788991601  0.000e+00
     6.8117   3.577394   1012.470  788992201  0.000e+00
     6.7818   3.574323   1012.352  788992801  0.000e+00
     6.3327   3.523866   1012.369  788993401  0.000e+00
     6.3350   3.523204   1012.107  788994001  0.000e+00
     6.3399   3.524050   1011.952  788994601  0.000e+00
     6.4208   3.533345   1011.842  788995201  0.000e+00
     6.4028   3.531560   1011.828  788995801  0.000e+00
     6.3690   3.527897   1011.729  788996401  0.000e+00
     6.3384   3.524235   1011.729  788997001  0.000e+00
     6.3372   3.523973   1011.582  788997601  0.000e+00
     6.3584   3.526441   1011.582  788998201  0.000e+00
     6.3595   3.526567   1011.435  788998801  0.000e+00
     6.3763   3.528505   1011.372  788999401  0.000e+00
     6.3595   3.526519   1011.477  789000001  0.000e+00
     6.3470   3.525040   1011.364  789000601  0.000e+00
     6.3476   3.524277   1011.288  789001201  0.000e+00
     6.3879   3.528207   1011.309  789001801  0.000e+00
     6.3725   3.526906   1011.267  789002401  0.000e+00
     6.3780   3.527294   1011.309  789003001  0.000e+00
     6.4012   3.529668   1011.393  789003601  0.000e+00
     6.3657   3.526215   1011.317  789004201  0.000e+00
     6.3725   3.526739   1011.393  789004801  0.000e+00
     6.4413   3.533601   1011.443  789005401  0.000e+00
     6.4310   3.533159   1011.506  789006001  0.000e+00
     6.4322   3.533034   1011.514  789006601  0.000e+00
     6.4272   3.532515   1011.577  789007201  0.000e+00
     6.4364   3.533446   1011.702  789007801  0.000e+00
     6.4328   3.533124   1011.842  789008401  0.000e+00
     6.4287   3.532580   1011.912  789009001  0.000e+00
     6.4260   3.532276   1012.122  789009601  0.000e+00
     6.4239   3.532115   1012.311  789010201  0.000e+00
     6.3972   3.529585   1012.534  789010801  0.000e+00
     6.3776   3.527712   1012.723  789011401  0.000e+00
     6.4218   3.533172   1012.954  789012001  0.000e+00
     6.4568   3.537685   1013.172  789012601  0.000e+00
     6.4748   3.540373   1013.466  789013201  0.000e+00
     6.4060   3.533632   1013.802  789013801  0.000e+00
     6.3718   3.529867   1014.101  789014401  0.000e+00
     6.4143   3.534026   1014.368  789015001  0.000e+00
     6.4122   3.534044   1014.760  789015601  0.000e+00
     6.4249   3.535244   1015.229  789016201  0.000e+00
     6.4257   3.535740   1015.649  789016801  0.000e+00
     6.4047   3.533340   1015.977  789017401  0.000e+00
     6.4287   3.535633   1016.397  789018001  0.000e+00
     6.4570   3.538457   1016.754  789018601  0.000e+00
     6.4597   3.538929   1017.181  789019201  0.000e+00
     6.4434   3.537353   1017.454  789019801  0.000e+00
     6.4356   3.536481   1017.559  789020401  0.000e+00
     6.4408   3.537030   1017.908  789021001  0.000e+00
     6.4272   3.535663   1018.189  789021601  0.000e+00
     6.4217   3.535078   1018.370  789022201  0.000e+00
     6.4268   3.535197   1018.567  789022801  0.000e+00
     6.3331   3.524399   1018.580  789023401  0.000e+00
     6.3252   3.523278   1018.635  789024001  0.000e+00
     6.3656   3.526998   1018.614  789024601  0.000e+00
     6.3556   3.526205   1018.439  789025201  0.000e+00
     6.3446   3.525012   1018.048  789025801  0.000e+00
     6.3213   3.522562   1017.733  789026401  0.000e+00
     6.3073   3.521381   1017.368  789027001  0.000e+00
     6.3044   3.520910   1017.011  789027601  0.000e+00
     6.2998   3.520547   1016.772  789028201  0.000e+00
     6.2952   3.520201   1016.402  789028801  0.000e+00
     6.2999   3.520737   1015.856  789029401  0.000e+00
     6.3906   3.531007   1015.473  789030001  0.000e+00
     6.3584   3.528256   1015.158  789030601  0.000e+00
     6.2836   3.519110   1014.765  789031201  0.000e+00
     6.3054   3.521261   1014.387  789031801  0.000e+00
     6.3046   3.521124   1014.177  789032401  0.000e+00
     6.3100   3.521857   1013.841  789033001  0.000e+00
     6.3807   3.530063   1013.492  789033601  0.000e+00
     6.2802   3.518955   1013.358  789034201  0.000e+00
     6.2880   3.519473   1013.295  789034801  0.000e+00
     6.2839   3.519205   1012.981  789035401  0.000e+00
     6.2817   3.518954   1012.700  789036001  0.000e+00
     6.2916   3.519854   1012.666  789036601  0.000e+00
     6.3007   3.520235   1012.519  789037201  0.000e+00
     6.3807   3.527945   1012.393  789037801  0.000e+00
     6.3400   3.523985   1012.296  789038401  0.000e+00
     6.4285   3.532670   1012.254  789039001  0.000e+00
     6.4694   3.536604   1012.115  789039601  0.000e+00
     6.4504   3.534873   1012.080  789040201  0.000e+00
     6.4572   3.535458   1011.975  789040801  0.000e+00
     6.4887   3.538813   1011.996  789041401  0.000e+00
     6.5382   3.543670   1011.962  789042001  0.000e+00
     6.4830   3.538192   1011.857  789042601  0.000e+00
     6.4601   3.535977   1011.794  789043201  0.000e+00
     6.4362   3.533553   1011.849  789043801  0.000e+00
     6.4469   3.534819   1011.744  789044401  0.000e+00
     6.5104   3.541005   1011.689  789045001  0.000e+00
     6.5337   3.543419   1011.697  789045601  0.000e+00
     6.4646   3.536138   1011.668  789046201  0.000e+00
     6.4160   3.531399   1011.632  789046801  0.000e+00
     6.3875   3.528791   1011.569  789047401  0.000e+00
     6.3907   3.529042   1011.519  789048001  0.000e+00
     6.3980   3.529489   1011.414  789048601  0.000e+00
     6.4271   3.532383   1011.548  789049201  0.000e+00
     6.4855   3.538520   1011.472  789049801  0.000e+00
     6.4858   3.538162   1011.535  789050401  0.000e+00
     6.4376   3.533607   1011.619  789051001  0.000e+00
     6.4429   3.534126   1011.598  789051601  0.000e+00
     6.4630   3.536132   1011.598  789052201  0.000e+00
     6.4484   3.534747   1011.681  789052801  0.000e+00
     6.4306   3.533058   1011.723  789053401  0.000e+00
     6.4226   3.532646   1011.989  789054001  0.000e+00
     6.4117   3.531584   1012.073  789054601  0.000e+00
     6.4102   3.531459   1012.122  789055201  0.000e+00
     6.3881   3.529245   1012.324  789055801  0.000e+00
     6.3889   3.529001   1012.506  789056401  0.000e+00
     6.3916   3.529538   1012.681  789057001  0.000e+00
     6.3932   3.530033   1012.988  789057601  0.000e+00
     6.4106   3.532384   1013.311  789058201  0.000e+00
     6.4291   3.534533   1013.361  789058801  0.000e+00
     6.3753   3.529735   1013.752  789059401  0.000e+00
     6.2447   3.515297   1014.135  789060001  0.000e+00
     6.2069   3.511271   1014.489  789060601  0.000e+00
     6.2147   3.512462   1014.896  789061201  0.000e+00
     6.2235   3.512528   1015.169  789061801  0.000e+00
     6.2868   3.519647   1015.584  789062401  0.000e+00
     6.2518   3.516042   1016.017  789063001  0.000e+00
     6.2690   3.517400   1016.303  789063601  0.000e+00
     6.3513   3.525775   1016.696  789064201  0.000e+00
     6.2699   3.517258   1017.221  789064801  0.000e+00
     6.2209   3.513309   1017.570  789065401  0.000e+00
     6.2098   3.511844   1017.919  789066001  0.000e+00
     6.2012   3.511076   1018.192  789066601  0.000e+00
     6.2958   3.520547   1018.284  789067201  0.000e+00
     6.2788   3.518194   1018.690  789067801  0.000e+00
     6.2651   3.516740   1018.956  789068401  0.000e+00
     6.3492   3.526552   1019.118  789069001  0.000e+00
     6.3364   3.525418   1019.118  789069601  0.000e+00
     6.2685   3.518349   1019.026  789070201  0.000e+00
     6.2260   3.513553   1018.759  789070801  0.000e+00
     6.2139   3.512535   1018.591  789071401  0.000e+00
     6.2216   3.513595   1018.360  789072001  0.000e+00
     6.2667   3.518331   1018.032  789072601  0.000e+00
     6.2542   3.516358   1017.612  789073201  0.000e+00
     6.2172   3.512189   1017.163  789073801  0.000e+00
     6.2524   3.515143   1016.688  789074401  0.000e+00
     6.1971   3.510152   1016.282  789075001  0.000e+00
     6.2669   3.516757   1015.862  789075601  0.000e+00
     6.2957   3.519873   1015.513  789076201  0.000e+00
     6.2062   3.511259   1015.072  789076801  0.000e+00
     6.2113   3.511337   1014.707  789077401  0.000e+00
     6.3144   3.521416   1014.400  789078001  0.000e+00
     6.2882   3.518299   1014.009  789078601  0.000e+00
     6.3310   3.523091   1013.841  789079201  0.000e+00
     6.3093   3.521338   1013.568  789079801  0.000e+00
     6.3249   3.522542   1013.421  789080401  0.000e+00
     6.3372   3.523514   1013.156  789081001  0.000e+00
     6.3407   3.523997   1013.009  789081601  0.000e+00
     6.3418   3.524402   1012.695  789082201  0.000e+00
     6.3375   3.524086   1012.485  789082801  0.000e+00
     6.3272   3.523138   1012.422  789083401  0.000e+00
     6.3208   3.522316   1012.162  789084001  0.000e+00
     6.3163   3.521874   1012.120  789084601  0.000e+00
     6.3214   3.522268   1012.086  789085201  0.000e+00
     6.3095   3.521046   1011.952  789085801  0.000e+00
     6.3037   3.520748   1011.826  789086401  0.000e+00
     6.3028   3.520640   1011.805  789087001  0.000e+00
     6.2733   3.517679   1011.721  789087601  0.000e+00
     6.3336   3.522917   1011.692  789088201  0.000e+00
     6.3366   3.523514   1011.616  789088801  0.000e+00
     6.3322   3.523162   1011.645  789089401  0.000e+00
     6.3306   3.523007   1011.616  789090001  0.000e+00
     6.3324   3.523293   1011.540  789090601  0.000e+00
     6.3450   3.524372   1011.582  789091201  0.000e+00
     6.3471   3.524730   1011.687  789091801  0.000e+00
     6.3315   3.523239   1011.595  789092401  0.000e+00
     6.3420   3.524187   1011.658  789093001  0.000e+00
     6.3212   3.521886   1011.708  789093601  0.000e+00
     6.3116   3.520801   1011.855  789094201  0.000e+00
     6.3192   3.521713   1011.952  789094801  0.000e+00
     6.3254   3.522119   1012.120  789095401  0.000e+00
     6.3433   3.523860   1012.296  789096001  0.000e+00
     6.3402   3.523705   1012.590  789096601  0.000e+00
     6.3205   3.521761   1012.813  789097201  0.000e+00
     6.3129   3.521428   1012.960  789097801  0.000e+00
     6.2891   3.519288   1013.204  789098401  0.000e+00
     6.2911   3.519467   1013.463  789099001  0.000e+00
     6.2990   3.520135   1013.728  789099601  0.000e+00
     6.3109   3.521017   1013.988  789100201  0.000e+00
     6.2763   3.518025   1014.387  789100801  0.000e+00
     6.2889   3.519175   1014.715  789101401  0.000e+00
     6.2899   3.519527   1015.009  789102001  0.000e+00
     6.2862   3.519343   1015.437  789102601  0.000e+00
     6.2855   3.519528   1015.933  789103201  0.000e+00
     6.2699   3.518169   1016.268  789103801  0.000e+00
     6.2852   3.519426   1016.843  789104401  0.000e+00
     6.2905   3.519832   1017.381  789105001  0.000e+00
     6.2892   3.519772   1017.746  789105601  0.000e+00
     6.2588   3.517121   1018.179  789106201  0.000e+00
     6.2550   3.516639   1018.704  789106801  0.000e+00
     6.2624   3.517562   1019.165  789107401  0.000e+00
     6.2644   3.517705   1019.711  789108001  0.000e+00
     6.2598   3.517581   1020.194  789108601  0.000e+00
     6.2451   3.516085   1020.711  789109201  0.000e+00
     6.2609   3.517515   1021.118  789109801  0.000e+00
     6.2627   3.517086   1021.265  789110401  0.000e+00
     6.2642   3.517301   1021.391  789111001  0.000e+00
     6.2451   3.515806   1021.315  789111601  0.000e+00
     6.2410   3.515448   1021.223  789112201  0.000e+00
     6.2475   3.515931   1021.076  789112801  0.000e+00
     6.2466   3.515817   1020.824  789113401  0.000e+00
     6.2261   3.514495   1020.677  789114001  0.000e+00
     6.2441   3.516240   1020.635  789114601  0.000e+00
     6.2522   3.516449   1020.362  789115201  0.000e+00
     6.2620   3.517056   1020.081  789115801  0.000e+00
     6.2788   3.518563   1019.690  789116401  0.000e+00
     6.2946   3.520196   1019.270  789117001  0.000e+00
     6.2925   3.520029   1018.809  789117601  0.000e+00
     6.2967   3.520470   1018.418  789118201  0.000e+00
     6.2962   3.520535   1017.843  789118801  0.000e+00
     6.2937   3.520094   1017.389  789119401  0.000e+00
     6.2888   3.519605   1016.738  789120001  0.000e+00
     6.2896   3.519700   1016.268  789120601  0.000e+00
     6.2988   3.520582   1015.605  789121201  0.000e+00
     6.3324   3.523753   1015.248  789121801  0.000e+00
     6.3653   3.526973   1014.941  789122401  0.000e+00
     6.3765   3.528059   1014.529  789123001  0.000e+00
     6.3663   3.527307   1014.206  789123601  0.000e+00
     6.3413   3.524987   1013.883  789124201  0.000e+00
     6.3474   3.525464   1013.576  789124801  0.000e+00
     6.3556   3.526251   1013.358  789125401  0.000e+00
     6.3700   3.527569   1013.135  789126001  0.000e+00
     6.3804   3.528428   1012.870  789126601  0.000e+00
     6.3994   3.530725   1012.702  789127201  0.000e+00
     6.3841   3.529084   1012.450  789127801  0.000e+00
     6.4121   3.532038   1012.324  789128401  0.000e+00
     6.4519   3.536246   1012.115  789129001  0.000e+00
     6.4067   3.531769   1012.052  789129601  0.000e+00
     6.4158   3.532497   1011.926  789130201  0.000e+00
     6.4298   3.533834   1011.926  789130801  0.000e+00
     6.4203   3.532754   1011.681  789131401  0.000e+00
