odissea/data/moor/raw/ce25007/microcat/16379_data.cnv
* Sea-Bird SBE37SM-RS232  Data File:
* FileName = C:\CE25007_recovery_data\16379_data.hex
* Software version SeatermV2 2.8.0.119
* Temperature SN = 16379
* Conductivity SN = 16379
* System UpLoad Time = May 13 2025 17:53:49
* sample interval = 600 seconds
* <ApplicationData>
# nquan = 5
# nvalues = 46332                                 
# units = specified
# name 0 = tv290C: Temperature [ITS-90, deg C]
# name 1 = cond0S/m: Conductivity [S/m]
# name 2 = prdM: Pressure, Strain Gauge [db]
# name 3 = timeK: Time, Instrument [seconds]
# name 4 = flag:  0.000e+00
# span 0 =     5.6432,    18.3486                 
# span 1 =   0.000439,   4.127419                 
# span 2 =      0.574,   1080.375                 
# span 3 =  772675201,  800473801                 
# span 4 = 0.0000e+00, 0.0000e+00                 
# interval = seconds: 600
# start_time = Jun 26 2024 00:00:01 [Instrument's time stamp, first data scan]
# bad_flag = -9.990e-29
*END*
[from data line 45429]
     7.6152   3.654869   1016.741  799932601  0.000e+00
     7.6170   3.654959   1016.468  799933201  0.000e+00
     7.5634   3.649613   1016.048  799933801  0.000e+00
     7.5427   3.647310   1015.873  799934401  0.000e+00
     7.6686   3.660157   1015.642  799935001  0.000e+00
     7.7441   3.668750   1015.559  799935601  0.000e+00
     7.8036   3.675313   1015.398  799936201  0.000e+00
     7.7879   3.673882   1015.154  799936801  0.000e+00
     7.7345   3.668344   1015.167  799937401  0.000e+00
     7.6901   3.662959   1015.111  799938001  0.000e+00
     7.7021   3.664189   1015.300  799938601  0.000e+00
     7.7105   3.664958   1015.265  799939201  0.000e+00
     7.7031   3.664298   1015.391  799939801  0.000e+00
     7.7096   3.664831   1015.321  799940401  0.000e+00
     7.6605   3.659933   1015.279  799941001  0.000e+00
     7.5950   3.653042   1015.510  799941601  0.000e+00
     7.6229   3.655643   1015.516  799942201  0.000e+00
     7.6218   3.655612   1015.621  799942801  0.000e+00
     7.6296   3.656357   1015.796  799943401  0.000e+00
     7.7238   3.666430   1015.866  799944001  0.000e+00
     7.7538   3.669955   1016.112  799944601  0.000e+00
     7.6377   3.657628   1016.328  799945201  0.000e+00
     7.5908   3.652546   1016.670  799945801  0.000e+00
     7.5596   3.649457   1017.069  799946401  0.000e+00
     7.6267   3.656133   1017.531  799947001  0.000e+00
     7.6436   3.658197   1017.853  799947601  0.000e+00
     7.6120   3.654809   1018.294  799948201  0.000e+00
     7.6248   3.655977   1018.840  799948801  0.000e+00
     7.6603   3.659468   1019.281  799949401  0.000e+00
     7.7441   3.668424   1019.905  799950001  0.000e+00
     7.7204   3.666134   1020.353  799950601  0.000e+00
     7.6832   3.662168   1021.031  799951201  0.000e+00
     7.6268   3.656177   1021.598  799951801  0.000e+00
     7.5977   3.653165   1022.073  799952401  0.000e+00
     7.5856   3.651278   1022.612  799953001  0.000e+00
     7.5769   3.650601   1022.990  799953601  0.000e+00
     7.5613   3.649622   1023.577  799954201  0.000e+00
     7.5498   3.648486   1024.123  799954801  0.000e+00
     7.5920   3.652501   1024.935  799955401  0.000e+00
     7.5493   3.648698   1025.782  799956001  0.000e+00
     7.5706   3.650119   1026.572  799956601  0.000e+00
     7.4605   3.640094   1026.958  799957201  0.000e+00
     7.3993   3.632814   1027.544  799957801  0.000e+00
     7.4391   3.636816   1028.321  799958401  0.000e+00
     7.4704   3.640427   1029.000  799959001  0.000e+00
     7.4421   3.637945   1029.399  799959601  0.000e+00
     7.4874   3.642276   1029.609  799960201  0.000e+00
     7.4486   3.638531   1029.966  799960801  0.000e+00
     7.4818   3.642095   1030.071  799961401  0.000e+00
     7.4490   3.638519   1030.274  799962001  0.000e+00
     7.3969   3.633268   1030.442  799962601  0.000e+00
     7.3805   3.631415   1030.413  799963201  0.000e+00
     7.3828   3.631880   1030.287  799963801  0.000e+00
     7.3914   3.632948   1030.014  799964401  0.000e+00
     7.3950   3.633074   1029.909  799965001  0.000e+00
     7.4890   3.642922   1029.749  799965601  0.000e+00
     7.5147   3.645544   1029.399  799966201  0.000e+00
     7.5226   3.646227   1029.021  799966801  0.000e+00
     7.6247   3.656561   1028.630  799967401  0.000e+00
     7.6538   3.660167   1028.036  799968001  0.000e+00
     7.6458   3.659465   1027.511  799968601  0.000e+00
     7.6273   3.657474   1026.902  799969201  0.000e+00
     7.5970   3.654340   1026.244  799969801  0.000e+00
     7.6104   3.655907   1025.551  799970401  0.000e+00
     7.5904   3.653971   1024.908  799971001  0.000e+00
     7.5756   3.652355   1024.081  799971601  0.000e+00
     7.5729   3.652077   1023.347  799972201  0.000e+00
     7.5559   3.650722   1022.486  799972801  0.000e+00
     7.5896   3.653806   1021.646  799973401  0.000e+00
     7.5957   3.654641   1020.827  799974001  0.000e+00
     7.6844   3.664106   1020.457  799974601  0.000e+00
     7.6762   3.663258   1019.806  799975201  0.000e+00
     7.7057   3.666516   1019.309  799975801  0.000e+00
     7.7103   3.667170   1018.827  799976401  0.000e+00
     7.6982   3.665674   1018.414  799977001  0.000e+00
     7.6967   3.665413   1017.903  799977601  0.000e+00
     7.7293   3.668841   1017.546  799978201  0.000e+00
     7.8969   3.686579   1017.232  799978801  0.000e+00
     7.9217   3.689535   1017.079  799979401  0.000e+00
     7.9562   3.693191   1016.981  799980001  0.000e+00
     7.9264   3.690355   1016.792  799980601  0.000e+00
     7.8988   3.687374   1016.638  799981201  0.000e+00
     7.8355   3.681075   1016.525  799981801  0.000e+00
     7.7993   3.677114   1016.434  799982401  0.000e+00
     7.8067   3.677751   1016.455  799983001  0.000e+00
     7.8693   3.684224   1016.400  799983601  0.000e+00
     7.9518   3.692317   1016.400  799984201  0.000e+00
     8.0304   3.700714   1016.337  799984801  0.000e+00
     8.0358   3.701413   1016.282  799985401  0.000e+00
     8.0419   3.702070   1016.512  799986001  0.000e+00
     8.0694   3.704916   1016.659  799986601  0.000e+00
     8.1156   3.709801   1016.856  799987201  0.000e+00
     8.0702   3.705275   1017.191  799987801  0.000e+00
     8.0350   3.701608   1017.436  799988401  0.000e+00
     7.8584   3.682962   1017.737  799989001  0.000e+00
     7.8440   3.681179   1018.121  799989601  0.000e+00
     7.7758   3.674702   1018.646  799990201  0.000e+00
     7.7556   3.672435   1019.240  799990801  0.000e+00
     7.7288   3.669587   1019.632  799991401  0.000e+00
     7.7176   3.668273   1020.094  799992001  0.000e+00
     7.6075   3.656837   1020.639  799992601  0.000e+00
     7.5244   3.647717   1021.205  799993201  0.000e+00
     7.4285   3.637520   1021.687  799993801  0.000e+00
     7.4430   3.638855   1022.254  799994401  0.000e+00
     7.5395   3.648806   1022.919  799995001  0.000e+00
     7.5814   3.653178   1023.654  799995601  0.000e+00
     7.5899   3.654394   1024.501  799996201  0.000e+00
     7.5926   3.654515   1025.320  799996801  0.000e+00
     7.6490   3.660373   1026.097  799997401  0.000e+00
     7.7825   3.674572   1026.749  799998001  0.000e+00
     7.8892   3.685830   1027.758  799998601  0.000e+00
     7.9579   3.693639   1028.647  799999201  0.000e+00
     7.8589   3.683822   1029.444  799999801  0.000e+00
     7.7670   3.673664   1030.256  800000401  0.000e+00
     7.6729   3.663383   1031.053  800001001  0.000e+00
     7.7113   3.667150   1031.858  800001601  0.000e+00
     7.6020   3.656042   1032.529  800002201  0.000e+00
     7.6083   3.656587   1033.243  800002801  0.000e+00
     7.5717   3.652909   1033.907  800003401  0.000e+00
     7.5779   3.653399   1034.257  800004001  0.000e+00
     7.5587   3.651567   1034.474  800004601  0.000e+00
     7.5702   3.652758   1034.663  800005201  0.000e+00
     7.5695   3.652807   1034.663  800005801  0.000e+00
     7.5712   3.652728   1034.810  800006401  0.000e+00
     7.5704   3.652662   1034.894  800007001  0.000e+00
     7.5605   3.651688   1034.768  800007601  0.000e+00
     7.5684   3.652644   1034.803  800008201  0.000e+00
     7.4335   3.639439   1034.354  800008801  0.000e+00
     7.4397   3.639656   1033.927  800009401  0.000e+00
     7.4822   3.643431   1033.213  800010001  0.000e+00
     7.4738   3.642198   1032.478  800010601  0.000e+00
     7.5765   3.652594   1031.569  800011201  0.000e+00
     7.5784   3.652975   1030.548  800011801  0.000e+00
     7.6103   3.656931   1029.547  800012401  0.000e+00
     7.6343   3.659520   1028.666  800013001  0.000e+00
     7.6264   3.658600   1027.448  800013601  0.000e+00
     7.6934   3.665610   1026.301  800014201  0.000e+00
     7.7462   3.671704   1024.901  800014801  0.000e+00
     7.7753   3.674965   1023.775  800015401  0.000e+00
     7.7335   3.670879   1022.725  800016001  0.000e+00
     7.6804   3.665076   1021.647  800016601  0.000e+00
     7.7920   3.675636   1020.618  800017201  0.000e+00
     7.6828   3.665184   1019.506  800017801  0.000e+00
     7.8629   3.683660   1018.694  800018401  0.000e+00
     7.8833   3.685705   1017.848  800019001  0.000e+00
     7.7779   3.676278   1016.945  800019601  0.000e+00
     7.7115   3.668017   1016.427  800020201  0.000e+00
     7.7009   3.666575   1015.853  800020801  0.000e+00
     7.7738   3.673986   1015.482  800021401  0.000e+00
     7.8308   3.680140   1015.104  800022001  0.000e+00
     7.8482   3.682215   1014.734  800022601  0.000e+00
     7.8149   3.678787   1014.356  800023201  0.000e+00
     7.8534   3.682579   1014.146  800023801  0.000e+00
     7.8613   3.683519   1013.943  800024401  0.000e+00
     7.9016   3.687549   1013.985  800025001  0.000e+00
     7.9024   3.687798   1013.867  800025601  0.000e+00
     7.8862   3.686177   1013.804  800026201  0.000e+00
     7.9121   3.688721   1013.817  800026801  0.000e+00
     7.9636   3.693925   1013.790  800027401  0.000e+00
     7.9466   3.692243   1013.678  800028001  0.000e+00
     7.9062   3.688126   1013.657  800028601  0.000e+00
     7.9024   3.687646   1013.636  800029201  0.000e+00
     7.9191   3.689243   1013.727  800029801  0.000e+00
     7.9478   3.692243   1013.706  800030401  0.000e+00
     7.9643   3.694035   1013.601  800031001  0.000e+00
     7.9041   3.687913   1013.664  800031601  0.000e+00
     7.8381   3.680940   1013.712  800032201  0.000e+00
     7.9458   3.691878   1013.804  800032801  0.000e+00
     7.9837   3.695839   1013.902  800033401  0.000e+00
     7.9850   3.696009   1014.042  800034001  0.000e+00
     7.9796   3.695432   1014.147  800034601  0.000e+00
     7.8082   3.677860   1014.307  800035201  0.000e+00
     7.7353   3.670258   1014.517  800035801  0.000e+00
     7.7352   3.670161   1014.747  800036401  0.000e+00
     7.7408   3.670852   1014.824  800037001  0.000e+00
     7.7432   3.671028   1015.041  800037601  0.000e+00
     7.8106   3.677350   1015.230  800038201  0.000e+00
     7.8409   3.680923   1015.539  800038801  0.000e+00
     7.7599   3.672852   1015.720  800039401  0.000e+00
     7.7653   3.673186   1016.049  800040001  0.000e+00
     7.8445   3.681044   1016.392  800040601  0.000e+00
     7.9277   3.689954   1016.659  800041201  0.000e+00
     7.9192   3.689256   1017.037  800041801  0.000e+00
     7.8244   3.680390   1017.393  800042401  0.000e+00
     7.7293   3.669641   1017.687  800043001  0.000e+00
     7.7281   3.669163   1018.078  800043601  0.000e+00
     7.7547   3.672041   1018.582  800044201  0.000e+00
     7.7643   3.673460   1018.995  800044801  0.000e+00
     7.7141   3.667891   1019.422  800045401  0.000e+00
     7.6977   3.666183   1019.758  800046001  0.000e+00
     7.6505   3.660915   1020.086  800046601  0.000e+00
     7.6922   3.664905   1020.359  800047201  0.000e+00
     7.7833   3.674727   1020.597  800047801  0.000e+00
     7.8118   3.678044   1020.801  800048401  0.000e+00
     7.8337   3.680312   1020.843  800049001  0.000e+00
     7.8703   3.684432   1020.892  800049601  0.000e+00
     7.7465   3.673018   1020.997  800050201  0.000e+00
     7.6606   3.661569   1021.080  800050801  0.000e+00
     7.6844   3.664106   1021.052  800051401  0.000e+00
     7.6758   3.663301   1020.926  800052001  0.000e+00
     7.6712   3.662732   1020.842  800052601  0.000e+00
     7.6643   3.662205   1020.534  800053201  0.000e+00
     7.6485   3.660474   1020.212  800053801  0.000e+00
     7.6777   3.663361   1019.834  800054401  0.000e+00
     7.6762   3.663367   1019.435  800055001  0.000e+00
     7.6345   3.659196   1018.994  800055601  0.000e+00
     7.6395   3.659680   1018.567  800056201  0.000e+00
     7.6574   3.661478   1018.126  800056801  0.000e+00
     7.6752   3.663300   1017.623  800057401  0.000e+00
     7.6860   3.664614   1017.105  800058001  0.000e+00
     7.6961   3.665734   1016.622  800058601  0.000e+00
     7.7623   3.672810   1016.168  800059201  0.000e+00
     7.8666   3.683447   1015.728  800059801  0.000e+00
     7.8297   3.679795   1015.490  800060401  0.000e+00
     7.8327   3.679528   1015.196  800061001  0.000e+00
     7.8211   3.678970   1014.951  800061601  0.000e+00
     7.8340   3.680371   1014.636  800062201  0.000e+00
     7.7381   3.670222   1014.433  800062801  0.000e+00
     7.7449   3.670852   1014.139  800063401  0.000e+00
     7.7386   3.670064   1013.963  800064001  0.000e+00
     7.7115   3.667162   1013.879  800064601  0.000e+00
     7.6814   3.663656   1013.641  800065201  0.000e+00
     7.6782   3.663256   1013.578  800065801  0.000e+00
     7.6292   3.657306   1013.494  800066401  0.000e+00
     7.5937   3.653089   1013.438  800067001  0.000e+00
     7.6170   3.655467   1013.438  800067601  0.000e+00
     7.5452   3.647551   1013.493  800068201  0.000e+00
     7.5791   3.651904   1013.396  800068801  0.000e+00
     7.5718   3.651082   1013.479  800069401  0.000e+00
     7.5289   3.645962   1013.535  800070001  0.000e+00
     7.5682   3.651070   1013.556  800070601  0.000e+00
     7.5281   3.646149   1013.598  800071201  0.000e+00
     7.5236   3.645575   1013.591  800071801  0.000e+00
     7.5156   3.644759   1013.598  800072401  0.000e+00
     7.5023   3.643297   1013.745  800073001  0.000e+00
     7.4959   3.642578   1013.717  800073601  0.000e+00
     7.5064   3.643527   1013.787  800074201  0.000e+00
     7.5098   3.643744   1013.906  800074801  0.000e+00
     7.5129   3.644028   1013.787  800075401  0.000e+00
     7.5114   3.643696   1013.913  800076001  0.000e+00
     7.5133   3.643944   1014.095  800076601  0.000e+00
     7.4576   3.637970   1014.199  800077201  0.000e+00
     7.4551   3.637735   1014.346  800077801  0.000e+00
     7.5394   3.647370   1014.388  800078401  0.000e+00
     7.5045   3.643321   1014.564  800079001  0.000e+00
     7.5161   3.644113   1014.682  800079601  0.000e+00
     7.5814   3.650973   1014.921  800080201  0.000e+00
     7.6541   3.658831   1015.103  800080801  0.000e+00
     7.7054   3.664655   1015.384  800081401  0.000e+00
     7.6941   3.663450   1015.719  800082001  0.000e+00
     7.6390   3.657803   1016.013  800082601  0.000e+00
     7.7422   3.670222   1016.259  800083201  0.000e+00
     7.7331   3.669180   1016.651  800083801  0.000e+00
     7.7339   3.669350   1016.965  800084401  0.000e+00
     7.7170   3.667575   1017.322  800085001  0.000e+00
     7.7176   3.667648   1017.714  800085601  0.000e+00
     7.7418   3.670884   1018.120  800086201  0.000e+00
     7.6967   3.665462   1018.540  800086801  0.000e+00
     7.6809   3.663573   1018.932  800087401  0.000e+00
     7.6990   3.665922   1019.372  800088001  0.000e+00
     7.6365   3.659529   1019.981  800088601  0.000e+00
     7.6353   3.659475   1020.688  800089201  0.000e+00
     7.6286   3.658828   1021.254  800089801  0.000e+00
     7.6383   3.660238   1021.926  800090401  0.000e+00
     7.6471   3.661140   1022.459  800091001  0.000e+00
     7.6334   3.659264   1022.724  800091601  0.000e+00
     7.5429   3.649610   1022.969  800092201  0.000e+00
     7.5505   3.649779   1023.263  800092801  0.000e+00
     7.5190   3.646340   1023.444  800093401  0.000e+00
     7.5153   3.645778   1023.857  800094001  0.000e+00
     7.5012   3.644074   1024.046  800094601  0.000e+00
     7.4462   3.638143   1024.311  800095201  0.000e+00
     7.4737   3.640703   1024.206  800095801  0.000e+00
     7.5348   3.647241   1023.962  800096401  0.000e+00
     7.7096   3.667184   1023.760  800097001  0.000e+00
     7.6457   3.660699   1023.354  800097601  0.000e+00
     7.6377   3.659845   1022.920  800098201  0.000e+00
     7.6179   3.657230   1022.283  800098801  0.000e+00
     7.6152   3.656668   1021.611  800099401  0.000e+00
     7.5268   3.647548   1021.142  800100001  0.000e+00
     7.5686   3.651550   1020.575  800100601  0.000e+00
     7.5928   3.654090   1019.806  800101201  0.000e+00
     7.7937   3.675017   1019.002  800101801  0.000e+00
     7.7732   3.673641   1017.925  800102401  0.000e+00
     7.6804   3.663324   1017.070  800103001  0.000e+00
