odissea/data/moor/raw/ce25007/microcat/16379_data.cnv
* Sea-Bird SBE37SM-RS232  Data File:
* FileName = C:\CE25007_recovery_data\16379_data.hex
* Software version SeatermV2 2.8.0.119
* Temperature SN = 16379
* Conductivity SN = 16379
* System UpLoad Time = May 13 2025 17:53:49
* sample interval = 600 seconds
* <ApplicationData>
# nquan = 5
# nvalues = 46332                                 
# units = specified
# name 0 = tv290C: Temperature [ITS-90, deg C]
# name 1 = cond0S/m: Conductivity [S/m]
# name 2 = prdM: Pressure, Strain Gauge [db]
# name 3 = timeK: Time, Instrument [seconds]
# name 4 = flag:  0.000e+00
# span 0 =     5.6432,    18.3486                 
# span 1 =   0.000439,   4.127419                 
# span 2 =      0.574,   1080.375                 
# span 3 =  772675201,  800473801                 
# span 4 = 0.0000e+00, 0.0000e+00                 
# interval = seconds: 600
# start_time = Jun 26 2024 00:00:01 [Instrument's time stamp, first data scan]
# bad_flag = -9.990e-29
*END*
[from data line 16001]
     6.7100   3.564438   1021.216  782275801  0.000e+00
     6.6167   3.554184   1021.096  782276401  0.000e+00
     6.6235   3.554561   1020.949  782277001  0.000e+00
     6.6751   3.559983   1020.718  782277601  0.000e+00
     6.6767   3.559540   1020.382  782278201  0.000e+00
     6.6806   3.559989   1019.949  782278801  0.000e+00
     6.6614   3.558367   1019.501  782279401  0.000e+00
     6.6802   3.560683   1019.067  782280001  0.000e+00
     6.6566   3.557594   1018.396  782280601  0.000e+00
     6.6873   3.560180   1017.829  782281201  0.000e+00
     6.6480   3.555619   1017.170  782281801  0.000e+00
     6.6364   3.554518   1016.548  782282401  0.000e+00
     6.6865   3.559706   1016.065  782283001  0.000e+00
     6.6767   3.559449   1015.604  782283601  0.000e+00
     6.6622   3.558090   1015.142  782284201  0.000e+00
     6.6540   3.557521   1014.651  782284801  0.000e+00
     6.6546   3.557413   1014.273  782285401  0.000e+00
     6.6522   3.557377   1013.924  782286001  0.000e+00
     6.6725   3.558927   1013.602  782286601  0.000e+00
     6.6875   3.560424   1013.399  782287201  0.000e+00
     6.7136   3.562824   1013.197  782287801  0.000e+00
     6.7059   3.561705   1012.980  782288401  0.000e+00
     6.7092   3.561986   1012.770  782289001  0.000e+00
     6.7110   3.562441   1012.539  782289601  0.000e+00
     6.6935   3.561022   1012.182  782290201  0.000e+00
     6.7008   3.561477   1012.350  782290801  0.000e+00
     6.7014   3.561471   1012.161  782291401  0.000e+00
     6.6998   3.561381   1012.077  782292001  0.000e+00
     6.6646   3.558514   1011.888  782292601  0.000e+00
     6.6637   3.558256   1011.762  782293201  0.000e+00
     6.6692   3.558585   1011.762  782293801  0.000e+00
     6.6736   3.559016   1011.783  782294401  0.000e+00
     6.6626   3.557963   1011.607  782295001  0.000e+00
     6.6523   3.557143   1011.615  782295601  0.000e+00
     6.6564   3.557472   1011.565  782296201  0.000e+00
     6.6732   3.558944   1011.565  782296801  0.000e+00
     6.7006   3.561435   1011.552  782297401  0.000e+00
     6.7087   3.562081   1011.581  782298001  0.000e+00
     6.7080   3.561991   1011.657  782298601  0.000e+00
     6.7058   3.561495   1011.720  782299201  0.000e+00
     6.7065   3.561524   1011.686  782299801  0.000e+00
     6.7073   3.561848   1011.720  782300401  0.000e+00
     6.7064   3.561824   1011.888  782301001  0.000e+00
     6.7039   3.561213   1012.035  782301601  0.000e+00
     6.7044   3.561399   1012.014  782302201  0.000e+00
     6.7063   3.561752   1012.358  782302801  0.000e+00
     6.7042   3.561543   1012.379  782303401  0.000e+00
     6.6932   3.560232   1012.686  782304001  0.000e+00
     6.6973   3.560723   1012.875  782304601  0.000e+00
     6.6836   3.559579   1013.211  782305201  0.000e+00
     6.6836   3.560076   1013.588  782305801  0.000e+00
     6.6516   3.556982   1013.861  782306401  0.000e+00
     6.6717   3.558772   1014.113  782307001  0.000e+00
     6.6792   3.559215   1014.520  782307601  0.000e+00
     6.6704   3.558946   1014.974  782308201  0.000e+00
     6.6260   3.554434   1015.470  782308801  0.000e+00
     6.6365   3.555301   1016.016  782309401  0.000e+00
     6.6334   3.554925   1016.583  782310001  0.000e+00
     6.6162   3.552933   1017.338  782310601  0.000e+00
     6.6255   3.553950   1017.989  782311201  0.000e+00
     6.6207   3.553364   1018.703  782311801  0.000e+00
     6.6121   3.552886   1019.459  782312401  0.000e+00
     6.5257   3.543332   1020.102  782313001  0.000e+00
     6.5040   3.540321   1021.094  782313601  0.000e+00
     6.5982   3.550787   1021.787  782314201  0.000e+00
     6.6086   3.552468   1022.516  782314801  0.000e+00
     6.6351   3.554909   1023.167  782315401  0.000e+00
     6.6164   3.553144   1023.741  782316001  0.000e+00
     6.6445   3.555890   1024.224  782316601  0.000e+00
     6.5964   3.551147   1024.560  782317201  0.000e+00
     6.5686   3.548797   1024.657  782317801  0.000e+00
     6.5679   3.548414   1025.077  782318401  0.000e+00
     6.5152   3.542737   1025.258  782319001  0.000e+00
     6.5649   3.547488   1025.237  782319601  0.000e+00
     6.5740   3.548516   1024.888  782320201  0.000e+00
     6.5794   3.549078   1024.503  782320801  0.000e+00
     6.6050   3.551876   1023.964  782321401  0.000e+00
     6.5942   3.550848   1023.545  782322001  0.000e+00
     6.6064   3.552109   1022.852  782322601  0.000e+00
     6.5958   3.551026   1021.907  782323201  0.000e+00
     6.5850   3.549190   1021.088  782323801  0.000e+00
     6.5881   3.549638   1020.291  782324401  0.000e+00
     6.5848   3.549166   1019.682  782325001  0.000e+00
     6.5949   3.550236   1018.842  782325601  0.000e+00
     6.5790   3.548603   1018.100  782326201  0.000e+00
     6.5613   3.546857   1017.239  782326801  0.000e+00
     6.5510   3.545721   1016.462  782327401  0.000e+00
     6.5367   3.544335   1015.895  782328001  0.000e+00
     6.5421   3.544807   1015.287  782328601  0.000e+00
     6.5535   3.545852   1014.733  782329201  0.000e+00
     6.6091   3.551227   1014.245  782329801  0.000e+00
     6.6999   3.560543   1013.714  782330401  0.000e+00
     6.6420   3.554858   1013.399  782331001  0.000e+00
     6.6939   3.559705   1013.077  782331601  0.000e+00
     6.7710   3.567898   1012.756  782332201  0.000e+00
     6.7739   3.568203   1012.470  782332801  0.000e+00
     6.7241   3.563129   1012.392  782333401  0.000e+00
     6.6115   3.551759   1012.119  782334001  0.000e+00
     6.6088   3.551286   1012.006  782334601  0.000e+00
     6.6224   3.552440   1011.768  782335201  0.000e+00
     6.6803   3.558406   1011.754  782335801  0.000e+00
     6.6562   3.556179   1011.649  782336401  0.000e+00
     6.6914   3.559465   1011.531  782337001  0.000e+00
     6.6856   3.559202   1011.552  782337601  0.000e+00
     6.6710   3.558304   1011.321  782338201  0.000e+00
     6.6719   3.557669   1011.237  782338801  0.000e+00
     6.6579   3.556263   1011.125  782339401  0.000e+00
     6.6343   3.553894   1011.167  782340001  0.000e+00
     6.6563   3.556101   1011.167  782340601  0.000e+00
     6.6861   3.558848   1011.132  782341201  0.000e+00
     6.6923   3.559596   1011.111  782341801  0.000e+00
     6.7190   3.562153   1011.056  782342401  0.000e+00
     6.7607   3.566273   1011.111  782343001  0.000e+00
     6.7541   3.566405   1011.127  782343601  0.000e+00
     6.6865   3.559351   1011.077  782344201  0.000e+00
     6.6484   3.555437   1011.216  782344801  0.000e+00
     6.6313   3.553505   1011.251  782345401  0.000e+00
     6.6244   3.552799   1011.398  782346001  0.000e+00
     6.6229   3.552626   1011.482  782346601  0.000e+00
     6.6382   3.554187   1011.628  782347201  0.000e+00
     6.6487   3.555390   1011.796  782347801  0.000e+00
     6.6818   3.558603   1012.069  782348401  0.000e+00
     6.6479   3.555288   1012.300  782349001  0.000e+00
     6.7634   3.567017   1012.623  782349601  0.000e+00
     6.8175   3.573070   1012.953  782350201  0.000e+00
     6.8324   3.574767   1013.401  782350801  0.000e+00
     6.7862   3.570061   1013.800  782351401  0.000e+00
     6.8127   3.572843   1014.241  782352001  0.000e+00
     6.8254   3.574168   1014.766  782352601  0.000e+00
     6.8165   3.573077   1015.333  782353201  0.000e+00
     6.7983   3.571878   1015.921  782353801  0.000e+00
     6.7727   3.568948   1016.438  782354401  0.000e+00
     6.7325   3.564862   1017.249  782355001  0.000e+00
     6.7027   3.561593   1018.109  782355601  0.000e+00
     6.6824   3.559587   1018.858  782356201  0.000e+00
     6.6886   3.560204   1019.648  782356801  0.000e+00
     6.6956   3.561079   1020.579  782357401  0.000e+00
     6.7104   3.562815   1021.377  782358001  0.000e+00
     6.7013   3.561977   1022.069  782358601  0.000e+00
     6.6688   3.558757   1022.783  782359201  0.000e+00
     6.6775   3.559709   1023.644  782359801  0.000e+00
     6.6249   3.554353   1024.518  782360401  0.000e+00
     6.5001   3.541482   1025.266  782361001  0.000e+00
     6.3819   3.529536   1025.894  782361601  0.000e+00
     6.3753   3.528940   1026.571  782362201  0.000e+00
     6.3459   3.525504   1027.075  782362801  0.000e+00
     6.3289   3.523734   1027.529  782363401  0.000e+00
     6.3485   3.525529   1028.061  782364001  0.000e+00
     6.3233   3.523179   1028.179  782364601  0.000e+00
     6.3545   3.526083   1028.250  782365201  0.000e+00
     6.3991   3.530527   1027.977  782365801  0.000e+00
     6.4075   3.531112   1027.334  782366401  0.000e+00
     6.4736   3.537958   1026.502  782367001  0.000e+00
     6.5705   3.547769   1025.733  782367601  0.000e+00
     6.7282   3.564553   1024.846  782368201  0.000e+00
     6.8224   3.574753   1023.883  782368801  0.000e+00
     6.8115   3.573127   1023.100  782369401  0.000e+00
     6.8203   3.573745   1022.176  782370001  0.000e+00
     6.8421   3.575789   1021.316  782370601  0.000e+00
     6.8202   3.573678   1020.237  782371201  0.000e+00
     6.8207   3.573432   1019.300  782371801  0.000e+00
     6.7586   3.566941   1018.243  782372401  0.000e+00
     6.7094   3.561604   1017.144  782373001  0.000e+00
     6.7806   3.568774   1016.262  782373601  0.000e+00
     6.8411   3.575481   1015.480  782374201  0.000e+00
     6.8881   3.580387   1014.808  782374801  0.000e+00
     6.7998   3.571434   1014.199  782375401  0.000e+00
     6.7819   3.569270   1013.604  782376001  0.000e+00
     6.8391   3.575084   1013.268  782376601  0.000e+00
     6.9292   3.584810   1013.031  782377201  0.000e+00
     6.8294   3.574737   1012.632  782377801  0.000e+00
     6.7613   3.567166   1012.386  782378401  0.000e+00
     6.7446   3.565801   1012.218  782379001  0.000e+00
     6.7615   3.567346   1011.833  782379601  0.000e+00
     6.7364   3.565094   1011.777  782380201  0.000e+00
     6.5906   3.550174   1011.720  782380801  0.000e+00
     6.5325   3.543634   1011.613  782381401  0.000e+00
     6.5313   3.543419   1011.500  782382001  0.000e+00
     6.5752   3.547369   1011.466  782382601  0.000e+00
     6.6576   3.556191   1011.335  782383201  0.000e+00
     6.6903   3.559782   1011.384  782383801  0.000e+00
     6.8225   3.573423   1011.140  782384401  0.000e+00
     6.9689   3.589234   1011.234  782385001  0.000e+00
     6.8628   3.579930   1011.192  782385601  0.000e+00
     6.7044   3.561758   1011.232  782386201  0.000e+00
     6.6924   3.559962   1011.245  782386801  0.000e+00
     6.6932   3.560063   1011.237  782387401  0.000e+00
     6.7223   3.562979   1011.279  782388001  0.000e+00
     6.7620   3.566897   1011.392  782388601  0.000e+00
     6.7777   3.568904   1011.421  782389201  0.000e+00
     6.7233   3.563441   1011.588  782389801  0.000e+00
     6.5247   3.543288   1011.733  782390401  0.000e+00
     6.4795   3.538043   1011.878  782391001  0.000e+00
     6.6921   3.558896   1012.104  782391601  0.000e+00
     6.7228   3.563351   1012.295  782392201  0.000e+00
     6.7263   3.563686   1012.609  782392801  0.000e+00
     6.7268   3.563711   1012.917  782393401  0.000e+00
     6.7850   3.569480   1013.247  782394001  0.000e+00
     6.7338   3.565232   1013.800  782394601  0.000e+00
     6.5567   3.546725   1014.470  782395201  0.000e+00
     6.5906   3.549134   1014.930  782395801  0.000e+00
     6.9204   3.583406   1015.569  782396401  0.000e+00
     7.0193   3.595544   1016.174  782397001  0.000e+00
     6.9237   3.585285   1016.817  782397601  0.000e+00
     6.7705   3.569008   1017.705  782398201  0.000e+00
     6.8951   3.582285   1018.363  782398801  0.000e+00
     7.0457   3.598479   1019.197  782399401  0.000e+00
     6.9778   3.591610   1020.100  782400001  0.000e+00
     6.7099   3.563258   1020.820  782400601  0.000e+00
     6.8093   3.573187   1021.497  782401201  0.000e+00
     6.7127   3.563744   1022.442  782401801  0.000e+00
     6.5916   3.550632   1023.371  782402401  0.000e+00
     6.5234   3.543131   1024.153  782403001  0.000e+00
     6.5121   3.542324   1024.859  782403601  0.000e+00
     6.5276   3.543699   1025.502  782404201  0.000e+00
     6.5760   3.548953   1026.127  782404801  0.000e+00
     6.5829   3.549856   1026.715  782405401  0.000e+00
     6.5987   3.551692   1027.253  782406001  0.000e+00
     6.6562   3.557723   1027.491  782406601  0.000e+00
     6.6807   3.560614   1027.423  782407201  0.000e+00
     6.7652   3.569689   1027.263  782407801  0.000e+00
     6.7121   3.564428   1027.087  782408401  0.000e+00
     6.8749   3.581598   1026.850  782409001  0.000e+00
     6.9146   3.586051   1026.509  782409601  0.000e+00
     6.8856   3.582894   1025.845  782410201  0.000e+00
     6.9506   3.589311   1025.089  782410801  0.000e+00
     7.0121   3.595211   1024.383  782411401  0.000e+00
     7.0314   3.597549   1023.635  782412001  0.000e+00
     7.0608   3.600687   1022.760  782412601  0.000e+00
     7.0659   3.601216   1021.795  782413201  0.000e+00
     7.0550   3.600157   1020.766  782413801  0.000e+00
     7.0538   3.599802   1019.583  782414401  0.000e+00
     7.0558   3.600108   1018.520  782415001  0.000e+00
     7.0617   3.600865   1017.575  782415601  0.000e+00
     7.0573   3.600378   1016.609  782416201  0.000e+00
     7.0251   3.597035   1015.896  782416801  0.000e+00
     6.9865   3.591626   1015.167  782417401  0.000e+00
     6.9961   3.592684   1014.424  782418001  0.000e+00
     6.9709   3.589854   1013.949  782418601  0.000e+00
     6.9879   3.591145   1013.495  782419201  0.000e+00
     6.9790   3.590208   1013.004  782419801  0.000e+00
     6.9753   3.589829   1012.774  782420401  0.000e+00
     6.9664   3.589049   1012.543  782421001  0.000e+00
     6.9580   3.588292   1012.333  782421601  0.000e+00
     6.9754   3.589799   1012.073  782422201  0.000e+00
     6.9723   3.589553   1011.934  782422801  0.000e+00
     6.9689   3.589168   1011.787  782423401  0.000e+00
     6.9653   3.589187   1011.682  782424001  0.000e+00
     6.9915   3.592364   1011.577  782424601  0.000e+00
     6.9899   3.592839   1011.417  782425201  0.000e+00
     6.9894   3.592214   1011.354  782425801  0.000e+00
     6.9889   3.592100   1011.270  782426401  0.000e+00
     6.9831   3.592034   1011.165  782427001  0.000e+00
     6.9402   3.587253   1011.150  782427601  0.000e+00
     6.9005   3.582751   1011.079  782428201  0.000e+00
     6.9177   3.584335   1010.940  782428801  0.000e+00
     6.9315   3.585680   1010.961  782429401  0.000e+00
     6.9389   3.586730   1010.947  782430001  0.000e+00
     6.9503   3.587829   1010.863  782430601  0.000e+00
     6.9413   3.586574   1010.898  782431201  0.000e+00
     6.9085   3.583495   1010.898  782431801  0.000e+00
     6.9034   3.582534   1010.890  782432401  0.000e+00
     6.9040   3.582762   1010.764  782433001  0.000e+00
     6.9077   3.582984   1010.877  782433601  0.000e+00
     6.9060   3.583027   1010.940  782434201  0.000e+00
     6.9089   3.583165   1011.045  782434801  0.000e+00
     6.9089   3.583405   1011.045  782435401  0.000e+00
     6.9098   3.583645   1011.255  782436001  0.000e+00
     6.9215   3.585356   1011.436  782436601  0.000e+00
     6.9117   3.584047   1011.457  782437201  0.000e+00
     6.9110   3.583939   1011.821  782437801  0.000e+00
     6.9494   3.588070   1012.178  782438401  0.000e+00
     6.9687   3.590785   1012.417  782439001  0.000e+00
     6.9601   3.590461   1012.857  782439601  0.000e+00
     6.8743   3.581983   1013.291  782440201  0.000e+00
     6.8608   3.580226   1013.976  782440801  0.000e+00
     6.8658   3.580706   1014.627  782441401  0.000e+00
     6.8680   3.580862   1015.214  782442001  0.000e+00
     6.9103   3.585285   1016.033  782442601  0.000e+00
     6.8487   3.579249   1017.027  782443201  0.000e+00
     6.8036   3.574361   1017.873  782443801  0.000e+00
     6.8549   3.579243   1018.860  782444401  0.000e+00
     6.8980   3.584218   1020.043  782445001  0.000e+00
     6.9180   3.586356   1021.239  782445601  0.000e+00
