odissea/data/moor/raw/ce25007/microcat/21269_data.cnv
* Sea-Bird SBE37SMP-RS232  Data File:
* FileName = C:\CE25007_recovery_data\21269_data.hex
* Software version SeatermV2 2.8.0.119
* Temperature SN = 21269
* Conductivity SN = 21269
* System UpLoad Time = May 13 2025 12:55:00
* sample interval = 600 seconds
* <ApplicationData>
# nquan = 5
# nvalues = 46301                                 
# units = specified
# name 0 = tv290C: Temperature [ITS-90, deg C]
# name 1 = cond0S/m: Conductivity [S/m]
# name 2 = prdM: Pressure, Strain Gauge [db]
# name 3 = timeK: Time, Instrument [seconds]
# name 4 = flag:  0.000e+00
# span 0 =     4.5694,    15.6965                 
# span 1 =   0.000250,   4.126422                 
# span 2 =      0.985,   1324.268                 
# span 3 =  772675201,  800455201                 
# span 4 = 0.0000e+00, 0.0000e+00                 
# interval = seconds: 600
# start_time = Jun 26 2024 00:00:01 [Instrument's time stamp, first data scan]
# bad_flag = -9.990e-29
*END*
[from data line 14001]
     5.0298   3.406580   1288.350  781075801  0.000e+00
     5.0336   3.406918   1287.410  781076401  0.000e+00
     5.0420   3.407583   1286.406  781077001  0.000e+00
     5.0414   3.407507   1285.173  781077601  0.000e+00
     5.0403   3.407369   1284.041  781078201  0.000e+00
     5.0394   3.407149   1283.011  781078801  0.000e+00
     5.0384   3.407029   1282.184  781079401  0.000e+00
     5.0370   3.406847   1281.335  781080001  0.000e+00
     5.0362   3.406697   1280.411  781080601  0.000e+00
     5.0359   3.406615   1279.471  781081201  0.000e+00
     5.0349   3.406527   1278.718  781081801  0.000e+00
     5.0352   3.406489   1278.099  781082401  0.000e+00
     5.0367   3.406533   1277.587  781083001  0.000e+00
     5.0396   3.406746   1277.080  781083601  0.000e+00
     5.0536   3.407962   1276.781  781084201  0.000e+00
     5.0613   3.408683   1276.439  781084801  0.000e+00
     5.0597   3.408513   1276.055  781085401  0.000e+00
     5.0483   3.407535   1275.697  781086001  0.000e+00
     5.0484   3.407472   1275.393  781086601  0.000e+00
     5.0497   3.407604   1275.243  781087201  0.000e+00
     5.0494   3.407573   1275.051  781087801  0.000e+00
     5.0395   3.406695   1275.008  781088401  0.000e+00
     5.0407   3.406789   1274.838  781089001  0.000e+00
     5.0466   3.407303   1274.667  781089601  0.000e+00
     5.0640   3.408895   1274.624  781090201  0.000e+00
     5.0644   3.408989   1274.630  781090801  0.000e+00
     5.0430   3.407077   1274.630  781091401  0.000e+00
     5.0421   3.406920   1274.710  781092001  0.000e+00
     5.0400   3.406701   1274.667  781092601  0.000e+00
     5.0405   3.406745   1274.880  781093201  0.000e+00
     5.0398   3.406651   1274.923  781093801  0.000e+00
     5.0402   3.406720   1275.030  781094401  0.000e+00
     5.0403   3.406745   1275.222  781095001  0.000e+00
     5.0396   3.406707   1275.372  781095601  0.000e+00
     5.0419   3.406889   1275.564  781096201  0.000e+00
     5.0433   3.407115   1275.863  781096801  0.000e+00
     5.0692   3.409429   1276.125  781097401  0.000e+00
     5.0698   3.409548   1276.418  781098001  0.000e+00
     5.0701   3.409561   1276.781  781098601  0.000e+00
     5.0786   3.410357   1277.171  781099201  0.000e+00
     5.0855   3.411054   1277.528  781099801  0.000e+00
     5.0825   3.410778   1278.046  781100401  0.000e+00
     5.0858   3.411123   1278.553  781101001  0.000e+00
     5.0516   3.408025   1279.258  781101601  0.000e+00
     5.0485   3.407700   1279.941  781102201  0.000e+00
     5.0385   3.406828   1280.887  781102801  0.000e+00
     5.0349   3.406471   1281.671  781103401  0.000e+00
     5.0331   3.406365   1282.675  781104001  0.000e+00
     5.0262   3.405745   1283.700  781104601  0.000e+00
     5.0164   3.404880   1284.805  781105201  0.000e+00
     5.0059   3.403966   1285.814  781105801  0.000e+00
     5.0082   3.404166   1286.812  781106401  0.000e+00
     5.0138   3.404693   1287.922  781107001  0.000e+00
     5.0458   3.407596   1289.017  781107601  0.000e+00
     5.0623   3.409208   1290.213  781108201  0.000e+00
     5.0665   3.409754   1291.201  781108801  0.000e+00
     5.0910   3.412024   1292.050  781109401  0.000e+00
     5.0723   3.410431   1292.562  781110001  0.000e+00
     5.0695   3.410218   1293.251  781110601  0.000e+00
     5.0353   3.407140   1293.737  781111201  0.000e+00
     5.0190   3.405541   1294.057  781111801  0.000e+00
     5.0168   3.405328   1294.393  781112401  0.000e+00
     5.0260   3.406137   1294.805  781113001  0.000e+00
     5.0291   3.406332   1294.976  781113601  0.000e+00
     5.0479   3.408043   1295.040  781114201  0.000e+00
     5.0472   3.407987   1294.842  781114801  0.000e+00
     5.0510   3.408344   1294.292  781115401  0.000e+00
     5.0493   3.408143   1293.721  781116001  0.000e+00
     5.0659   3.409623   1293.187  781116601  0.000e+00
     5.0707   3.410105   1292.456  781117201  0.000e+00
     5.0772   3.410713   1291.671  781117801  0.000e+00
     5.0671   3.409684   1290.790  781118401  0.000e+00
     5.0858   3.411472   1289.893  781119001  0.000e+00
     5.0816   3.411051   1288.724  781119601  0.000e+00
     5.0604   3.408962   1287.507  781120201  0.000e+00
     5.0508   3.407984   1286.161  781120801  0.000e+00
     5.0443   3.407306   1284.981  781121401  0.000e+00
     5.0319   3.406096   1283.871  781122001  0.000e+00
     5.0206   3.405086   1282.675  781122601  0.000e+00
     5.0120   3.404102   1281.537  781123201  0.000e+00
     5.0062   3.403688   1280.619  781123801  0.000e+00
     5.0258   3.405787   1279.664  781124401  0.000e+00
     5.0185   3.405060   1278.889  781125001  0.000e+00
     5.0208   3.404740   1278.190  781125601  0.000e+00
     5.0526   3.407630   1277.614  781126201  0.000e+00
     5.0718   3.409561   1277.064  781126801  0.000e+00
     5.0887   3.411198   1276.567  781127401  0.000e+00
     5.0671   3.409247   1276.189  781128001  0.000e+00
     5.0258   3.405285   1275.863  781128601  0.000e+00
     5.0110   3.403787   1275.457  781129201  0.000e+00
     5.0050   3.403342   1275.174  781129801  0.000e+00
     5.0092   3.403868   1274.896  781130401  0.000e+00
     5.0055   3.403385   1274.826  781131001  0.000e+00
     5.0091   3.403398   1274.640  781131601  0.000e+00
     5.0044   3.403128   1274.512  781132201  0.000e+00
     5.0121   3.404137   1274.426  781132801  0.000e+00
     5.0242   3.405372   1274.197  781133401  0.000e+00
     5.0155   3.404488   1274.432  781134001  0.000e+00
     5.0075   3.403385   1274.069  781134601  0.000e+00
     5.0279   3.405221   1274.106  781135201  0.000e+00
     5.0432   3.406644   1273.999  781135801  0.000e+00
     5.0269   3.405221   1274.026  781136401  0.000e+00
     5.0188   3.404476   1274.170  781137001  0.000e+00
     5.0242   3.404914   1274.085  781137601  0.000e+00
     5.0578   3.407948   1274.213  781138201  0.000e+00
     5.0924   3.411435   1274.261  781138801  0.000e+00
     5.0832   3.410651   1274.374  781139401  0.000e+00
     5.0807   3.410369   1274.581  781140001  0.000e+00
     5.0950   3.411768   1274.694  781140601  0.000e+00
     5.1023   3.412477   1274.971  781141201  0.000e+00
     5.1081   3.413098   1275.292  781141801  0.000e+00
     5.1203   3.414284   1275.527  781142401  0.000e+00
     5.1294   3.415237   1275.859  781143001  0.000e+00
     5.1031   3.412715   1276.301  781143601  0.000e+00
     5.1011   3.412452   1276.701  781144201  0.000e+00
     5.0630   3.408953   1277.342  781144801  0.000e+00
     5.0579   3.408269   1277.940  781145401  0.000e+00
     5.0565   3.408176   1278.617  781146001  0.000e+00
     5.0542   3.407988   1279.136  781146601  0.000e+00
     5.0546   3.408025   1279.813  781147201  0.000e+00
     5.0538   3.407994   1280.582  781147801  0.000e+00
     5.0514   3.407794   1281.586  781148401  0.000e+00
     5.0511   3.407819   1282.568  781149001  0.000e+00
     5.0482   3.407550   1283.422  781149601  0.000e+00
     5.0450   3.407312   1284.340  781150201  0.000e+00
     5.0407   3.406930   1285.237  781150801  0.000e+00
     5.0367   3.406617   1286.086  781151401  0.000e+00
     5.0327   3.406247   1287.095  781152001  0.000e+00
     5.0295   3.405966   1288.008  781152601  0.000e+00
     5.0262   3.405709   1288.953  781153201  0.000e+00
     5.0245   3.406016   1289.780  781153801  0.000e+00
     5.0172   3.405848   1291.019  781154401  0.000e+00
     5.0141   3.405528   1291.617  781155001  0.000e+00
     5.0098   3.405052   1292.535  781155601  0.000e+00
     4.9991   3.403968   1293.133  781156201  0.000e+00
     4.9969   3.403655   1293.774  781156801  0.000e+00
     4.9950   3.403636   1294.137  781157401  0.000e+00
     4.9998   3.404301   1294.500  781158001  0.000e+00
     4.9636   3.400334   1294.510  781158601  0.000e+00
     4.9689   3.400622   1294.345  781159201  0.000e+00
     5.0040   3.403993   1294.116  781159801  0.000e+00
     5.0086   3.404451   1293.811  781160401  0.000e+00
     5.0065   3.404250   1293.219  781161001  0.000e+00
     5.0183   3.405159   1292.535  781161601  0.000e+00
     5.0247   3.405572   1291.623  781162201  0.000e+00
     5.0200   3.405196   1290.854  781162801  0.000e+00
     5.0131   3.404506   1289.909  781163401  0.000e+00
     5.0078   3.403910   1288.905  781164001  0.000e+00
     5.0065   3.403797   1287.880  781164601  0.000e+00
     5.0044   3.403653   1286.919  781165201  0.000e+00
     5.0301   3.405952   1285.659  781165801  0.000e+00
     5.0433   3.407237   1284.612  781166401  0.000e+00
     5.0424   3.407143   1283.443  781167001  0.000e+00
     5.0289   3.405838   1282.263  781167601  0.000e+00
     5.0292   3.405769   1281.329  781168201  0.000e+00
     5.0277   3.405531   1280.427  781168801  0.000e+00
     5.0370   3.406301   1279.664  781169401  0.000e+00
     5.0446   3.407066   1278.916  781170001  0.000e+00
     5.0564   3.408125   1278.190  781170601  0.000e+00
     5.0578   3.408319   1277.550  781171201  0.000e+00
     5.0692   3.409341   1277.000  781171801  0.000e+00
     5.0321   3.405899   1276.567  781172401  0.000e+00
     5.0178   3.404445   1276.284  781173001  0.000e+00
     5.0027   3.402947   1275.905  781173601  0.000e+00
     4.9909   3.401825   1275.558  781174201  0.000e+00
     4.9722   3.400159   1275.232  781174801  0.000e+00
     4.9670   3.399714   1275.061  781175401  0.000e+00
     4.9695   3.399871   1274.853  781176001  0.000e+00
     4.9696   3.399883   1274.741  781176601  0.000e+00
     4.9691   3.399845   1274.613  781177201  0.000e+00
     4.9726   3.400052   1274.592  781177801  0.000e+00
     5.0176   3.404169   1274.528  781178401  0.000e+00
     5.0697   3.409083   1274.490  781179001  0.000e+00
     5.0746   3.409798   1274.566  781179601  0.000e+00
     5.0358   3.406124   1274.581  781180201  0.000e+00
     5.0293   3.405422   1274.667  781180801  0.000e+00
     5.0360   3.405930   1274.645  781181401  0.000e+00
     5.0474   3.407152   1274.811  781182001  0.000e+00
     5.0420   3.406632   1274.902  781182601  0.000e+00
     5.0702   3.409334   1275.008  781183201  0.000e+00
     5.0778   3.410137   1275.164  781183801  0.000e+00
     5.1009   3.412464   1275.484  781184401  0.000e+00
     5.1050   3.412979   1275.868  781185001  0.000e+00
     5.1038   3.412885   1276.125  781185601  0.000e+00
     5.0984   3.412402   1276.515  781186201  0.000e+00
     5.0909   3.411668   1276.915  781186801  0.000e+00
     5.0936   3.411969   1277.412  781187401  0.000e+00
     5.1060   3.413105   1277.854  781188001  0.000e+00
     5.1096   3.413594   1278.415  781188601  0.000e+00
     5.0994   3.412647   1278.949  781189201  0.000e+00
     5.0939   3.412095   1279.627  781189801  0.000e+00
     5.0720   3.409982   1280.331  781190401  0.000e+00
     5.0447   3.407393   1281.180  781191001  0.000e+00
     5.0107   3.403996   1282.178  781191601  0.000e+00
     5.0091   3.403846   1283.203  781192201  0.000e+00
     5.0608   3.408798   1284.234  781192801  0.000e+00
     5.0720   3.410166   1285.344  781193401  0.000e+00
     5.0740   3.410429   1286.375  781194001  0.000e+00
     5.0702   3.410135   1287.336  781194601  0.000e+00
     5.0667   3.409809   1288.233  781195201  0.000e+00
     5.0259   3.405866   1289.044  781195801  0.000e+00
     5.0049   3.403760   1290.058  781196401  0.000e+00
     4.9992   3.403228   1291.190  781197001  0.000e+00
     5.0171   3.405021   1292.130  781197601  0.000e+00
     5.0072   3.404187   1293.203  781198201  0.000e+00
     4.9995   3.403423   1293.859  781198801  0.000e+00
     4.9756   3.401249   1294.650  781199401  0.000e+00
     4.9711   3.400867   1295.306  781200001  0.000e+00
     4.9625   3.400091   1296.059  781200601  0.000e+00
     4.9585   3.399734   1296.438  781201201  0.000e+00
     4.9570   3.399633   1296.572  781201801  0.000e+00
     4.9621   3.400028   1296.630  781202401  0.000e+00
     4.9741   3.401093   1296.273  781203001  0.000e+00
     4.9567   3.399514   1295.776  781203601  0.000e+00
     4.9514   3.398975   1294.943  781204201  0.000e+00
     4.9517   3.398900   1294.174  781204801  0.000e+00
     4.9713   3.400992   1293.363  781205401  0.000e+00
     4.9789   3.401674   1292.386  781206001  0.000e+00
     4.9810   3.401943   1291.318  781206601  0.000e+00
     4.9782   3.401580   1290.272  781207201  0.000e+00
     4.9909   3.402751   1289.012  781207801  0.000e+00
     4.9907   3.402581   1287.703  781208401  0.000e+00
     4.9934   3.402744   1286.470  781209001  0.000e+00
     4.9835   3.401797   1285.274  781209601  0.000e+00
     4.9772   3.401058   1284.143  781210201  0.000e+00
     4.9859   3.401696   1282.984  781210801  0.000e+00
     4.9780   3.400969   1282.087  781211401  0.000e+00
     5.0105   3.403801   1280.982  781212001  0.000e+00
     5.0101   3.403769   1280.106  781212601  0.000e+00
     5.0432   3.406822   1279.258  781213201  0.000e+00
     5.0641   3.408984   1278.495  781213801  0.000e+00
     5.0775   3.410276   1277.683  781214401  0.000e+00
     5.0827   3.410821   1277.043  781215001  0.000e+00
     5.0696   3.409460   1276.359  781215601  0.000e+00
     5.0559   3.408162   1276.012  781216201  0.000e+00
     5.0198   3.404721   1275.756  781216801  0.000e+00
     4.9958   3.402283   1275.457  781217401  0.000e+00
     5.0022   3.402765   1275.195  781218001  0.000e+00
     5.0116   3.403692   1274.933  781218601  0.000e+00
     5.0278   3.405253   1274.634  781219201  0.000e+00
     5.0253   3.404965   1274.560  781219801  0.000e+00
     5.0262   3.405052   1274.341  781220401  0.000e+00
     5.0254   3.404990   1274.277  781221001  0.000e+00
     5.0236   3.404827   1274.069  781221601  0.000e+00
     5.0134   3.403755   1273.679  781222201  0.000e+00
     5.0226   3.404801   1273.892  781222801  0.000e+00
     5.0308   3.405591   1273.877  781223401  0.000e+00
     5.0482   3.407240   1273.770  781224001  0.000e+00
     5.0601   3.408506   1273.770  781224601  0.000e+00
     5.0374   3.406287   1273.834  781225201  0.000e+00
     5.0305   3.405629   1273.898  781225801  0.000e+00
     5.0323   3.405792   1273.984  781226401  0.000e+00
     5.0451   3.406977   1274.069  781227001  0.000e+00
     5.0644   3.408908   1274.261  781227601  0.000e+00
     5.0416   3.406745   1274.325  781228201  0.000e+00
     5.0513   3.407566   1274.432  781228801  0.000e+00
     5.0905   3.411498   1274.667  781229401  0.000e+00
     5.1269   3.415181   1274.950  781230001  0.000e+00
     5.1279   3.415350   1275.212  781230601  0.000e+00
     5.1029   3.412935   1275.554  781231201  0.000e+00
     5.0757   3.410257   1275.911  781231801  0.000e+00
     5.0745   3.410094   1276.461  781232401  0.000e+00
     5.0734   3.410113   1277.080  781233001  0.000e+00
     5.0636   3.409141   1277.683  781233601  0.000e+00
     5.0731   3.410006   1278.126  781234201  0.000e+00
     5.0582   3.408665   1278.644  781234801  0.000e+00
     5.0576   3.408621   1279.471  781235401  0.000e+00
     5.0855   3.411343   1280.075  781236001  0.000e+00
     5.0808   3.410973   1281.378  781236601  0.000e+00
     5.0714   3.410083   1282.467  781237201  0.000e+00
     5.0416   3.407268   1283.898  781237801  0.000e+00
     5.0308   3.406159   1285.045  781238401  0.000e+00
     5.0146   3.404617   1286.043  781239001  0.000e+00
     5.0098   3.404148   1287.260  781239601  0.000e+00
     5.0093   3.404186   1288.633  781240201  0.000e+00
     5.0044   3.403873   1289.887  781240801  0.000e+00
     5.0022   3.403704   1291.003  781241401  0.000e+00
     4.9976   3.403410   1291.916  781242001  0.000e+00
     4.9927   3.402997   1292.663  781242601  0.000e+00
     4.9865   3.402514   1293.320  781243201  0.000e+00
     4.9813   3.402126   1293.881  781243801  0.000e+00
     4.9705   3.401005   1294.543  781244401  0.000e+00
     4.9649   3.400366   1295.263  781245001  0.000e+00
     4.9657   3.400529   1295.690  781245601  0.000e+00
