odissea/data/moor/raw/ce25007/microcat/21269_data.cnv
* Sea-Bird SBE37SMP-RS232  Data File:
* FileName = C:\CE25007_recovery_data\21269_data.hex
* Software version SeatermV2 2.8.0.119
* Temperature SN = 21269
* Conductivity SN = 21269
* System UpLoad Time = May 13 2025 12:55:00
* sample interval = 600 seconds
* <ApplicationData>
# nquan = 5
# nvalues = 46301                                 
# units = specified
# name 0 = tv290C: Temperature [ITS-90, deg C]
# name 1 = cond0S/m: Conductivity [S/m]
# name 2 = prdM: Pressure, Strain Gauge [db]
# name 3 = timeK: Time, Instrument [seconds]
# name 4 = flag:  0.000e+00
# span 0 =     4.5694,    15.6965                 
# span 1 =   0.000250,   4.126422                 
# span 2 =      0.985,   1324.268                 
# span 3 =  772675201,  800455201                 
# span 4 = 0.0000e+00, 0.0000e+00                 
# interval = seconds: 600
# start_time = Jun 26 2024 00:00:01 [Instrument's time stamp, first data scan]
# bad_flag = -9.990e-29
*END*
[from data line 4858]
     5.8246   3.486691   1273.791  775590001  0.000e+00
     5.8138   3.485723   1273.699  775590601  0.000e+00
     5.8269   3.487039   1273.769  775591201  0.000e+00
     5.8282   3.487203   1273.769  775591801  0.000e+00
     5.8487   3.489247   1273.812  775592401  0.000e+00
     5.8533   3.489715   1273.798  775593001  0.000e+00
     5.8474   3.489260   1273.769  775593601  0.000e+00
     5.8418   3.488551   1273.919  775594201  0.000e+00
     5.8039   3.484800   1273.919  775594801  0.000e+00
     5.8053   3.484933   1273.898  775595401  0.000e+00
     5.7451   3.478901   1273.955  775596001  0.000e+00
     5.6391   3.468118   1274.098  775596601  0.000e+00
     5.6284   3.466692   1274.148  775597201  0.000e+00
     5.6359   3.467462   1274.148  775597801  0.000e+00
     5.5974   3.463776   1274.291  775598401  0.000e+00
     5.6428   3.468144   1274.255  775599001  0.000e+00
     5.6470   3.468579   1274.319  775599601  0.000e+00
     5.6702   3.471067   1274.405  775600201  0.000e+00
     5.6815   3.472153   1274.240  775600801  0.000e+00
     5.6832   3.472324   1274.533  775601401  0.000e+00
     5.7478   3.478781   1274.667  775602001  0.000e+00
     5.7804   3.482308   1274.674  775602601  0.000e+00
     5.8024   3.484598   1274.681  775603201  0.000e+00
     5.7389   3.478250   1274.830  775603801  0.000e+00
     5.6730   3.471440   1274.902  775604401  0.000e+00
     5.6644   3.470448   1274.902  775605001  0.000e+00
     5.6633   3.470366   1275.024  775605601  0.000e+00
     5.7186   3.475918   1275.052  775606201  0.000e+00
     5.6694   3.471099   1275.201  775606801  0.000e+00
     5.6665   3.470720   1275.131  775607401  0.000e+00
     5.6613   3.470215   1275.265  775608001  0.000e+00
     5.7420   3.478016   1275.180  775608601  0.000e+00
     5.7678   3.481012   1275.257  775609201  0.000e+00
     5.6566   3.470253   1275.293  775609801  0.000e+00
     5.6576   3.469760   1275.308  775610401  0.000e+00
     5.6617   3.469975   1275.237  775611001  0.000e+00
     5.6870   3.472690   1275.280  775611601  0.000e+00
     5.7452   3.478339   1275.259  775612201  0.000e+00
     5.8413   3.488090   1275.279  775612801  0.000e+00
     5.8339   3.488128   1275.243  775613401  0.000e+00
     5.8619   3.490773   1275.179  775614001  0.000e+00
     5.9519   3.499517   1275.164  775614601  0.000e+00
     6.0067   3.505461   1275.136  775615201  0.000e+00
     5.9948   3.504346   1275.093  775615801  0.000e+00
     6.0516   3.510166   1274.993  775616401  0.000e+00
     6.0960   3.514569   1275.008  775617001  0.000e+00
     6.1091   3.515997   1274.830  775617601  0.000e+00
     5.9997   3.505195   1274.872  775618201  0.000e+00
     6.0559   3.510426   1274.744  775618801  0.000e+00
     6.0694   3.512031   1274.787  775619401  0.000e+00
     6.0174   3.506482   1274.659  775620001  0.000e+00
     5.9723   3.502102   1274.709  775620601  0.000e+00
     5.9388   3.498693   1274.559  775621201  0.000e+00
     5.8080   3.485825   1274.566  775621801  0.000e+00
     5.7887   3.483244   1274.645  775622401  0.000e+00
     5.7853   3.482846   1274.489  775623001  0.000e+00
     5.7855   3.482871   1274.410  775623601  0.000e+00
     5.7855   3.482827   1274.482  775624201  0.000e+00
     5.7857   3.482915   1274.339  775624801  0.000e+00
     5.7865   3.482972   1274.254  775625401  0.000e+00
     5.7886   3.483162   1274.083  775626001  0.000e+00
     5.7771   3.482093   1274.083  775626601  0.000e+00
     5.6730   3.471212   1274.119  775627201  0.000e+00
     5.7882   3.482902   1274.012  775627801  0.000e+00
     5.8341   3.487545   1273.976  775628401  0.000e+00
     5.8172   3.486153   1273.919  775629001  0.000e+00
     5.8545   3.489899   1273.833  775629601  0.000e+00
     5.8579   3.490260   1273.862  775630201  0.000e+00
     5.8486   3.489380   1273.791  775630801  0.000e+00
     5.8006   3.484528   1273.891  775631401  0.000e+00
     5.7557   3.479868   1273.799  775632001  0.000e+00
     5.7660   3.480810   1273.799  775632601  0.000e+00
     5.7730   3.481568   1273.763  775633201  0.000e+00
     5.7875   3.482985   1273.699  775633801  0.000e+00
     5.7902   3.483339   1273.741  775634401  0.000e+00
     5.7924   3.483503   1273.656  775635001  0.000e+00
     5.7810   3.482542   1273.613  775635601  0.000e+00
     5.8102   3.485394   1273.684  775636201  0.000e+00
     5.8181   3.486090   1273.599  775636801  0.000e+00
     5.8682   3.491158   1273.705  775637401  0.000e+00
     5.8676   3.491253   1273.627  775638001  0.000e+00
     5.8920   3.493678   1273.705  775638601  0.000e+00
     5.8933   3.493848   1273.712  775639201  0.000e+00
     5.8602   3.490525   1273.663  775639801  0.000e+00
     5.8469   3.489139   1273.819  775640401  0.000e+00
     5.8495   3.489336   1273.769  775641001  0.000e+00
     5.8577   3.490108   1273.833  775641601  0.000e+00
     5.8693   3.491297   1273.840  775642201  0.000e+00
     5.8709   3.491462   1273.898  775642801  0.000e+00
     5.8836   3.492696   1273.990  775643401  0.000e+00
     5.8572   3.490298   1274.011  775644001  0.000e+00
     5.8585   3.490285   1274.047  775644601  0.000e+00
     5.8197   3.486413   1274.090  775645201  0.000e+00
     5.8049   3.484895   1274.218  775645801  0.000e+00
     5.8039   3.484781   1274.254  775646401  0.000e+00
     5.8052   3.484914   1274.425  775647001  0.000e+00
     5.7437   3.478977   1274.361  775647601  0.000e+00
     5.8028   3.484528   1274.461  775648201  0.000e+00
     5.8115   3.485439   1274.553  775648801  0.000e+00
     5.7915   3.483466   1274.645  775649401  0.000e+00
     5.7153   3.475855   1274.766  775650001  0.000e+00
     5.7124   3.475400   1274.781  775650601  0.000e+00
     5.7398   3.478149   1274.838  775651201  0.000e+00
     5.7866   3.482859   1274.888  775651801  0.000e+00
     5.7759   3.482100   1274.958  775652401  0.000e+00
     5.7131   3.475716   1274.973  775653001  0.000e+00
     5.6531   3.469489   1275.052  775653601  0.000e+00
     5.6449   3.468542   1275.067  775654201  0.000e+00
     5.7210   3.476247   1275.009  775654801  0.000e+00
     5.7257   3.476803   1275.165  775655401  0.000e+00
     5.6337   3.467860   1275.009  775656001  0.000e+00
     5.6302   3.467020   1275.109  775656601  0.000e+00
     5.6213   3.466156   1275.103  775657201  0.000e+00
     5.8634   3.490159   1275.137  775657801  0.000e+00
     5.9598   3.500562   1275.129  775658401  0.000e+00
     5.9573   3.500474   1275.050  775659001  0.000e+00
     5.8942   3.493874   1275.107  775659601  0.000e+00
     5.8367   3.488216   1275.100  775660201  0.000e+00
     5.9856   3.502767   1275.086  775660801  0.000e+00
     6.0990   3.514855   1274.886  775661401  0.000e+00
     6.0915   3.514315   1274.915  775662001  0.000e+00
     6.0732   3.512367   1274.958  775662601  0.000e+00
     6.0725   3.512253   1274.922  775663201  0.000e+00
     6.0520   3.510192   1275.214  775663801  0.000e+00
     6.0471   3.509678   1274.808  775664401  0.000e+00
     6.0117   3.506070   1274.794  775665001  0.000e+00
     5.9022   3.495140   1274.666  775665601  0.000e+00
     5.8842   3.492931   1274.744  775666201  0.000e+00
     5.8300   3.487634   1274.716  775666801  0.000e+00
     5.8266   3.487039   1274.560  775667401  0.000e+00
     5.8641   3.490798   1274.538  775668001  0.000e+00
     5.8863   3.493165   1274.481  775668601  0.000e+00
     5.8690   3.491361   1274.438  775669201  0.000e+00
     5.8319   3.487646   1274.438  775669801  0.000e+00
     5.8644   3.490703   1274.303  775670401  0.000e+00
     5.8865   3.493108   1274.282  775671001  0.000e+00
     5.8938   3.493849   1274.218  775671601  0.000e+00
     5.8827   3.492823   1274.118  775672201  0.000e+00
     5.8657   3.491114   1274.075  775672801  0.000e+00
     5.8618   3.490627   1274.068  775673401  0.000e+00
     5.8710   3.491525   1274.054  775674001  0.000e+00
     5.8708   3.491538   1274.075  775674601  0.000e+00
     5.8724   3.491703   1274.033  775675201  0.000e+00
     5.8650   3.490880   1273.904  775675801  0.000e+00
     5.8734   3.491766   1273.904  775676401  0.000e+00
     5.8688   3.491285   1273.862  775677001  0.000e+00
     5.8750   3.491924   1273.904  775677601  0.000e+00
     5.8825   3.492646   1273.883  775678201  0.000e+00
     5.8942   3.493842   1273.883  775678801  0.000e+00
     5.8981   3.494558   1273.890  775679401  0.000e+00
     5.8987   3.494355   1273.883  775680001  0.000e+00
     5.8961   3.494026   1273.776  775680601  0.000e+00
     5.9128   3.495792   1273.826  775681201  0.000e+00
     5.9021   3.494722   1273.805  775681801  0.000e+00
     5.8714   3.491778   1273.776  775682401  0.000e+00
     5.8617   3.490589   1273.748  775683001  0.000e+00
     5.8515   3.489658   1273.840  775683601  0.000e+00
     5.8811   3.492525   1273.833  775684201  0.000e+00
     5.8807   3.492576   1273.904  775684801  0.000e+00
     5.8595   3.490430   1273.840  775685401  0.000e+00
     5.7342   3.477662   1273.983  775686001  0.000e+00
     5.7301   3.477062   1273.963  775686601  0.000e+00
     5.7698   3.481088   1274.055  775687201  0.000e+00
     5.8656   3.490646   1274.019  775687801  0.000e+00
     5.8642   3.491006   1273.997  775688401  0.000e+00
     5.8499   3.489266   1274.047  775689001  0.000e+00
     5.8731   3.491728   1274.118  775689601  0.000e+00
     5.9129   3.495849   1274.161  775690201  0.000e+00
     5.9244   3.496977   1274.189  775690801  0.000e+00
     5.9243   3.497021   1274.189  775691401  0.000e+00
     5.8533   3.490000   1274.246  775692001  0.000e+00
     5.8410   3.488507   1274.303  775692601  0.000e+00
     5.9147   3.495577   1274.438  775693201  0.000e+00
     5.9537   3.499922   1274.424  775693801  0.000e+00
     5.9621   3.500993   1274.531  775694401  0.000e+00
     5.9810   3.502850   1274.488  775695001  0.000e+00
     5.9681   3.501589   1274.623  775695601  0.000e+00
     6.0367   3.508181   1274.652  775696201  0.000e+00
     6.0876   3.513896   1274.723  775696801  0.000e+00
     6.0631   3.511460   1274.794  775697401  0.000e+00
     6.0301   3.508086   1274.851  775698001  0.000e+00
     5.9591   3.500974   1274.951  775698601  0.000e+00
     5.9469   3.499441   1274.858  775699201  0.000e+00
     5.9492   3.499631   1274.858  775699801  0.000e+00
     5.9623   3.500911   1274.901  775700401  0.000e+00
     5.9727   3.502020   1274.901  775701001  0.000e+00
     5.9714   3.501931   1274.901  775701601  0.000e+00
     5.9495   3.499707   1274.958  775702201  0.000e+00
     5.9518   3.499903   1275.008  775702801  0.000e+00
     5.9741   3.502165   1275.050  775703401  0.000e+00
     5.9638   3.501253   1274.922  775704001  0.000e+00
     5.9336   3.498155   1275.000  775704601  0.000e+00
     5.8671   3.490589   1274.915  775705201  0.000e+00
     5.8843   3.492583   1275.015  775705801  0.000e+00
     5.9273   3.497287   1274.972  775706401  0.000e+00
     5.9330   3.497940   1274.872  775707001  0.000e+00
     5.9237   3.497066   1274.936  775707601  0.000e+00
     5.8884   3.493501   1274.851  775708201  0.000e+00
     5.8718   3.491880   1274.859  775708801  0.000e+00
     5.8959   3.494121   1274.737  775709401  0.000e+00
     5.9211   3.496755   1274.723  775710001  0.000e+00
     5.8953   3.494235   1274.637  775710601  0.000e+00
     5.8276   3.487596   1274.616  775711201  0.000e+00
     5.7861   3.483029   1274.588  775711801  0.000e+00
     5.7569   3.479862   1274.489  775712401  0.000e+00
     5.7435   3.478402   1274.489  775713001  0.000e+00
     5.7432   3.478212   1274.354  775713601  0.000e+00
     5.7462   3.478566   1274.368  775714201  0.000e+00
     5.7522   3.479242   1274.311  775714801  0.000e+00
     5.8002   3.483990   1274.204  775715401  0.000e+00
     5.8780   3.491500   1274.197  775716001  0.000e+00
     5.9217   3.496616   1274.054  775716601  0.000e+00
     5.9301   3.497616   1273.975  775717201  0.000e+00
     5.9341   3.498034   1273.911  775717801  0.000e+00
     5.9391   3.498554   1273.975  775718401  0.000e+00
     5.9490   3.499580   1273.933  775719001  0.000e+00
     5.9722   3.501918   1273.911  775719601  0.000e+00
     5.9866   3.503414   1273.890  775720201  0.000e+00
     6.0094   3.505734   1273.883  775720801  0.000e+00
     6.0232   3.507198   1273.755  775721401  0.000e+00
     6.0279   3.507724   1273.797  775722001  0.000e+00
     5.9811   3.503192   1273.840  775722601  0.000e+00
     5.9483   3.499643   1273.748  775723201  0.000e+00
     5.9365   3.498338   1273.741  775723801  0.000e+00
     5.9279   3.497420   1273.762  775724401  0.000e+00
     5.9273   3.497439   1273.741  775725001  0.000e+00
     5.8234   3.486735   1273.776  775725601  0.000e+00
     5.8308   3.487305   1273.748  775726201  0.000e+00
     5.8408   3.488285   1273.705  775726801  0.000e+00
     5.9070   3.495102   1273.691  775727401  0.000e+00
     5.9444   3.498991   1273.719  775728001  0.000e+00
     5.8955   3.494184   1273.762  775728601  0.000e+00
     5.8864   3.493101   1273.755  775729201  0.000e+00
     5.8676   3.491146   1273.798  775729801  0.000e+00
     5.8737   3.491721   1273.734  775730401  0.000e+00
     5.8680   3.491133   1273.812  775731001  0.000e+00
     5.8526   3.489576   1273.776  775731601  0.000e+00
     5.8627   3.490576   1273.840  775732201  0.000e+00
     5.8470   3.488950   1273.833  775732801  0.000e+00
     5.8515   3.489393   1273.947  775733401  0.000e+00
     5.8537   3.489684   1273.876  775734001  0.000e+00
     5.8586   3.490171   1274.011  775734601  0.000e+00
     5.8680   3.491089   1274.111  775735201  0.000e+00
     5.8909   3.493475   1274.068  775735801  0.000e+00
     5.9259   3.497091   1274.161  775736401  0.000e+00
     5.9297   3.497515   1274.125  775737001  0.000e+00
     5.9765   3.502336   1274.303  775737601  0.000e+00
     6.0832   3.513370   1274.267  775738201  0.000e+00
     6.0800   3.513363   1274.346  775738801  0.000e+00
     5.9257   3.497712   1274.452  775739401  0.000e+00
     5.8937   3.493836   1274.524  775740001  0.000e+00
     5.9347   3.497984   1274.488  775740601  0.000e+00
     5.9463   3.499263   1274.552  775741201  0.000e+00
     5.9400   3.498674   1274.687  775741801  0.000e+00
     5.9517   3.499815   1274.730  775742401  0.000e+00
     5.9579   3.500467   1274.680  775743001  0.000e+00
     5.9529   3.500005   1274.702  775743601  0.000e+00
     5.9240   3.497015   1274.787  775744201  0.000e+00
     5.8829   3.492842   1274.844  775744801  0.000e+00
     5.8753   3.491950   1274.844  775745401  0.000e+00
     5.8807   3.492513   1274.865  775746001  0.000e+00
     5.9049   3.495160   1274.929  775746601  0.000e+00
     5.8815   3.492716   1274.929  775747201  0.000e+00
     5.8550   3.489861   1275.029  775747801  0.000e+00
     5.8026   3.484636   1275.072  775748401  0.000e+00
     5.8153   3.485679   1275.115  775749001  0.000e+00
     5.8682   3.490994   1275.051  775749601  0.000e+00
     5.9036   3.494837   1275.072  775750201  0.000e+00
     5.9420   3.498624   1275.086  775750801  0.000e+00
     5.9942   3.504054   1275.072  775751401  0.000e+00
     6.0594   3.510769   1275.015  775752001  0.000e+00
     6.0801   3.513237   1274.958  775752601  0.000e+00
     6.0610   3.511327   1274.958  775753201  0.000e+00
     6.0335   3.508353   1274.951  775753801  0.000e+00
     6.0377   3.508720   1274.822  775754401  0.000e+00
     6.0222   3.507243   1274.801  775755001  0.000e+00
     5.9924   3.504117   1274.865  775755601  0.000e+00
     5.9470   3.499517   1274.794  775756201  0.000e+00
     5.9149   3.496141   1274.766  775756801  0.000e+00
     5.9093   3.495596   1274.744  775757401  0.000e+00
     5.9257   3.497199   1274.637  775758001  0.000e+00
     5.9938   3.504098   1274.644  775758601  0.000e+00
     6.0083   3.505702   1274.538  775759201  0.000e+00
     5.9940   3.504384   1274.495  775759801  0.000e+00
