odissea/data/moor/raw/ce25007/microcat/21269_data.cnv
* Sea-Bird SBE37SMP-RS232  Data File:
* FileName = C:\CE25007_recovery_data\21269_data.hex
* Software version SeatermV2 2.8.0.119
* Temperature SN = 21269
* Conductivity SN = 21269
* System UpLoad Time = May 13 2025 12:55:00
* sample interval = 600 seconds
* <ApplicationData>
# nquan = 5
# nvalues = 46301                                 
# units = specified
# name 0 = tv290C: Temperature [ITS-90, deg C]
# name 1 = cond0S/m: Conductivity [S/m]
# name 2 = prdM: Pressure, Strain Gauge [db]
# name 3 = timeK: Time, Instrument [seconds]
# name 4 = flag:  0.000e+00
# span 0 =     4.5694,    15.6965                 
# span 1 =   0.000250,   4.126422                 
# span 2 =      0.985,   1324.268                 
# span 3 =  772675201,  800455201                 
# span 4 = 0.0000e+00, 0.0000e+00                 
# interval = seconds: 600
# start_time = Jun 26 2024 00:00:01 [Instrument's time stamp, first data scan]
# bad_flag = -9.990e-29
*END*
[from data line 10858]
     5.3479   3.438505   1276.481  779190001  0.000e+00
     5.3125   3.434907   1276.304  779190601  0.000e+00
     5.3105   3.434599   1276.111  779191201  0.000e+00
     5.3177   3.435334   1275.919  779191801  0.000e+00
     5.3793   3.441210   1275.593  779192401  0.000e+00
     5.4507   3.448823   1275.398  779193001  0.000e+00
     5.5589   3.459998   1275.160  779193601  0.000e+00
     5.5409   3.458131   1275.032  779194201  0.000e+00
     5.5554   3.459518   1274.776  779194801  0.000e+00
     5.5645   3.460357   1274.648  779195401  0.000e+00
     5.5215   3.456290   1274.520  779196001  0.000e+00
     5.5079   3.454594   1274.364  779196601  0.000e+00
     5.5466   3.458446   1274.300  779197201  0.000e+00
     5.5481   3.459007   1274.157  779197801  0.000e+00
     5.5605   3.459928   1274.114  779198401  0.000e+00
     5.5620   3.460149   1273.965  779199001  0.000e+00
     5.6094   3.464937   1273.928  779199601  0.000e+00
     5.6889   3.473195   1273.849  779200201  0.000e+00
     5.6884   3.473435   1273.735  779200801  0.000e+00
     5.6995   3.474623   1273.749  779201401  0.000e+00
     5.7654   3.481347   1273.649  779202001  0.000e+00
     5.7845   3.483263   1273.649  779202601  0.000e+00
     5.8029   3.485072   1273.634  779203201  0.000e+00
     5.7751   3.482220   1273.592  779203801  0.000e+00
     5.7449   3.479248   1273.628  779204401  0.000e+00
     5.7608   3.480677   1273.585  779205001  0.000e+00
     5.7748   3.481935   1273.634  779205601  0.000e+00
     5.7458   3.479179   1273.485  779206201  0.000e+00
     5.7345   3.478066   1273.521  779206801  0.000e+00
     5.7261   3.477359   1273.564  779207401  0.000e+00
     5.7142   3.476133   1273.600  779208001  0.000e+00
     5.6976   3.474364   1273.621  779208601  0.000e+00
     5.6853   3.472987   1274.070  779209201  0.000e+00
     5.6807   3.472406   1273.685  779209801  0.000e+00
     5.6713   3.471667   1273.828  779210401  0.000e+00
     5.5722   3.461871   1273.920  779211001  0.000e+00
     5.5225   3.456359   1273.986  779211601  0.000e+00
     5.4802   3.452344   1274.065  779212201  0.000e+00
     5.5682   3.460685   1274.065  779212801  0.000e+00
     5.6435   3.468598   1274.148  779213401  0.000e+00
     5.6405   3.468390   1274.319  779214001  0.000e+00
     5.6162   3.465998   1274.441  779214601  0.000e+00
     5.5480   3.458957   1274.712  779215201  0.000e+00
     5.5084   3.454960   1274.925  779215801  0.000e+00
     5.5086   3.454828   1275.026  779216401  0.000e+00
     5.4745   3.451595   1275.090  779217001  0.000e+00
     5.3849   3.442413   1275.334  779217601  0.000e+00
     5.3990   3.443709   1275.562  779218201  0.000e+00
     5.4971   3.453441   1275.788  779218801  0.000e+00
     5.5288   3.456946   1275.950  779219401  0.000e+00
     5.5271   3.456662   1276.094  779220001  0.000e+00
     5.4667   3.451003   1276.350  779220601  0.000e+00
     5.4318   3.447324   1276.600  779221201  0.000e+00
     5.4611   3.450096   1276.771  779221801  0.000e+00
     5.5074   3.454967   1276.984  779222401  0.000e+00
     5.5517   3.459494   1277.204  779223001  0.000e+00
     5.5472   3.458914   1277.467  779223601  0.000e+00
     5.5295   3.456991   1277.531  779224201  0.000e+00
     5.5155   3.455541   1277.610  779224801  0.000e+00
     5.5156   3.455446   1277.674  779225401  0.000e+00
     5.5009   3.454003   1277.909  779226001  0.000e+00
     5.4912   3.453020   1278.165  779226601  0.000e+00
     5.5303   3.457029   1277.994  779227201  0.000e+00
     5.5051   3.454577   1278.116  779227801  0.000e+00
     5.4844   3.452471   1277.994  779228401  0.000e+00
     5.4810   3.452106   1277.924  779229001  0.000e+00
     5.5088   3.454702   1277.753  779229601  0.000e+00
     5.5018   3.454154   1277.588  779230201  0.000e+00
     5.4893   3.452931   1277.503  779230801  0.000e+00
     5.4953   3.453423   1277.311  779231401  0.000e+00
     5.5372   3.457590   1277.054  779232001  0.000e+00
     5.5302   3.456984   1276.911  779232601  0.000e+00
     5.5245   3.456423   1276.691  779233201  0.000e+00
     5.5226   3.456209   1276.420  779233801  0.000e+00
     5.5278   3.456707   1276.313  779234401  0.000e+00
     5.5095   3.454941   1276.109  779235001  0.000e+00
     5.5048   3.454393   1275.965  779235601  0.000e+00
     5.4922   3.453170   1275.773  779236201  0.000e+00
     5.4826   3.452143   1275.560  779236801  0.000e+00
     5.4711   3.450984   1275.383  779237401  0.000e+00
     5.4633   3.450234   1275.190  779238001  0.000e+00
     5.4306   3.446927   1274.949  779238601  0.000e+00
     5.4273   3.446543   1274.842  779239201  0.000e+00
     5.4365   3.447336   1274.693  779239801  0.000e+00
     5.4421   3.447928   1274.592  779240401  0.000e+00
     5.5377   3.457627   1274.492  779241001  0.000e+00
     5.6210   3.466528   1274.370  779241601  0.000e+00
     5.6285   3.467557   1274.234  779242201  0.000e+00
     5.5719   3.461556   1274.227  779242801  0.000e+00
     5.6723   3.471730   1274.014  779243401  0.000e+00
     5.7774   3.482852   1274.012  779244001  0.000e+00
     5.8005   3.485413   1273.955  779244601  0.000e+00
     5.7905   3.484465   1273.869  779245201  0.000e+00
     5.7620   3.481531   1273.869  779245801  0.000e+00
     5.7489   3.480152   1273.841  779246401  0.000e+00
     5.7730   3.482580   1273.869  779247001  0.000e+00
     5.7778   3.483092   1273.763  779247601  0.000e+00
     5.7731   3.482650   1273.720  779248201  0.000e+00
     5.7327   3.478616   1273.763  779248801  0.000e+00
     5.7080   3.475924   1273.749  779249401  0.000e+00
     5.7002   3.475065   1273.792  779250001  0.000e+00
     5.6871   3.473770   1273.707  779250601  0.000e+00
     5.6255   3.467455   1273.700  779251201  0.000e+00
     5.6232   3.467089   1273.764  779251801  0.000e+00
     5.6338   3.468118   1273.764  779252401  0.000e+00
     5.7109   3.476025   1273.721  779253001  0.000e+00
     5.7631   3.481480   1273.777  779253601  0.000e+00
     5.7592   3.481271   1273.991  779254201  0.000e+00
     5.7661   3.481878   1274.012  779254801  0.000e+00
     5.7816   3.483529   1274.126  779255401  0.000e+00
     5.8349   3.488804   1274.239  779256001  0.000e+00
     5.8426   3.489956   1274.239  779256601  0.000e+00
     5.7901   3.484553   1274.410  779257201  0.000e+00
     5.7638   3.481714   1274.397  779257801  0.000e+00
     5.7458   3.479874   1274.546  779258401  0.000e+00
     5.7571   3.481006   1274.824  779259001  0.000e+00
     5.7617   3.481487   1274.909  779259601  0.000e+00
     5.7389   3.479369   1275.123  779260201  0.000e+00
     5.6695   3.472160   1275.165  779260801  0.000e+00
     5.6422   3.469230   1275.600  779261401  0.000e+00
     5.6604   3.471004   1275.771  779262001  0.000e+00
     5.6419   3.469268   1276.070  779262601  0.000e+00
     5.5911   3.463846   1276.427  779263201  0.000e+00
     5.5778   3.462547   1276.548  779263801  0.000e+00
     5.5688   3.461531   1276.634  779264401  0.000e+00
     5.5585   3.460528   1276.854  779265001  0.000e+00
     5.5323   3.457873   1277.082  779265601  0.000e+00
     5.5134   3.455963   1277.225  779266201  0.000e+00
     5.5611   3.460787   1277.445  779266801  0.000e+00
     5.5661   3.461557   1277.729  779267401  0.000e+00
     5.5064   3.455591   1278.037  779268001  0.000e+00
     5.4879   3.453354   1278.137  779268601  0.000e+00
     5.5325   3.457716   1278.287  779269201  0.000e+00
     5.5255   3.457199   1278.479  779269801  0.000e+00
     5.5206   3.456840   1278.720  779270401  0.000e+00
     5.5095   3.455781   1278.870  779271001  0.000e+00
     5.5232   3.457023   1278.763  779271601  0.000e+00
     5.5238   3.457212   1278.827  779272201  0.000e+00
     5.5178   3.456790   1278.891  779272801  0.000e+00
     5.4077   3.445574   1278.735  779273401  0.000e+00
     5.4076   3.445272   1278.643  779274001  0.000e+00
     5.3421   3.438663   1278.509  779274601  0.000e+00
     5.3195   3.436065   1278.588  779275201  0.000e+00
     5.3720   3.441476   1278.082  779275801  0.000e+00
     5.4422   3.448811   1277.826  779276401  0.000e+00
     5.4483   3.449485   1277.618  779277001  0.000e+00
     5.4393   3.448559   1277.384  779277601  0.000e+00
     5.4111   3.445756   1277.149  779278201  0.000e+00
     5.3950   3.444037   1276.892  779278801  0.000e+00
     5.4252   3.446978   1276.615  779279401  0.000e+00
     5.4540   3.450007   1276.337  779280001  0.000e+00
     5.4515   3.449718   1276.124  779280601  0.000e+00
     5.4254   3.447148   1275.959  779281201  0.000e+00
     5.4769   3.452074   1275.810  779281801  0.000e+00
     5.4669   3.451406   1275.596  779282401  0.000e+00
     5.4483   3.449560   1275.447  779283001  0.000e+00
     5.4823   3.452779   1275.254  779283601  0.000e+00
     5.6071   3.465676   1275.118  779284201  0.000e+00
     5.6414   3.469350   1274.846  779284801  0.000e+00
     5.6438   3.469615   1274.768  779285401  0.000e+00
     5.6302   3.468239   1274.654  779286001  0.000e+00
     5.6061   3.465815   1274.612  779286601  0.000e+00
     5.5551   3.460477   1274.483  779287201  0.000e+00
     5.4481   3.449541   1274.471  779287801  0.000e+00
     5.5166   3.456321   1274.342  779288401  0.000e+00
     5.5889   3.463738   1274.263  779289001  0.000e+00
     5.6676   3.471863   1274.170  779289601  0.000e+00
     5.6798   3.473303   1274.134  779290201  0.000e+00
     5.6516   3.470454   1273.999  779290801  0.000e+00
     5.6141   3.466528   1274.084  779291401  0.000e+00
     5.5849   3.463366   1274.099  779292001  0.000e+00
     5.5733   3.462205   1274.078  779292601  0.000e+00
     5.5443   3.459222   1274.114  779293201  0.000e+00
     5.5329   3.458024   1274.108  779293801  0.000e+00
     5.5185   3.456529   1274.044  779294401  0.000e+00
     5.5149   3.455994   1274.029  779295001  0.000e+00
     5.4994   3.454481   1274.065  779295601  0.000e+00
     5.4698   3.451601   1274.080  779296201  0.000e+00
     5.4438   3.449112   1274.080  779296801  0.000e+00
     5.4322   3.447840   1274.180  779297401  0.000e+00
     5.4385   3.448394   1274.165  779298001  0.000e+00
     5.4582   3.450473   1274.208  779298601  0.000e+00
     5.4724   3.451796   1274.229  779299201  0.000e+00
     5.4767   3.452193   1274.300  779299801  0.000e+00
     5.4915   3.453624   1274.407  779300401  0.000e+00
     5.4764   3.452262   1274.507  779301001  0.000e+00
     5.4430   3.448980   1274.592  779301601  0.000e+00
     5.4232   3.446851   1274.608  779302201  0.000e+00
     5.4262   3.447084   1274.778  779302801  0.000e+00
     5.5008   3.454620   1274.806  779303401  0.000e+00
     5.5427   3.459001   1274.998  779304001  0.000e+00
     5.5927   3.463997   1275.124  779304601  0.000e+00
     5.5844   3.463341   1275.338  779305201  0.000e+00
     5.6071   3.465550   1275.359  779305801  0.000e+00
     5.6254   3.467324   1275.530  779306401  0.000e+00
     5.6313   3.468018   1275.664  779307001  0.000e+00
     5.6208   3.466976   1275.899  779307601  0.000e+00
     5.6188   3.466793   1276.049  779308201  0.000e+00
     5.6142   3.466068   1276.256  779308801  0.000e+00
     5.6009   3.464793   1276.363  779309401  0.000e+00
     5.5907   3.463796   1276.527  779310001  0.000e+00
     5.5840   3.463052   1276.619  779310601  0.000e+00
     5.5739   3.462023   1276.698  779311201  0.000e+00
     5.5678   3.461462   1276.762  779311801  0.000e+00
     5.5607   3.460812   1276.869  779312401  0.000e+00
     5.5567   3.460188   1276.997  779313001  0.000e+00
     5.5240   3.456360   1277.033  779313601  0.000e+00
     5.4941   3.453423   1277.176  779314201  0.000e+00
     5.5060   3.454583   1277.317  779314801  0.000e+00
     5.5019   3.454116   1277.332  779315401  0.000e+00
     5.4787   3.451816   1277.332  779316001  0.000e+00
     5.5303   3.456593   1277.439  779316601  0.000e+00
     5.4736   3.451387   1277.353  779317201  0.000e+00
     5.4668   3.450505   1277.225  779317801  0.000e+00
     5.4343   3.447368   1277.277  779318401  0.000e+00
     5.4321   3.446934   1277.149  779319001  0.000e+00
     5.5261   3.456102   1277.027  779319601  0.000e+00
     5.5584   3.459910   1276.826  779320201  0.000e+00
     5.5436   3.458542   1276.591  779320801  0.000e+00
     5.5262   3.456707   1276.484  779321401  0.000e+00
     5.5798   3.461846   1276.371  779322001  0.000e+00
     5.5029   3.454525   1276.200  779322601  0.000e+00
     5.3931   3.443458   1276.136  779323201  0.000e+00
     5.3627   3.439895   1275.910  779323801  0.000e+00
     5.3570   3.439247   1275.712  779324401  0.000e+00
     5.3438   3.437957   1275.669  779325001  0.000e+00
     5.3101   3.434674   1275.556  779325601  0.000e+00
     5.3077   3.434447   1275.294  779326201  0.000e+00
     5.3037   3.434051   1275.236  779326801  0.000e+00
     5.3016   3.433881   1275.172  779327401  0.000e+00
     5.2694   3.430725   1274.974  779328001  0.000e+00
     5.2876   3.432347   1274.824  779328601  0.000e+00
     5.2899   3.432718   1274.867  779329201  0.000e+00
     5.2866   3.432416   1274.696  779329801  0.000e+00
     5.2792   3.431668   1274.632  779330401  0.000e+00
     5.3059   3.433963   1274.525  779331001  0.000e+00
     5.3094   3.434359   1274.440  779331601  0.000e+00
     5.3101   3.434428   1274.397  779332201  0.000e+00
     5.3495   3.438209   1274.318  779332801  0.000e+00
     5.4467   3.448123   1274.174  779333401  0.000e+00
     5.5045   3.454273   1274.229  779334001  0.000e+00
     5.5280   3.456687   1274.214  779334601  0.000e+00
     5.4798   3.451884   1274.059  779335201  0.000e+00
     5.3997   3.443791   1274.059  779335801  0.000e+00
     5.3455   3.438139   1274.003  779336401  0.000e+00
     5.3008   3.433592   1274.040  779337001  0.000e+00
     5.2964   3.433114   1274.061  779337601  0.000e+00
     5.2992   3.433321   1273.991  779338201  0.000e+00
     5.3822   3.441682   1273.939  779338801  0.000e+00
     5.4013   3.443715   1273.961  779339401  0.000e+00
     5.4698   3.450592   1273.988  779340001  0.000e+00
     5.4760   3.451468   1273.979  779340601  0.000e+00
     5.4553   3.449364   1274.010  779341201  0.000e+00
     5.4637   3.450189   1274.080  779341801  0.000e+00
     5.4363   3.447487   1274.101  779342401  0.000e+00
     5.4166   3.445403   1274.245  779343001  0.000e+00
     5.4013   3.443847   1274.223  779343601  0.000e+00
     5.4883   3.452571   1274.293  779344201  0.000e+00
     5.5233   3.456139   1274.321  779344801  0.000e+00
     5.4914   3.453132   1274.364  779345401  0.000e+00
     5.4537   3.449270   1274.507  779346001  0.000e+00
     5.4385   3.447771   1274.635  779346601  0.000e+00
     5.4433   3.448186   1274.714  779347201  0.000e+00
     5.4089   3.444956   1274.800  779347801  0.000e+00
     5.4072   3.444597   1274.906  779348401  0.000e+00
     5.4442   3.448300   1275.099  779349001  0.000e+00
     5.4895   3.452868   1275.233  779349601  0.000e+00
     5.4370   3.447828   1275.468  779350201  0.000e+00
     5.4179   3.445699   1275.633  779350801  0.000e+00
     5.4449   3.448325   1275.782  779351401  0.000e+00
     5.4215   3.446064   1275.846  779352001  0.000e+00
     5.4037   3.444301   1276.011  779352601  0.000e+00
     5.4240   3.446241   1276.166  779353201  0.000e+00
     5.5186   3.455553   1276.401  779353801  0.000e+00
     5.5671   3.460459   1276.457  779354401  0.000e+00
     5.5311   3.457211   1276.612  779355001  0.000e+00
     5.5107   3.455024   1276.713  779355601  0.000e+00
     5.5764   3.461449   1277.018  779356201  0.000e+00
     5.5970   3.463765   1277.131  779356801  0.000e+00
     5.5918   3.463247   1277.324  779357401  0.000e+00
     5.5725   3.461361   1277.430  779358001  0.000e+00
     5.5636   3.460478   1277.403  779358601  0.000e+00
     5.5660   3.460686   1277.317  779359201  0.000e+00
     5.5593   3.460055   1277.467  779359801  0.000e+00
