odissea/data/moor/raw/ce25007/microcat/21269_data.cnv
* Sea-Bird SBE37SMP-RS232  Data File:
* FileName = C:\CE25007_recovery_data\21269_data.hex
* Software version SeatermV2 2.8.0.119
* Temperature SN = 21269
* Conductivity SN = 21269
* System UpLoad Time = May 13 2025 12:55:00
* sample interval = 600 seconds
* <ApplicationData>
# nquan = 5
# nvalues = 46301                                 
# units = specified
# name 0 = tv290C: Temperature [ITS-90, deg C]
# name 1 = cond0S/m: Conductivity [S/m]
# name 2 = prdM: Pressure, Strain Gauge [db]
# name 3 = timeK: Time, Instrument [seconds]
# name 4 = flag:  0.000e+00
# span 0 =     4.5694,    15.6965                 
# span 1 =   0.000250,   4.126422                 
# span 2 =      0.985,   1324.268                 
# span 3 =  772675201,  800455201                 
# span 4 = 0.0000e+00, 0.0000e+00                 
# interval = seconds: 600
# start_time = Jun 26 2024 00:00:01 [Instrument's time stamp, first data scan]
# bad_flag = -9.990e-29
*END*
[from data line 27715]
     4.9703   3.400541   1274.378  789304201  0.000e+00
     5.0104   3.404476   1274.320  789304801  0.000e+00
     5.0329   3.406550   1274.255  789305401  0.000e+00
     5.0217   3.405723   1274.234  789306001  0.000e+00
     5.0157   3.405121   1274.170  789306601  0.000e+00
     5.0176   3.405209   1274.085  789307201  0.000e+00
     5.0387   3.407259   1274.106  789307801  0.000e+00
     5.0385   3.407296   1274.048  789308401  0.000e+00
     5.0660   3.410005   1273.941  789309001  0.000e+00
     5.0608   3.409503   1273.727  789309601  0.000e+00
     5.0692   3.410338   1273.941  789310201  0.000e+00
     5.0296   3.406500   1273.962  789310801  0.000e+00
     4.9909   3.402733   1273.914  789311401  0.000e+00
     4.9742   3.400942   1273.866  789312001  0.000e+00
     4.9789   3.401361   1273.764  789312601  0.000e+00
     4.9883   3.402220   1273.722  789313201  0.000e+00
     4.9831   3.401794   1273.828  789313801  0.000e+00
     4.9879   3.402232   1273.401  789314401  0.000e+00
     4.9842   3.401925   1273.572  789315001  0.000e+00
     4.9840   3.401862   1273.465  789315601  0.000e+00
     4.9880   3.402257   1273.508  789316201  0.000e+00
     4.9747   3.400992   1273.439  789316801  0.000e+00
     4.9775   3.401204   1273.316  789317401  0.000e+00
     4.9662   3.400108   1273.310  789318001  0.000e+00
     4.9878   3.402176   1273.231  789318601  0.000e+00
     5.0110   3.404450   1273.017  789319201  0.000e+00
     5.0257   3.405967   1273.236  789319801  0.000e+00
     5.0329   3.406663   1273.279  789320401  0.000e+00
     5.0366   3.407070   1273.364  789321001  0.000e+00
     5.0328   3.406701   1273.407  789321601  0.000e+00
     5.0648   3.409597   1273.444  789322201  0.000e+00
     5.0859   3.411993   1273.498  789322801  0.000e+00
     5.0884   3.412257   1273.599  789323401  0.000e+00
     5.0863   3.412012   1273.690  789324001  0.000e+00
     5.0704   3.410620   1273.791  789324601  0.000e+00
     5.0419   3.407923   1273.855  789325201  0.000e+00
     5.0252   3.406024   1273.978  789325801  0.000e+00
     5.0295   3.406400   1274.176  789326401  0.000e+00
     5.0414   3.407522   1274.347  789327001  0.000e+00
     5.0330   3.406795   1274.331  789327601  0.000e+00
     5.0455   3.407974   1274.539  789328201  0.000e+00
     5.0279   3.406306   1274.560  789328801  0.000e+00
     5.0077   3.404313   1274.704  789329401  0.000e+00
     4.9941   3.402978   1274.811  789330001  0.000e+00
     4.9376   3.397791   1274.875  789330601  0.000e+00
     4.9154   3.395280   1274.997  789331201  0.000e+00
     4.8528   3.389128   1275.072  789331801  0.000e+00
     4.8386   3.387665   1275.285  789332401  0.000e+00
     4.8358   3.387295   1275.264  789333001  0.000e+00
     4.8344   3.387158   1275.365  789333601  0.000e+00
     4.8303   3.386770   1275.520  789334201  0.000e+00
     4.8970   3.393083   1275.563  789334801  0.000e+00
     4.9303   3.396564   1275.654  789335401  0.000e+00
     4.9295   3.396746   1275.611  789336001  0.000e+00
     4.8771   3.391656   1275.697  789336601  0.000e+00
     4.8402   3.387777   1275.622  789337201  0.000e+00
     4.9024   3.393647   1275.734  789337801  0.000e+00
     4.9553   3.399013   1275.632  789338401  0.000e+00
     5.0076   3.404113   1275.595  789339001  0.000e+00
     5.0306   3.406507   1275.601  789339601  0.000e+00
     5.0100   3.404714   1275.473  789340201  0.000e+00
     4.9711   3.400810   1275.323  789340801  0.000e+00
     4.9656   3.400303   1275.147  789341401  0.000e+00
     4.9671   3.400309   1274.997  789342001  0.000e+00
     4.9901   3.402414   1274.826  789342601  0.000e+00
     5.0310   3.406513   1274.811  789343201  0.000e+00
     5.0316   3.406676   1274.688  789343801  0.000e+00
     5.0355   3.407071   1274.688  789344401  0.000e+00
     5.1081   3.414108   1274.581  789345001  0.000e+00
     5.1129   3.414679   1274.416  789345601  0.000e+00
     5.0833   3.411962   1274.267  789346201  0.000e+00
     5.0505   3.408525   1274.181  789346801  0.000e+00
     5.0368   3.407165   1274.048  789347401  0.000e+00
     5.0309   3.406544   1273.962  789348001  0.000e+00
     5.0217   3.405635   1273.941  789348601  0.000e+00
     5.0147   3.405002   1273.855  789349201  0.000e+00
     5.0076   3.404237   1273.786  789349801  0.000e+00
     5.0139   3.404852   1273.764  789350401  0.000e+00
     4.9914   3.402664   1273.636  789351001  0.000e+00
     4.9840   3.401919   1273.529  789351601  0.000e+00
     4.9889   3.402345   1273.535  789352201  0.000e+00
     4.9921   3.402702   1273.508  789352801  0.000e+00
     5.0004   3.403586   1273.514  789353401  0.000e+00
     4.9941   3.402871   1273.374  789354001  0.000e+00
     4.9996   3.403372   1273.380  789354601  0.000e+00
     5.0106   3.404507   1273.423  789355201  0.000e+00
     5.0424   3.407616   1273.428  789355801  0.000e+00
     5.0429   3.407697   1273.322  789356401  0.000e+00
     5.0428   3.407654   1273.359  789357001  0.000e+00
     5.0440   3.407854   1273.322  789357601  0.000e+00
     5.0432   3.407722   1273.188  789358201  0.000e+00
     5.0170   3.405196   1273.316  789358801  0.000e+00
     4.9856   3.402088   1273.231  789359401  0.000e+00
     4.9969   3.403166   1273.273  789360001  0.000e+00
     4.9943   3.402871   1273.231  789360601  0.000e+00
     4.9748   3.401204   1273.215  789361201  0.000e+00
     4.9284   3.396570   1273.289  789361801  0.000e+00
     4.8975   3.393321   1273.476  789362401  0.000e+00
     4.9075   3.394241   1273.390  789363001  0.000e+00
     4.9303   3.396482   1273.454  789363601  0.000e+00
     4.9750   3.400785   1273.503  789364201  0.000e+00
     5.0074   3.404150   1273.551  789364801  0.000e+00
     5.0661   3.409867   1273.727  789365401  0.000e+00
     5.0998   3.413267   1273.776  789366001  0.000e+00
     5.1016   3.413499   1273.861  789366601  0.000e+00
     5.0871   3.412100   1274.032  789367201  0.000e+00
     5.0640   3.409924   1274.117  789367801  0.000e+00
     4.9879   3.402408   1274.218  789368401  0.000e+00
     4.9936   3.402840   1274.448  789369001  0.000e+00
     4.9977   3.403266   1274.512  789369601  0.000e+00
     5.0350   3.406933   1274.710  789370201  0.000e+00
     5.0034   3.403918   1274.811  789370801  0.000e+00
     4.9993   3.403486   1275.046  789371401  0.000e+00
     5.0342   3.406896   1275.286  789372001  0.000e+00
     5.0373   3.407228   1275.473  789372601  0.000e+00
     5.0578   3.409241   1275.692  789373201  0.000e+00
     5.0450   3.408049   1275.841  789373801  0.000e+00
     5.0467   3.408194   1275.991  789374401  0.000e+00
     5.0719   3.410639   1276.189  789375001  0.000e+00
     5.0796   3.411455   1276.311  789375601  0.000e+00
     5.0866   3.412132   1276.445  789376201  0.000e+00
     5.0863   3.412164   1276.658  789376801  0.000e+00
     5.0820   3.411756   1276.680  789377401  0.000e+00
     5.0723   3.410853   1276.722  789378001  0.000e+00
     4.9719   3.401406   1276.717  789378601  0.000e+00
     4.9576   3.399452   1276.775  789379201  0.000e+00
     4.9524   3.398944   1276.855  789379801  0.000e+00
     5.0177   3.405241   1276.797  789380401  0.000e+00
     5.0560   3.409034   1276.781  789381001  0.000e+00
     5.0463   3.408319   1276.829  789381601  0.000e+00
     5.0213   3.405843   1276.738  789382201  0.000e+00
     5.0441   3.407924   1276.604  789382801  0.000e+00
     5.0564   3.409166   1276.631  789383401  0.000e+00
     5.0490   3.408463   1276.375  789384001  0.000e+00
     5.0231   3.405956   1276.204  789384601  0.000e+00
     5.0097   3.404589   1275.969  789385201  0.000e+00
     5.0001   3.403624   1275.948  789385801  0.000e+00
     4.9900   3.402559   1275.708  789386401  0.000e+00
     4.9841   3.402013   1275.537  789387001  0.000e+00
     4.9855   3.402076   1275.430  789387601  0.000e+00
     4.9823   3.401775   1275.195  789388201  0.000e+00
     4.9831   3.401850   1275.174  789388801  0.000e+00
     4.9875   3.402264   1274.960  789389401  0.000e+00
     5.0170   3.405159   1274.747  789390001  0.000e+00
     5.0475   3.408181   1274.560  789390601  0.000e+00
     5.0507   3.408507   1274.496  789391201  0.000e+00
     5.0240   3.405936   1274.384  789391801  0.000e+00
     4.9921   3.402815   1274.362  789392401  0.000e+00
     4.9777   3.401336   1274.277  789393001  0.000e+00
     4.9851   3.401994   1274.127  789393601  0.000e+00
     4.9887   3.402264   1274.021  789394201  0.000e+00
     4.9640   3.399908   1273.652  789394801  0.000e+00
     4.9803   3.401462   1273.871  789395401  0.000e+00
     5.0400   3.407340   1273.828  789396001  0.000e+00
     5.0438   3.407854   1273.727  789396601  0.000e+00
     5.0607   3.409397   1273.621  789397201  0.000e+00
     5.0480   3.408293   1273.556  789397801  0.000e+00
     5.0569   3.409133   1273.599  789398401  0.000e+00
     5.0513   3.408506   1273.001  789399001  0.000e+00
     5.0483   3.408168   1273.428  789399601  0.000e+00
     5.0262   3.406067   1273.407  789400201  0.000e+00
     5.0513   3.408387   1273.386  789400801  0.000e+00
     5.0683   3.410143   1273.401  789401401  0.000e+00
     5.0798   3.411328   1273.349  789402001  0.000e+00
     5.0949   3.412784   1273.322  789402601  0.000e+00
     5.1194   3.415274   1273.263  789403201  0.000e+00
     5.1067   3.414038   1273.327  789403801  0.000e+00
     5.0982   3.413216   1273.220  789404401  0.000e+00
     5.1007   3.413342   1273.242  789405001  0.000e+00
     4.9915   3.402840   1273.215  789405601  0.000e+00
     4.9818   3.401599   1273.161  789406201  0.000e+00
     4.9919   3.402614   1273.188  789406801  0.000e+00
     4.9966   3.403084   1273.204  789407401  0.000e+00
     5.0160   3.404939   1273.316  789408001  0.000e+00
     5.0392   3.407215   1273.273  789408601  0.000e+00
     5.0909   3.412382   1273.215  789409201  0.000e+00
     5.1265   3.416002   1273.306  789409801  0.000e+00
     5.1430   3.417709   1273.376  789410401  0.000e+00
     5.1270   3.416153   1273.403  789411001  0.000e+00
     5.0931   3.412834   1273.413  789411601  0.000e+00
     5.0447   3.407917   1273.605  789412201  0.000e+00
     5.0444   3.407930   1273.727  789412801  0.000e+00
     5.0676   3.410131   1273.855  789413401  0.000e+00
     5.1186   3.415162   1273.962  789414001  0.000e+00
     5.0989   3.413512   1274.102  789414601  0.000e+00
     5.0316   3.406876   1274.240  789415201  0.000e+00
     5.0199   3.405485   1274.432  789415801  0.000e+00
     5.0090   3.404451   1274.560  789416401  0.000e+00
     5.0037   3.403924   1274.710  789417001  0.000e+00
     5.0034   3.403874   1274.853  789417601  0.000e+00
     5.0157   3.404927   1275.067  789418201  0.000e+00
     5.0278   3.406275   1275.174  789418801  0.000e+00
     5.0302   3.406551   1275.409  789419401  0.000e+00
     5.0277   3.406331   1275.601  789420001  0.000e+00
     5.0305   3.406607   1275.927  789420601  0.000e+00
     5.0275   3.406313   1276.033  789421201  0.000e+00
     5.0238   3.405931   1276.247  789421801  0.000e+00
     5.0045   3.404125   1276.348  789422401  0.000e+00
     4.9689   3.400617   1276.455  789423001  0.000e+00
     4.9438   3.398067   1276.471  789423601  0.000e+00
     4.9573   3.399239   1276.535  789424201  0.000e+00
     4.9838   3.401964   1276.556  789424801  0.000e+00
     5.0126   3.404765   1276.754  789425401  0.000e+00
     5.0125   3.404802   1276.626  789426001  0.000e+00
     5.0014   3.403781   1276.604  789426601  0.000e+00
     4.9994   3.403442   1276.562  789427201  0.000e+00
     5.0070   3.404213   1276.519  789427801  0.000e+00
     5.0162   3.405166   1276.418  789428401  0.000e+00
     5.0162   3.405172   1276.305  789429001  0.000e+00
     4.9885   3.402684   1276.162  789429601  0.000e+00
     4.9559   3.399383   1276.129  789430201  0.000e+00
     4.9559   3.399169   1275.867  789430801  0.000e+00
     4.9389   3.397610   1275.745  789431401  0.000e+00
     4.9309   3.396739   1275.483  789432001  0.000e+00
     4.9461   3.398148   1275.440  789432601  0.000e+00
     5.0232   3.405604   1275.195  789433201  0.000e+00
     5.0384   3.407303   1275.131  789433801  0.000e+00
     5.0482   3.408312   1275.051  789434401  0.000e+00
     5.0476   3.408287   1274.859  789435001  0.000e+00
     5.0304   3.406607   1274.667  789435601  0.000e+00
     5.0351   3.407002   1274.560  789436201  0.000e+00
     5.0244   3.405936   1274.453  789436801  0.000e+00
     4.9888   3.402389   1274.277  789437401  0.000e+00
     5.0184   3.405316   1274.191  789438001  0.000e+00
     5.0209   3.405529   1274.127  789438601  0.000e+00
     5.0153   3.404964   1273.962  789439201  0.000e+00
     5.0125   3.404626   1273.898  789439801  0.000e+00
     5.0120   3.404588   1273.807  789440401  0.000e+00
     5.0604   3.409315   1273.706  789441001  0.000e+00
     5.0678   3.410093   1273.599  789441601  0.000e+00
     5.0688   3.410206   1273.220  789442201  0.000e+00
     5.0097   3.404488   1273.492  789442801  0.000e+00
     4.9943   3.402890   1273.444  789443401  0.000e+00
     4.9854   3.401925   1273.332  789444001  0.000e+00
     4.9720   3.400584   1273.246  789444601  0.000e+00
     4.9336   3.396858   1273.310  789445201  0.000e+00
     4.9478   3.398073   1273.305  789445801  0.000e+00
     4.9630   3.399638   1273.295  789446401  0.000e+00
     4.9466   3.398091   1273.316  789447001  0.000e+00
     4.9626   3.399638   1273.374  789447601  0.000e+00
     5.0042   3.403686   1273.246  789448201  0.000e+00
     5.0126   3.404645   1273.295  789448801  0.000e+00
     4.9980   3.403278   1273.295  789449401  0.000e+00
     4.9826   3.401812   1273.359  789450001  0.000e+00
     4.9996   3.403398   1273.444  789450601  0.000e+00
     4.9891   3.402533   1273.492  789451201  0.000e+00
     4.9962   3.403065   1273.487  789451801  0.000e+00
     4.9818   3.401643   1273.572  789452401  0.000e+00
     4.9266   3.396175   1273.695  789453001  0.000e+00
     4.9531   3.398787   1273.753  789453601  0.000e+00
     4.9566   3.399156   1273.844  789454201  0.000e+00
     4.9349   3.397014   1274.058  789454801  0.000e+00
     4.9417   3.397672   1274.079  789455401  0.000e+00
     4.9850   3.401944   1274.314  789456001  0.000e+00
     4.9896   3.402458   1274.378  789456601  0.000e+00
     5.0070   3.404194   1274.640  789457201  0.000e+00
     5.0575   3.409065   1274.725  789457801  0.000e+00
     5.0465   3.408218   1274.838  789458401  0.000e+00
     5.0113   3.404702   1275.585  789459001  0.000e+00
     5.0046   3.404025   1275.409  789459601  0.000e+00
     5.0086   3.404395   1275.515  789460201  0.000e+00
     5.0074   3.404320   1275.643  789460801  0.000e+00
     4.9958   3.403223   1275.820  789461401  0.000e+00
     4.9845   3.402070   1276.022  789462001  0.000e+00
     4.9644   3.400034   1276.263  789462601  0.000e+00
     4.9549   3.399057   1276.471  789463201  0.000e+00
     4.9571   3.399283   1276.770  789463801  0.000e+00
     4.9858   3.402058   1276.914  789464401  0.000e+00
     4.9909   3.402672   1277.181  789465001  0.000e+00
     4.9721   3.400905   1277.437  789465601  0.000e+00
     4.9705   3.400680   1277.581  789466201  0.000e+00
     4.9736   3.400987   1277.709  789466801  0.000e+00
     4.9745   3.401068   1277.645  789467401  0.000e+00
     4.9784   3.401538   1277.709  789468001  0.000e+00
     4.9960   3.403230   1277.822  789468601  0.000e+00
     4.9957   3.403230   1277.736  789469201  0.000e+00
     5.0049   3.404113   1277.565  789469801  0.000e+00
     5.0099   3.404646   1277.565  789470401  0.000e+00
     5.0096   3.404571   1277.464  789471001  0.000e+00
     5.0236   3.405906   1277.373  789471601  0.000e+00
     5.0456   3.407906   1277.144  789472201  0.000e+00
     5.0391   3.407598   1276.994  789472801  0.000e+00
     5.0183   3.405461   1276.674  789473401  0.000e+00
     5.0142   3.404997   1276.418  789474001  0.000e+00
     5.0074   3.404339   1276.241  789474601  0.000e+00
