odissea/data/moor/raw/ce25007/microcat/23829_data.cnv
* Sea-Bird SBE37SMP-RS232  Data File:
* FileName = C:\CE25007_recovery_data\23829_data.hex
* Software version SeatermV2 2.8.0.119
* Temperature SN = 23829
* Conductivity SN = 23829
* System UpLoad Time = May 13 2025 12:43:01
* sample interval = 600 seconds
* <ApplicationData>
# nquan = 5
# nvalues = 46300                                 
# units = specified
# name 0 = tv290C: Temperature [ITS-90, deg C]
# name 1 = cond0S/m: Conductivity [S/m]
# name 2 = prdM: Pressure, Strain Gauge [db]
# name 3 = timeK: Time, Instrument [seconds]
# name 4 = flag:  0.000e+00
# span 0 =     3.8342,    15.7674                 
# span 1 =   0.000029,   4.127788                 
# span 2 =      1.026,   1564.783                 
# span 3 =  772675201,  800454601                 
# span 4 = 0.0000e+00, 0.0000e+00                 
# interval = seconds: 600
# start_time = Jun 26 2024 00:00:01 [Instrument's time stamp, first data scan]
# bad_flag = -9.990e-29
*END*
[from data line 29429]
     4.2721   3.342734   1539.127  790332601  0.000e+00
     4.2741   3.342899   1538.825  790333201  0.000e+00
     4.2827   3.343786   1538.523  790333801  0.000e+00
     4.2884   3.344286   1538.271  790334401  0.000e+00
     4.2804   3.343582   1537.991  790335001  0.000e+00
     4.2817   3.343700   1537.725  790335601  0.000e+00
     4.2896   3.344391   1537.538  790336201  0.000e+00
     4.2837   3.343812   1537.359  790336801  0.000e+00
     4.2733   3.342885   1537.186  790337401  0.000e+00
     4.2704   3.342550   1537.014  790338001  0.000e+00
     4.2740   3.342878   1536.906  790338601  0.000e+00
     4.3001   3.345278   1536.712  790339201  0.000e+00
     4.2686   3.342497   1536.654  790339801  0.000e+00
     4.2612   3.341623   1536.604  790340401  0.000e+00
     4.2597   3.341471   1536.475  790341001  0.000e+00
     4.2625   3.341721   1536.367  790341601  0.000e+00
     4.2675   3.342227   1536.324  790342201  0.000e+00
     4.2800   3.343378   1536.238  790342801  0.000e+00
     4.3190   3.346922   1536.180  790343401  0.000e+00
     4.3338   3.348435   1536.115  790344001  0.000e+00
     4.3252   3.347816   1536.057  790344601  0.000e+00
     4.2964   3.345008   1536.101  790345201  0.000e+00
     4.3010   3.345462   1536.072  790345801  0.000e+00
     4.3034   3.345679   1535.986  790346401  0.000e+00
     4.2909   3.344462   1536.051  790347001  0.000e+00
     4.2836   3.343798   1536.065  790347601  0.000e+00
     4.2841   3.343812   1536.094  790348201  0.000e+00
     4.2849   3.343858   1536.130  790348801  0.000e+00
     4.2913   3.344436   1536.201  790349401  0.000e+00
     4.2898   3.344423   1536.223  790350001  0.000e+00
     4.2926   3.344607   1536.288  790350601  0.000e+00
     4.2946   3.344811   1536.374  790351201  0.000e+00
     4.2919   3.344574   1536.475  790351801  0.000e+00
     4.2930   3.344680   1536.546  790352401  0.000e+00
     4.3076   3.346080   1536.669  790353001  0.000e+00
     4.3169   3.346955   1536.762  790353601  0.000e+00
     4.3137   3.346672   1536.913  790354201  0.000e+00
     4.3059   3.345936   1537.086  790354801  0.000e+00
     4.2954   3.344930   1537.236  790355401  0.000e+00
     4.2528   3.340926   1537.488  790356001  0.000e+00
     4.2566   3.341222   1537.725  790356601  0.000e+00
     4.2486   3.340453   1537.963  790357201  0.000e+00
     4.2495   3.340591   1538.243  790357801  0.000e+00
     4.2432   3.340085   1538.566  790358401  0.000e+00
     4.2312   3.338896   1538.847  790359001  0.000e+00
     4.2235   3.338200   1539.228  790359601  0.000e+00
     4.2222   3.338095   1539.551  790360201  0.000e+00
     4.2307   3.338837   1539.946  790360801  0.000e+00
     4.2570   3.341315   1540.291  790361401  0.000e+00
     4.2659   3.342242   1540.658  790362001  0.000e+00
     4.2562   3.341328   1540.917  790362601  0.000e+00
     4.2449   3.340251   1541.197  790363201  0.000e+00
     4.2369   3.339685   1541.456  790363801  0.000e+00
     4.2365   3.339436   1541.815  790364401  0.000e+00
     4.2299   3.338877   1542.074  790365001  0.000e+00
     4.2312   3.338917   1542.318  790365601  0.000e+00
     4.2027   3.336282   1542.520  790366201  0.000e+00
     4.2191   3.337774   1542.635  790366801  0.000e+00
     4.2179   3.337728   1542.736  790367401  0.000e+00
     4.2277   3.338588   1542.743  790368001  0.000e+00
     4.2064   3.336657   1542.721  790368601  0.000e+00
     4.2015   3.336112   1542.656  790369201  0.000e+00
     4.2347   3.339114   1542.548  790369801  0.000e+00
     4.2412   3.339837   1542.383  790370401  0.000e+00
     4.2387   3.339620   1542.232  790371001  0.000e+00
     4.2184   3.337642   1542.059  790371601  0.000e+00
     4.2253   3.338325   1541.801  790372201  0.000e+00
     4.2078   3.336637   1541.535  790372801  0.000e+00
     4.2041   3.336243   1541.255  790373401  0.000e+00
     4.2081   3.336578   1540.953  790374001  0.000e+00
     4.2058   3.336426   1540.651  790374601  0.000e+00
     4.1898   3.334889   1540.385  790375201  0.000e+00
     4.1890   3.334771   1540.047  790375801  0.000e+00
     4.1789   3.333812   1539.724  790376401  0.000e+00
     4.1672   3.332735   1539.458  790377001  0.000e+00
     4.1679   3.332696   1539.070  790377601  0.000e+00
     4.1675   3.332617   1538.746  790378201  0.000e+00
     4.1685   3.332676   1538.423  790378801  0.000e+00
     4.1672   3.332584   1538.186  790379401  0.000e+00
     4.1681   3.332649   1537.999  790380001  0.000e+00
     4.1647   3.332354   1537.755  790380601  0.000e+00
     4.1619   3.332071   1537.539  790381201  0.000e+00
     4.1793   3.333641   1537.388  790381801  0.000e+00
     4.2126   3.336767   1537.172  790382401  0.000e+00
     4.2212   3.337706   1537.007  790383001  0.000e+00
     4.2176   3.337384   1536.856  790383601  0.000e+00
     4.2120   3.336846   1536.755  790384201  0.000e+00
     4.2218   3.337739   1536.597  790384801  0.000e+00
     4.2008   3.335840   1536.576  790385401  0.000e+00
     4.2173   3.337174   1536.468  790386001  0.000e+00
     4.2062   3.336287   1536.403  790386601  0.000e+00
     4.2000   3.335630   1536.360  790387201  0.000e+00
     4.1802   3.333785   1536.288  790387801  0.000e+00
     4.1990   3.335413   1536.295  790388401  0.000e+00
     4.2254   3.337956   1536.252  790389001  0.000e+00
     4.2419   3.339598   1536.295  790389601  0.000e+00
     4.2532   3.340623   1536.281  790390201  0.000e+00
     4.2544   3.340808   1536.338  790390801  0.000e+00
     4.2590   3.341254   1536.345  790391401  0.000e+00
     4.2504   3.340472   1536.432  790392001  0.000e+00
     4.2428   3.339769   1536.496  790392601  0.000e+00
     4.2367   3.339165   1536.626  790393201  0.000e+00
     4.2359   3.339073   1536.669  790393801  0.000e+00
     4.2311   3.338639   1536.777  790394401  0.000e+00
     4.2230   3.337930   1536.949  790395001  0.000e+00
     4.2159   3.337259   1537.035  790395601  0.000e+00
     4.2160   3.337200   1537.194  790396201  0.000e+00
     4.2100   3.336688   1537.359  790396801  0.000e+00
     4.1987   3.335637   1537.546  790397401  0.000e+00
     4.1967   3.335440   1537.783  790398001  0.000e+00
     4.1988   3.335604   1538.042  790398601  0.000e+00
     4.1948   3.335270   1538.258  790399201  0.000e+00
     4.2003   3.335723   1538.624  790399801  0.000e+00
     4.1961   3.335395   1538.941  790400401  0.000e+00
     4.1875   3.334607   1539.228  790401001  0.000e+00
     4.1804   3.333943   1539.594  790401601  0.000e+00
     4.1685   3.332781   1539.976  790402201  0.000e+00
     4.1569   3.331744   1540.342  790402801  0.000e+00
     4.1568   3.331724   1540.788  790403401  0.000e+00
     4.1588   3.331902   1541.248  790404001  0.000e+00
     4.1626   3.332263   1541.679  790404601  0.000e+00
     4.1557   3.331646   1542.103  790405201  0.000e+00
     4.1594   3.331994   1542.541  790405801  0.000e+00
     4.1952   3.335225   1542.908  790406401  0.000e+00
     4.2205   3.337840   1543.253  790407001  0.000e+00
     4.2392   3.339640   1543.540  790407601  0.000e+00
     4.2542   3.341145   1543.778  790408201  0.000e+00
     4.2386   3.339765   1543.957  790408801  0.000e+00
     4.2299   3.338891   1544.086  790409401  0.000e+00
     4.2045   3.336520   1544.252  790410001  0.000e+00
     4.1917   3.335232   1544.331  790410601  0.000e+00
     4.1964   3.335666   1544.245  790411201  0.000e+00
     4.2081   3.336756   1544.187  790411801  0.000e+00
     4.1865   3.334739   1544.166  790412401  0.000e+00
     4.1970   3.335600   1544.116  790413001  0.000e+00
     4.2023   3.336158   1544.015  790413601  0.000e+00
     4.2121   3.337124   1543.900  790414201  0.000e+00
     4.2152   3.337465   1543.627  790414801  0.000e+00
     4.2019   3.336112   1543.238  790415401  0.000e+00
     4.2008   3.336013   1542.829  790416001  0.000e+00
     4.1995   3.335862   1542.419  790416601  0.000e+00
     4.2020   3.335987   1542.024  790417201  0.000e+00
     4.2084   3.336683   1541.643  790417801  0.000e+00
     4.2092   3.336735   1541.226  790418401  0.000e+00
     4.2176   3.337517   1540.867  790419001  0.000e+00
     4.2139   3.337215   1540.457  790419601  0.000e+00
     4.1805   3.334167   1540.069  790420201  0.000e+00
     4.1746   3.333405   1539.738  790420801  0.000e+00
     4.1747   3.333405   1539.415  790421401  0.000e+00
     4.1848   3.334403   1539.135  790422001  0.000e+00
     4.1913   3.334797   1538.854  790422601  0.000e+00
     4.1975   3.335421   1538.596  790423201  0.000e+00
     4.1893   3.334731   1538.301  790423801  0.000e+00
     4.2137   3.336977   1538.107  790424401  0.000e+00
     4.2271   3.338252   1537.891  790425001  0.000e+00
     4.2474   3.340203   1537.654  790425601  0.000e+00
     4.2550   3.340926   1537.481  790426201  0.000e+00
     4.2468   3.340190   1537.316  790426801  0.000e+00
     4.2405   3.339599   1537.179  790427401  0.000e+00
     4.2138   3.337115   1536.992  790428001  0.000e+00
     4.2126   3.336918   1536.841  790428601  0.000e+00
     4.2086   3.336484   1536.727  790429201  0.000e+00
     4.1934   3.335118   1536.597  790429801  0.000e+00
     4.1686   3.332701   1536.482  790430401  0.000e+00
     4.1569   3.331552   1536.396  790431001  0.000e+00
     4.1454   3.330489   1536.353  790431601  0.000e+00
     4.1588   3.331624   1536.310  790432201  0.000e+00
     4.1739   3.333115   1536.267  790432801  0.000e+00
     4.1917   3.334803   1536.209  790433401  0.000e+00
     4.2004   3.335643   1536.188  790434001  0.000e+00
     4.2309   3.338514   1536.166  790434601  0.000e+00
     4.2591   3.341254   1536.108  790435201  0.000e+00
     4.2654   3.341925   1536.108  790435801  0.000e+00
     4.2624   3.341649   1536.101  790436401  0.000e+00
     4.2546   3.340952   1536.151  790437001  0.000e+00
     4.2168   3.337397   1536.195  790437601  0.000e+00
     4.2087   3.336517   1536.231  790438201  0.000e+00
     4.2137   3.336950   1536.252  790438801  0.000e+00
     4.2411   3.339552   1536.317  790439401  0.000e+00
     4.2594   3.341340   1536.382  790440001  0.000e+00
     4.2635   3.341741   1536.432  790440601  0.000e+00
     4.2515   3.340656   1536.539  790441201  0.000e+00
     4.2224   3.337897   1536.640  790441801  0.000e+00
     4.1962   3.335361   1536.770  790442401  0.000e+00
     4.1879   3.334665   1536.964  790443001  0.000e+00
     4.1799   3.333772   1537.065  790443601  0.000e+00
     4.1764   3.333397   1537.201  790444201  0.000e+00
     4.1697   3.332787   1537.388  790444801  0.000e+00
     4.1705   3.332846   1537.539  790445401  0.000e+00
     4.1736   3.333194   1537.690  790446001  0.000e+00
     4.1778   3.333608   1537.906  790446601  0.000e+00
     4.1811   3.333884   1538.056  790447201  0.000e+00
     4.2030   3.335966   1538.207  790447801  0.000e+00
     4.2102   3.336721   1538.452  790448401  0.000e+00
     4.1866   3.334547   1538.639  790449001  0.000e+00
     4.1816   3.333982   1538.876  790449601  0.000e+00
     4.1862   3.334449   1539.098  790450201  0.000e+00
     4.1763   3.333602   1539.336  790450801  0.000e+00
     4.1470   3.330779   1539.523  790451401  0.000e+00
     4.1331   3.329348   1539.717  790452001  0.000e+00
     4.1451   3.330569   1539.861  790452601  0.000e+00
     4.1190   3.328042   1539.990  790453201  0.000e+00
     4.1203   3.328186   1540.119  790453801  0.000e+00
     4.1188   3.328081   1540.184  790454401  0.000e+00
     4.1231   3.328436   1540.270  790455001  0.000e+00
     4.1277   3.328862   1540.299  790455601  0.000e+00
     4.1385   3.329893   1540.314  790456201  0.000e+00
     4.1460   3.330562   1540.277  790456801  0.000e+00
     4.1511   3.331127   1540.249  790457401  0.000e+00
     4.1469   3.330739   1540.163  790458001  0.000e+00
     4.1509   3.331048   1539.976  790458601  0.000e+00
     4.1479   3.330838   1539.825  790459201  0.000e+00
     4.1656   3.332479   1539.710  790459801  0.000e+00
     4.1727   3.333142   1539.544  790460401  0.000e+00
     4.1765   3.333549   1539.307  790461001  0.000e+00
     4.1740   3.333306   1539.135  790461601  0.000e+00
     4.1689   3.332827   1538.897  790462201  0.000e+00
     4.1644   3.332387   1538.725  790462801  0.000e+00
     4.1714   3.333017   1538.509  790463401  0.000e+00
     4.1742   3.333293   1538.380  790464001  0.000e+00
     4.1789   3.333739   1538.164  790464601  0.000e+00
     4.1705   3.332958   1538.013  790465201  0.000e+00
     4.1669   3.332629   1537.862  790465801  0.000e+00
     4.1610   3.331960   1537.755  790466401  0.000e+00
     4.1600   3.331881   1537.625  790467001  0.000e+00
     4.1774   3.333470   1537.453  790467601  0.000e+00
     4.1950   3.335164   1537.302  790468201  0.000e+00
     4.2045   3.336077   1537.172  790468801  0.000e+00
     4.2320   3.338679   1537.072  790469401  0.000e+00
     4.2294   3.338442   1536.942  790470001  0.000e+00
     4.2172   3.337411   1536.878  790470601  0.000e+00
     4.2028   3.336005   1536.791  790471201  0.000e+00
     4.1806   3.333929   1536.662  790471801  0.000e+00
     4.1522   3.331191   1536.569  790472401  0.000e+00
     4.1352   3.329498   1536.562  790473001  0.000e+00
     4.1310   3.329058   1536.475  790473601  0.000e+00
     4.1375   3.329543   1536.411  790474201  0.000e+00
     4.1619   3.331966   1536.353  790474801  0.000e+00
     4.2040   3.335932   1536.267  790475401  0.000e+00
     4.2291   3.338383   1536.252  790476001  0.000e+00
     4.2312   3.338626   1536.231  790476601  0.000e+00
     4.2341   3.338902   1536.166  790477201  0.000e+00
     4.2450   3.339927   1536.195  790477801  0.000e+00
     4.2799   3.343154   1536.130  790478401  0.000e+00
     4.2771   3.343095   1536.173  790479001  0.000e+00
     4.2677   3.342181   1536.137  790479601  0.000e+00
     4.2437   3.339881   1536.195  790480201  0.000e+00
     4.2482   3.340262   1536.188  790480801  0.000e+00
     4.2601   3.341406   1536.216  790481401  0.000e+00
     4.2782   3.343062   1536.309  790482001  0.000e+00
     4.2657   3.342024   1536.345  790482601  0.000e+00
     4.2317   3.338790   1536.403  790483201  0.000e+00
     4.2098   3.336714   1536.496  790483801  0.000e+00
     4.1674   3.332583   1536.590  790484401  0.000e+00
     4.1554   3.331454   1536.676  790485001  0.000e+00
     4.1634   3.332156   1536.720  790485601  0.000e+00
     4.1690   3.332669   1536.878  790486201  0.000e+00
     4.1691   3.332747   1536.978  790486801  0.000e+00
     4.1721   3.333023   1537.065  790487401  0.000e+00
     4.1681   3.332649   1537.194  790488001  0.000e+00
     4.1664   3.332505   1537.338  790488601  0.000e+00
     4.1653   3.332386   1537.496  790489201  0.000e+00
     4.1659   3.332459   1537.647  790489801  0.000e+00
     4.1662   3.332492   1537.819  790490401  0.000e+00
     4.1655   3.332426   1538.042  790491001  0.000e+00
     4.1706   3.332886   1538.251  790491601  0.000e+00
     4.1749   3.333332   1538.423  790492201  0.000e+00
     4.1791   3.333766   1538.660  790492801  0.000e+00
     4.1802   3.333904   1538.919  790493401  0.000e+00
     4.1677   3.332761   1539.113  790494001  0.000e+00
     4.1658   3.332525   1539.350  790494601  0.000e+00
     4.1602   3.332013   1539.537  790495201  0.000e+00
     4.1676   3.332696   1539.781  790495801  0.000e+00
     4.1737   3.333313   1539.911  790496401  0.000e+00
     4.1741   3.333339   1540.126  790497001  0.000e+00
     4.1723   3.333149   1540.299  790497601  0.000e+00
     4.1936   3.335145   1540.407  790498201  0.000e+00
     4.1903   3.334889   1540.493  790498801  0.000e+00
     4.1895   3.334797   1540.601  790499401  0.000e+00
     4.1933   3.335139   1540.644  790500001  0.000e+00
     4.1950   3.335316   1540.644  790500601  0.000e+00
     4.1979   3.335612   1540.500  790501201  0.000e+00
     4.2061   3.336374   1540.414  790501801  0.000e+00
     4.2179   3.337576   1540.306  790502401  0.000e+00
     4.2090   3.336636   1540.198  790503001  0.000e+00
