odissea/data/moor/raw/ce25007/microcat/23829_data.cnv
* Sea-Bird SBE37SMP-RS232  Data File:
* FileName = C:\CE25007_recovery_data\23829_data.hex
* Software version SeatermV2 2.8.0.119
* Temperature SN = 23829
* Conductivity SN = 23829
* System UpLoad Time = May 13 2025 12:43:01
* sample interval = 600 seconds
* <ApplicationData>
# nquan = 5
# nvalues = 46300                                 
# units = specified
# name 0 = tv290C: Temperature [ITS-90, deg C]
# name 1 = cond0S/m: Conductivity [S/m]
# name 2 = prdM: Pressure, Strain Gauge [db]
# name 3 = timeK: Time, Instrument [seconds]
# name 4 = flag:  0.000e+00
# span 0 =     3.8342,    15.7674                 
# span 1 =   0.000029,   4.127788                 
# span 2 =      1.026,   1564.783                 
# span 3 =  772675201,  800454601                 
# span 4 = 0.0000e+00, 0.0000e+00                 
# interval = seconds: 600
# start_time = Jun 26 2024 00:00:01 [Instrument's time stamp, first data scan]
# bad_flag = -9.990e-29
*END*
[from data line 35143]
     4.1787   3.333522   1537.733  793761001  0.000e+00
     4.1864   3.334179   1537.798  793761601  0.000e+00
     4.2068   3.336189   1537.848  793762201  0.000e+00
     4.2034   3.335933   1537.913  793762801  0.000e+00
     4.2117   3.336728   1537.934  793763401  0.000e+00
     4.2019   3.335775   1537.913  793764001  0.000e+00
     4.2053   3.336143   1537.999  793764601  0.000e+00
     4.2075   3.336360   1537.999  793765201  0.000e+00
     4.2161   3.337076   1538.042  793765801  0.000e+00
     4.2241   3.337890   1537.999  793766401  0.000e+00
     4.2409   3.339461   1538.092  793767001  0.000e+00
     4.2507   3.340256   1538.085  793767601  0.000e+00
     4.3187   3.346962   1538.049  793768201  0.000e+00
     4.3326   3.348409   1538.034  793768801  0.000e+00
     4.3441   3.349336   1538.020  793769401  0.000e+00
     4.3556   3.350409   1537.998  793770001  0.000e+00
     4.3678   3.351725   1537.955  793770601  0.000e+00
     4.3469   3.349902   1537.955  793771201  0.000e+00
     4.3371   3.348922   1537.890  793771801  0.000e+00
     4.3280   3.347916   1537.912  793772401  0.000e+00
     4.2960   3.344660   1537.948  793773001  0.000e+00
     4.2909   3.344068   1537.905  793773601  0.000e+00
     4.2876   3.343786   1537.790  793774201  0.000e+00
     4.2739   3.342405   1537.797  793774801  0.000e+00
     4.2653   3.341689   1537.790  793775401  0.000e+00
     4.2620   3.341367   1537.812  793776001  0.000e+00
     4.2586   3.341150   1537.775  793776601  0.000e+00
     4.2301   3.338613   1537.769  793777201  0.000e+00
     4.2268   3.338219   1537.769  793777801  0.000e+00
     4.2184   3.337575   1537.740  793778401  0.000e+00
     4.2276   3.338396   1537.675  793779001  0.000e+00
     4.2287   3.338515   1537.675  793779601  0.000e+00
     4.2278   3.338377   1537.661  793780201  0.000e+00
     4.2296   3.338488   1537.546  793780801  0.000e+00
     4.2470   3.340046   1537.568  793781401  0.000e+00
     4.2558   3.340939   1537.553  793782001  0.000e+00
     4.2533   3.340703   1537.524  793782601  0.000e+00
     4.2467   3.340059   1537.510  793783201  0.000e+00
     4.2453   3.339835   1537.445  793783801  0.000e+00
     4.2490   3.340098   1537.467  793784401  0.000e+00
     4.2473   3.339947   1537.445  793785001  0.000e+00
     4.2474   3.340019   1537.352  793785601  0.000e+00
     4.2253   3.337963   1537.380  793786201  0.000e+00
     4.2456   3.339980   1537.330  793786801  0.000e+00
     4.2429   3.339750   1537.294  793787401  0.000e+00
     4.2381   3.339329   1537.330  793788001  0.000e+00
     4.2315   3.338725   1537.294  793788601  0.000e+00
     4.2435   3.339940   1537.294  793789201  0.000e+00
     4.2555   3.341150   1537.294  793789801  0.000e+00
     4.2712   3.342734   1537.280  793790401  0.000e+00
     4.2856   3.344272   1537.258  793791001  0.000e+00
     4.2731   3.342951   1537.193  793791601  0.000e+00
     4.2683   3.342537   1537.215  793792201  0.000e+00
     4.2556   3.341261   1537.208  793792801  0.000e+00
     4.2475   3.340506   1537.143  793793401  0.000e+00
     4.2495   3.340670   1537.100  793794001  0.000e+00
     4.2444   3.340269   1537.115  793794601  0.000e+00
     4.2516   3.340900   1537.057  793795201  0.000e+00
     4.2401   3.339756   1537.035  793795801  0.000e+00
     4.2413   3.339789   1537.057  793796401  0.000e+00
     4.2511   3.340874   1537.100  793797001  0.000e+00
     4.2881   3.344377   1537.064  793797601  0.000e+00
     4.2902   3.344621   1537.021  793798201  0.000e+00
     4.2811   3.343733   1537.057  793798801  0.000e+00
     4.2778   3.343450   1537.129  793799401  0.000e+00
     4.2611   3.341820   1537.107  793800001  0.000e+00
     4.2841   3.344003   1537.129  793800601  0.000e+00
     4.2951   3.345055   1537.129  793801201  0.000e+00
     4.3341   3.348843   1537.172  793801801  0.000e+00
     4.3452   3.349961   1537.222  793802401  0.000e+00
     4.3439   3.349777   1537.250  793803001  0.000e+00
     4.3457   3.349928   1537.330  793803601  0.000e+00
     4.3414   3.349593   1537.373  793804201  0.000e+00
     4.3009   3.345798   1537.437  793804801  0.000e+00
     4.2863   3.344305   1537.481  793805401  0.000e+00
     4.2372   3.339533   1537.538  793806001  0.000e+00
     4.2232   3.338127   1537.568  793806601  0.000e+00
     4.2286   3.338626   1537.682  793807201  0.000e+00
     4.2960   3.345035   1537.661  793807801  0.000e+00
     4.3769   3.352942   1537.797  793808401  0.000e+00
     4.3825   3.353601   1537.761  793809001  0.000e+00
     4.3830   3.353627   1537.832  793809601  0.000e+00
     4.3745   3.352896   1537.854  793810201  0.000e+00
     4.3301   3.348600   1537.869  793810801  0.000e+00
     4.3175   3.347324   1537.912  793811401  0.000e+00
     4.3205   3.347606   1537.883  793812001  0.000e+00
     4.3117   3.346607   1537.905  793812601  0.000e+00
     4.2947   3.344779   1537.905  793813201  0.000e+00
     4.2982   3.345101   1537.883  793813801  0.000e+00
     4.3526   3.350494   1537.890  793814401  0.000e+00
     4.3812   3.353383   1537.897  793815001  0.000e+00
     4.3827   3.353462   1537.832  793815601  0.000e+00
     4.3899   3.354200   1537.761  793816201  0.000e+00
     4.3904   3.354305   1537.732  793816801  0.000e+00
     4.3148   3.347080   1537.725  793817401  0.000e+00
     4.3207   3.347231   1537.696  793818001  0.000e+00
     4.3166   3.346896   1537.646  793818601  0.000e+00
     4.2882   3.344233   1537.588  793819201  0.000e+00
     4.2763   3.343194   1537.560  793819801  0.000e+00
     4.2813   3.343641   1537.495  793820401  0.000e+00
     4.2704   3.342616   1537.495  793821001  0.000e+00
     4.2724   3.342786   1537.452  793821601  0.000e+00
     4.2776   3.343332   1537.359  793822201  0.000e+00
     4.2927   3.344792   1537.301  793822801  0.000e+00
     4.3021   3.345765   1537.236  793823401  0.000e+00
     4.2977   3.345443   1537.265  793824001  0.000e+00
     4.2592   3.341853   1537.193  793824601  0.000e+00
     4.2397   3.339940   1537.136  793825201  0.000e+00
     4.2332   3.339296   1537.143  793825801  0.000e+00
     4.2357   3.339395   1537.122  793826401  0.000e+00
     4.2535   3.341228   1537.100  793827001  0.000e+00
     4.2529   3.341143   1537.057  793827601  0.000e+00
     4.1785   3.333975   1537.021  793828201  0.000e+00
     4.1967   3.335565   1537.021  793828801  0.000e+00
     4.2125   3.337049   1537.007  793829401  0.000e+00
     4.2269   3.338620   1537.028  793830001  0.000e+00
     4.2311   3.339020   1537.028  793830601  0.000e+00
     4.2166   3.337575   1537.050  793831201  0.000e+00
     4.1894   3.335105   1537.035  793831801  0.000e+00
     4.1808   3.333995   1537.021  793832401  0.000e+00
     4.1763   3.333594   1537.000  793833001  0.000e+00
     4.1925   3.335125   1537.000  793833601  0.000e+00
     4.2118   3.337062   1536.964  793834201  0.000e+00
     4.2104   3.336970   1536.964  793834801  0.000e+00
     4.2112   3.337010   1536.942  793835401  0.000e+00
     4.2159   3.337430   1536.964  793836001  0.000e+00
     4.2108   3.336918   1536.964  793836601  0.000e+00
     4.2164   3.337430   1536.964  793837201  0.000e+00
     4.2116   3.336938   1536.942  793837801  0.000e+00
     4.2312   3.338771   1536.942  793838401  0.000e+00
     4.2417   3.339848   1536.878  793839001  0.000e+00
     4.2375   3.339461   1536.906  793839601  0.000e+00
     4.2510   3.340762   1536.884  793840201  0.000e+00
     4.2265   3.338396   1536.878  793840801  0.000e+00
     4.2133   3.337102   1536.914  793841401  0.000e+00
     4.2300   3.338652   1536.892  793842001  0.000e+00
     4.2606   3.341662   1536.949  793842601  0.000e+00
     4.2683   3.342444   1536.992  793843201  0.000e+00
     4.2845   3.344114   1537.014  793843801  0.000e+00
     4.3250   3.348040   1537.086  793844401  0.000e+00
     4.3462   3.350093   1537.157  793845001  0.000e+00
     4.3578   3.351231   1537.243  793845601  0.000e+00
     4.3692   3.352429   1537.286  793846201  0.000e+00
     4.3742   3.352909   1537.423  793846801  0.000e+00
     4.3869   3.354107   1537.502  793847401  0.000e+00
     4.3872   3.354213   1537.581  793848001  0.000e+00
     4.3866   3.354147   1537.703  793848601  0.000e+00
     4.3757   3.353120   1537.811  793849201  0.000e+00
     4.3761   3.353074   1537.897  793849801  0.000e+00
     4.3906   3.354469   1537.976  793850401  0.000e+00
     4.4087   3.356313   1538.098  793851001  0.000e+00
     4.4169   3.357096   1538.184  793851601  0.000e+00
     4.4202   3.357459   1538.227  793852201  0.000e+00
     4.4035   3.355872   1538.307  793852801  0.000e+00
     4.3881   3.354358   1538.436  793853401  0.000e+00
     4.3825   3.353765   1538.458  793854001  0.000e+00
     4.3790   3.353456   1538.522  793854601  0.000e+00
     4.3787   3.353423   1538.479  793855201  0.000e+00
     4.3775   3.353338   1538.522  793855801  0.000e+00
     4.3737   3.352962   1538.522  793856401  0.000e+00
     4.3478   3.350495   1538.522  793857001  0.000e+00
     4.3563   3.351146   1538.451  793857601  0.000e+00
     4.3756   3.353114   1538.429  793858201  0.000e+00
     4.3997   3.355411   1538.393  793858801  0.000e+00
     4.4115   3.356589   1538.335  793859401  0.000e+00
     4.4171   3.357123   1538.249  793860001  0.000e+00
     4.4240   3.357768   1538.184  793860601  0.000e+00
     4.4184   3.357353   1538.098  793861201  0.000e+00
     4.3983   3.355352   1537.983  793861801  0.000e+00
     4.3633   3.351955   1537.962  793862401  0.000e+00
     4.3381   3.349442   1537.890  793863001  0.000e+00
     4.3157   3.347284   1537.847  793863601  0.000e+00
     4.2889   3.344719   1537.797  793864201  0.000e+00
     4.2801   3.343792   1537.668  793864801  0.000e+00
     4.2823   3.343996   1537.646  793865401  0.000e+00
     4.2844   3.344180   1537.531  793866001  0.000e+00
     4.2923   3.344930   1537.467  793866601  0.000e+00
     4.2992   3.345620   1537.409  793867201  0.000e+00
     4.3069   3.346344   1537.344  793867801  0.000e+00
     4.3187   3.347475   1537.351  793868401  0.000e+00
     4.3140   3.347074   1537.265  793869001  0.000e+00
     4.3219   3.347810   1537.222  793869601  0.000e+00
     4.2974   3.345482   1537.193  793870201  0.000e+00
     4.2830   3.344141   1537.172  793870801  0.000e+00
     4.2425   3.340328   1537.172  793871401  0.000e+00
     4.2485   3.340736   1537.122  793872001  0.000e+00
     4.2602   3.341774   1537.100  793872601  0.000e+00
     4.2936   3.345009   1537.042  793873201  0.000e+00
     4.2985   3.345535   1537.021  793873801  0.000e+00
     4.3200   3.347547   1537.028  793874401  0.000e+00
     4.3204   3.347665   1537.049  793875001  0.000e+00
     4.3206   3.347626   1537.071  793875601  0.000e+00
     4.3207   3.347586   1537.086  793876201  0.000e+00
     4.3198   3.347534   1537.129  793876801  0.000e+00
     4.3295   3.348481   1537.092  793877401  0.000e+00
     4.3484   3.350317   1537.049  793878001  0.000e+00
     4.3255   3.348021   1536.999  793878601  0.000e+00
     4.3078   3.346462   1536.978  793879201  0.000e+00
     4.2966   3.345239   1536.935  793879801  0.000e+00
     4.2919   3.344818   1536.942  793880401  0.000e+00
     4.3057   3.346199   1536.848  793881001  0.000e+00
     4.3018   3.345955   1536.848  793881601  0.000e+00
     4.3171   3.347277   1536.827  793882201  0.000e+00
     4.3289   3.348356   1536.827  793882801  0.000e+00
     4.3013   3.345817   1536.769  793883401  0.000e+00
     4.2866   3.344456   1536.762  793884001  0.000e+00
     4.2889   3.344594   1536.719  793884601  0.000e+00
     4.3068   3.346324   1536.741  793885201  0.000e+00
     4.3364   3.349152   1536.683  793885801  0.000e+00
     4.3466   3.350185   1536.640  793886401  0.000e+00
     4.3545   3.350961   1536.726  793887001  0.000e+00
     4.3729   3.352633   1536.747  793887601  0.000e+00
     4.3584   3.351356   1536.754  793888201  0.000e+00
     4.3641   3.351909   1536.834  793888801  0.000e+00
     4.3627   3.351869   1536.920  793889401  0.000e+00
     4.3659   3.352087   1536.985  793890001  0.000e+00
     4.3135   3.347027   1537.071  793890601  0.000e+00
     4.3098   3.346685   1537.215  793891201  0.000e+00
     4.3407   3.349639   1537.330  793891801  0.000e+00
     4.3345   3.349054   1537.459  793892401  0.000e+00
     4.3191   3.347685   1537.588  793893001  0.000e+00
     4.3395   3.349507   1537.675  793893601  0.000e+00
     4.3560   3.351152   1537.811  793894201  0.000e+00
     4.3795   3.353429   1537.962  793894801  0.000e+00
     4.3884   3.354312   1538.134  793895401  0.000e+00
     4.3910   3.354634   1538.199  793896001  0.000e+00
     4.3937   3.354924   1538.300  793896601  0.000e+00
     4.3888   3.354424   1538.350  793897201  0.000e+00
     4.3954   3.355009   1538.458  793897801  0.000e+00
     4.3972   3.355167   1538.479  793898401  0.000e+00
     4.3992   3.355332   1538.508  793899001  0.000e+00
     4.3961   3.355075   1538.572  793899601  0.000e+00
     4.3736   3.353015   1538.587  793900201  0.000e+00
     4.3684   3.352416   1538.587  793900801  0.000e+00
     4.3628   3.351863   1538.630  793901401  0.000e+00
     4.3671   3.352245   1538.544  793902001  0.000e+00
     4.3914   3.354575   1538.544  793902601  0.000e+00
     4.4097   3.356359   1538.501  793903201  0.000e+00
     4.4210   3.357465   1538.486  793903801  0.000e+00
     4.4300   3.358361   1538.328  793904401  0.000e+00
     4.4232   3.357702   1538.271  793905001  0.000e+00
     4.4085   3.356267   1538.206  793905601  0.000e+00
     4.3828   3.353818   1538.141  793906201  0.000e+00
     4.3528   3.350889   1538.027  793906801  0.000e+00
     4.3486   3.350468   1537.933  793907401  0.000e+00
     4.3427   3.349909   1537.804  793908001  0.000e+00
     4.3302   3.348712   1537.739  793908601  0.000e+00
     4.3281   3.348402   1537.560  793909201  0.000e+00
     4.3135   3.347008   1537.502  793909801  0.000e+00
     4.3181   3.347481   1537.366  793910401  0.000e+00
     4.3262   3.348185   1537.301  793911001  0.000e+00
     4.3059   3.346284   1537.222  793911601  0.000e+00
     4.3041   3.346074   1537.107  793912201  0.000e+00
     4.3136   3.346981   1537.064  793912801  0.000e+00
     4.3208   3.347685   1537.028  793913401  0.000e+00
     4.3345   3.349159   1536.920  793914001  0.000e+00
     4.3587   3.351376   1536.898  793914601  0.000e+00
     4.3606   3.351665   1536.812  793915201  0.000e+00
     4.3722   3.352659   1536.819  793915801  0.000e+00
     4.3479   3.350349   1536.726  793916401  0.000e+00
     4.3395   3.349547   1536.747  793917001  0.000e+00
     4.3445   3.349968   1536.726  793917601  0.000e+00
     4.3413   3.349678   1536.726  793918201  0.000e+00
     4.3484   3.350323   1536.704  793918801  0.000e+00
     4.3604   3.351461   1536.726  793919401  0.000e+00
     4.3762   3.353074   1536.683  793920001  0.000e+00
     4.3702   3.352527   1536.668  793920601  0.000e+00
     4.3592   3.351468   1536.647  793921201  0.000e+00
     4.3406   3.349612   1536.647  793921801  0.000e+00
     4.3241   3.347974   1536.633  793922401  0.000e+00
     4.3090   3.346541   1536.683  793923001  0.000e+00
     4.3292   3.348356   1536.661  793923601  0.000e+00
     4.3488   3.350441   1536.704  793924201  0.000e+00
     4.3460   3.350152   1536.661  793924801  0.000e+00
     4.3410   3.349645   1536.618  793925401  0.000e+00
     4.3369   3.349218   1536.618  793926001  0.000e+00
     4.3321   3.348797   1536.661  793926601  0.000e+00
     4.3319   3.348764   1536.590  793927201  0.000e+00
     4.3332   3.348948   1536.546  793927801  0.000e+00
     4.3399   3.349580   1536.575  793928401  0.000e+00
     4.3491   3.350461   1536.575  793929001  0.000e+00
     4.3315   3.348790   1536.618  793929601  0.000e+00
     4.3315   3.348672   1536.640  793930201  0.000e+00
     4.3275   3.348356   1536.676  793930801  0.000e+00
     4.3228   3.347902   1536.769  793931401  0.000e+00
