odissea/data/moor/raw/ce25007/microcat/23829_data.cnv
* Sea-Bird SBE37SMP-RS232  Data File:
* FileName = C:\CE25007_recovery_data\23829_data.hex
* Software version SeatermV2 2.8.0.119
* Temperature SN = 23829
* Conductivity SN = 23829
* System UpLoad Time = May 13 2025 12:43:01
* sample interval = 600 seconds
* <ApplicationData>
# nquan = 5
# nvalues = 46300                                 
# units = specified
# name 0 = tv290C: Temperature [ITS-90, deg C]
# name 1 = cond0S/m: Conductivity [S/m]
# name 2 = prdM: Pressure, Strain Gauge [db]
# name 3 = timeK: Time, Instrument [seconds]
# name 4 = flag:  0.000e+00
# span 0 =     3.8342,    15.7674                 
# span 1 =   0.000029,   4.127788                 
# span 2 =      1.026,   1564.783                 
# span 3 =  772675201,  800454601                 
# span 4 = 0.0000e+00, 0.0000e+00                 
# interval = seconds: 600
# start_time = Jun 26 2024 00:00:01 [Instrument's time stamp, first data scan]
# bad_flag = -9.990e-29
*END*
[from data line 6286]
     4.4166   3.356872   1536.819  776446801  0.000e+00
     4.4116   3.356424   1536.955  776447401  0.000e+00
     4.4247   3.357636   1537.056  776448001  0.000e+00
     4.4415   3.359296   1537.099  776448601  0.000e+00
     4.4348   3.358709   1537.214  776449201  0.000e+00
     4.4534   3.360409   1537.279  776449801  0.000e+00
     4.4639   3.361621   1537.393  776450401  0.000e+00
     4.4232   3.357597   1537.480  776451001  0.000e+00
     4.4411   3.359388   1537.552  776451601  0.000e+00
     4.4218   3.357393   1537.645  776452201  0.000e+00
     4.4819   3.363130   1537.753  776452801  0.000e+00
     4.4266   3.358091   1537.825  776453401  0.000e+00
     4.4150   3.356840   1537.919  776454001  0.000e+00
     4.4016   3.355694   1537.969  776454601  0.000e+00
     4.4764   3.362728   1538.012  776455201  0.000e+00
     4.4945   3.364547   1538.083  776455801  0.000e+00
     4.4224   3.357663   1538.098  776456401  0.000e+00
     4.3216   3.347942   1538.214  776457001  0.000e+00
     4.3415   3.349764   1538.235  776457601  0.000e+00
     4.3248   3.348350   1538.278  776458201  0.000e+00
     4.3153   3.347633   1538.250  776458801  0.000e+00
     4.3034   3.346061   1538.293  776459401  0.000e+00
     4.3182   3.347508   1538.278  776460001  0.000e+00
     4.3610   3.351679   1538.278  776460601  0.000e+00
     4.3938   3.354970   1538.242  776461201  0.000e+00
     4.3831   3.353838   1538.177  776461801  0.000e+00
     4.3889   3.354318   1538.171  776462401  0.000e+00
     4.4227   3.357617   1538.134  776463001  0.000e+00
     4.4174   3.357031   1538.120  776463601  0.000e+00
     4.4137   3.356840   1538.055  776464201  0.000e+00
     4.4087   3.356372   1538.027  776464801  0.000e+00
     4.3671   3.352409   1537.940  776465401  0.000e+00
     4.3985   3.355161   1537.847  776466001  0.000e+00
     4.3318   3.349369   1537.876  776466601  0.000e+00
     4.4060   3.355806   1537.739  776467201  0.000e+00
     4.4311   3.358729   1537.652  776467801  0.000e+00
     4.4405   3.359467   1537.581  776468401  0.000e+00
     4.4953   3.364692   1537.523  776469001  0.000e+00
     4.5008   3.365080   1537.443  776469601  0.000e+00
     4.4556   3.360817   1537.393  776470201  0.000e+00
     4.4788   3.363018   1537.350  776470801  0.000e+00
     4.4285   3.358545   1537.243  776471401  0.000e+00
     4.4029   3.355786   1537.214  776472001  0.000e+00
     4.3761   3.353166   1537.186  776472601  0.000e+00
     4.3595   3.351573   1537.164  776473201  0.000e+00
     4.3426   3.349843   1537.136  776473801  0.000e+00
     4.3377   3.349363   1537.114  776474401  0.000e+00
     4.3216   3.347863   1537.071  776475001  0.000e+00
     4.2917   3.345081   1537.064  776475601  0.000e+00
     4.2802   3.343858   1537.035  776476201  0.000e+00
     4.2760   3.343424   1537.035  776476801  0.000e+00
     4.2823   3.343989   1536.949  776477401  0.000e+00
     4.2719   3.343089   1536.978  776478001  0.000e+00
     4.2769   3.343496   1536.956  776478601  0.000e+00
     4.2889   3.344621   1536.891  776479201  0.000e+00
     4.2924   3.344976   1536.870  776479801  0.000e+00
     4.2926   3.345022   1536.870  776480401  0.000e+00
     4.2981   3.345613   1536.805  776481001  0.000e+00
     4.2924   3.344989   1536.755  776481601  0.000e+00
     4.2531   3.341504   1536.741  776482201  0.000e+00
     4.2956   3.344916   1536.734  776482801  0.000e+00
     4.2720   3.342576   1536.690  776483401  0.000e+00
     4.2841   3.344068   1536.604  776484001  0.000e+00
     4.2942   3.344949   1536.583  776484601  0.000e+00
     4.3532   3.350902   1536.553  776485201  0.000e+00
     4.3741   3.352863   1536.532  776485801  0.000e+00
     4.3658   3.351961   1536.467  776486401  0.000e+00
     4.3730   3.352587   1536.467  776487001  0.000e+00
     4.3413   3.349626   1536.467  776487601  0.000e+00
     4.2974   3.345317   1536.525  776488201  0.000e+00
     4.3379   3.348790   1536.553  776488801  0.000e+00
     4.3529   3.350830   1536.489  776489401  0.000e+00
     4.3628   3.351751   1536.575  776490001  0.000e+00
     4.3830   3.353659   1536.661  776490601  0.000e+00
     4.3947   3.354825   1536.668  776491201  0.000e+00
     4.4131   3.356635   1536.761  776491801  0.000e+00
     4.4486   3.360053   1536.790  776492401  0.000e+00
     4.4520   3.360409   1536.876  776493001  0.000e+00
     4.4808   3.363163   1536.941  776493601  0.000e+00
     4.5229   3.367209   1537.012  776494201  0.000e+00
     4.4952   3.364560   1537.120  776494801  0.000e+00
     4.4750   3.362701   1537.199  776495401  0.000e+00
     4.4935   3.364481   1537.264  776496001  0.000e+00
     4.4757   3.362787   1537.286  776496601  0.000e+00
     4.4715   3.362372   1537.458  776497201  0.000e+00
     4.4823   3.363380   1537.523  776497801  0.000e+00
     4.4561   3.360956   1537.566  776498401  0.000e+00
     4.3711   3.352745   1537.660  776499001  0.000e+00
     4.3519   3.350712   1537.746  776499601  0.000e+00
     4.3330   3.348896   1537.847  776500201  0.000e+00
     4.3023   3.345995   1537.933  776500801  0.000e+00
     4.2624   3.342241   1537.970  776501401  0.000e+00
     4.2542   3.341347   1538.006  776502001  0.000e+00
     4.1970   3.336261   1538.070  776502601  0.000e+00
     4.2818   3.343898   1538.027  776503201  0.000e+00
     4.2641   3.342162   1538.006  776503801  0.000e+00
     4.3167   3.347297   1538.056  776504401  0.000e+00
     4.3091   3.346574   1538.013  776505001  0.000e+00
     4.3208   3.347771   1538.013  776505601  0.000e+00
     4.2920   3.344890   1538.013  776506201  0.000e+00
     4.3190   3.347422   1538.013  776506801  0.000e+00
     4.2833   3.344161   1537.926  776507401  0.000e+00
     4.2976   3.345634   1537.905  776508001  0.000e+00
     4.1852   3.334915   1537.891  776508601  0.000e+00
     4.1782   3.334081   1537.891  776509201  0.000e+00
     4.2001   3.336071   1537.776  776509801  0.000e+00
     4.2516   3.341025   1537.704  776510401  0.000e+00
     4.3075   3.346423   1537.625  776511001  0.000e+00
     4.3128   3.346955   1537.517  776511601  0.000e+00
     4.3797   3.353271   1537.437  776512201  0.000e+00
     4.3678   3.352284   1537.358  776512801  0.000e+00
     4.3732   3.352765   1537.250  776513401  0.000e+00
     4.3717   3.352679   1537.243  776514001  0.000e+00
     4.3305   3.348830   1537.114  776514601  0.000e+00
     4.3181   3.347415   1537.107  776515201  0.000e+00
     4.3875   3.354015   1537.006  776515801  0.000e+00
     4.4329   3.358597   1536.912  776516401  0.000e+00
     4.4020   3.355615   1536.869  776517001  0.000e+00
     4.3952   3.355009   1536.848  776517601  0.000e+00
     4.4738   3.362425   1536.718  776518201  0.000e+00
     4.3384   3.349619   1536.754  776518801  0.000e+00
     4.2466   3.340919   1536.741  776519401  0.000e+00
     4.2069   3.336727   1536.727  776520001  0.000e+00
     4.1640   3.332728   1536.705  776520601  0.000e+00
     4.1627   3.332439   1536.720  776521201  0.000e+00
     4.1633   3.332524   1536.698  776521801  0.000e+00
     4.1612   3.332321   1536.655  776522401  0.000e+00
     4.1511   3.331329   1536.655  776523001  0.000e+00
     4.1455   3.330778   1536.633  776523601  0.000e+00
     4.1455   3.330804   1536.605  776524201  0.000e+00
     4.1633   3.332458   1536.569  776524801  0.000e+00
     4.1608   3.332340   1536.533  776525401  0.000e+00
     4.1778   3.333844   1536.547  776526001  0.000e+00
     4.1862   3.334691   1536.504  776526601  0.000e+00
     4.1889   3.334941   1536.504  776527201  0.000e+00
     4.2084   3.336754   1536.511  776527801  0.000e+00
     4.2346   3.339250   1536.511  776528401  0.000e+00
     4.2103   3.337003   1536.511  776529001  0.000e+00
     4.2202   3.338067   1536.489  776529601  0.000e+00
     4.1993   3.335998   1536.554  776530201  0.000e+00
     4.2035   3.336445   1536.547  776530801  0.000e+00
     4.2034   3.336399   1536.554  776531401  0.000e+00
     4.1999   3.336057   1536.633  776532001  0.000e+00
     4.1977   3.335827   1536.640  776532601  0.000e+00
     4.2069   3.336767   1536.755  776533201  0.000e+00
     4.2214   3.338232   1536.798  776533801  0.000e+00
     4.2346   3.339244   1536.856  776534401  0.000e+00
     4.2337   3.339277   1536.921  776535001  0.000e+00
     4.2642   3.342076   1536.992  776535601  0.000e+00
     4.2517   3.341005   1537.079  776536201  0.000e+00
     4.2336   3.339474   1537.186  776536801  0.000e+00
     4.2478   3.340611   1537.251  776537401  0.000e+00
     4.2292   3.338988   1537.287  776538001  0.000e+00
     4.2396   3.339914   1537.395  776538601  0.000e+00
     4.2356   3.339467   1537.488  776539201  0.000e+00
     4.2296   3.338981   1537.603  776539801  0.000e+00
     4.2266   3.338666   1537.618  776540401  0.000e+00
     4.2269   3.338797   1537.740  776541001  0.000e+00
     4.2247   3.338521   1537.826  776541601  0.000e+00
     4.2554   3.341367   1537.869  776542201  0.000e+00
     4.3341   3.348593   1537.941  776542801  0.000e+00
     4.3792   3.353436   1538.020  776543401  0.000e+00
     4.3580   3.351383   1538.070  776544001  0.000e+00
     4.2393   3.339960   1538.149  776544601  0.000e+00
     4.2504   3.341032   1538.207  776545201  0.000e+00
     4.2532   3.341222   1538.200  776545801  0.000e+00
     4.2630   3.342136   1538.243  776546401  0.000e+00
     4.2656   3.342373   1538.264  776547001  0.000e+00
     4.2551   3.341492   1538.264  776547601  0.000e+00
     4.2348   3.339527   1538.286  776548201  0.000e+00
     4.1910   3.335250   1538.301  776548801  0.000e+00
     4.2481   3.340650   1538.279  776549401  0.000e+00
     4.2866   3.344450   1538.243  776550001  0.000e+00
     4.2761   3.343444   1538.243  776550601  0.000e+00
     4.2752   3.343510   1538.164  776551201  0.000e+00
     4.2265   3.338653   1538.135  776551801  0.000e+00
     4.2119   3.337312   1538.107  776552401  0.000e+00
     4.2166   3.337753   1538.020  776553001  0.000e+00
     4.2356   3.339559   1537.963  776553601  0.000e+00
     4.1995   3.336045   1537.913  776554201  0.000e+00
     4.1875   3.335007   1537.848  776554801  0.000e+00
     4.1757   3.333910   1537.776  776555401  0.000e+00
     4.1578   3.332163   1537.668  776556001  0.000e+00
     4.1795   3.334146   1537.647  776556601  0.000e+00
     4.1921   3.335315   1537.539  776557201  0.000e+00
     4.2038   3.336425   1537.438  776557801  0.000e+00
     4.2473   3.340611   1537.380  776558401  0.000e+00
     4.2625   3.342063   1537.266  776559001  0.000e+00
     4.2479   3.340788   1537.208  776559601  0.000e+00
     4.2449   3.340427   1537.143  776560201  0.000e+00
     4.2451   3.340453   1537.100  776560801  0.000e+00
     4.2306   3.339099   1537.057  776561401  0.000e+00
     4.2156   3.337641   1537.007  776562001  0.000e+00
     4.2184   3.337890   1536.964  776562601  0.000e+00
     4.2315   3.339066   1536.899  776563201  0.000e+00
     4.2706   3.342839   1536.841  776563801  0.000e+00
     4.2333   3.339349   1536.820  776564401  0.000e+00
     4.2169   3.337739   1536.798  776565001  0.000e+00
     4.2073   3.336839   1536.683  776565601  0.000e+00
     4.2182   3.337811   1536.662  776566201  0.000e+00
     4.2225   3.338225   1536.669  776566801  0.000e+00
     4.2338   3.339230   1536.597  776567401  0.000e+00
     4.2177   3.337857   1536.597  776568001  0.000e+00
     4.1830   3.334547   1536.554  776568601  0.000e+00
     4.1806   3.334271   1536.526  776569201  0.000e+00
     4.1948   3.335519   1536.468  776569801  0.000e+00
     4.1754   3.333916   1536.468  776570401  0.000e+00
     4.1368   3.330193   1536.439  776571001  0.000e+00
     4.0458   3.321395   1536.468  776571601  0.000e+00
     4.0427   3.321041   1536.461  776572201  0.000e+00
     4.0247   3.319291   1536.461  776572801  0.000e+00
     4.0620   3.322772   1536.418  776573401  0.000e+00
     4.1333   3.329557   1536.432  776574001  0.000e+00
     4.1294   3.329406   1536.439  776574601  0.000e+00
     4.1187   3.328264   1536.454  776575201  0.000e+00
     4.1000   3.326531   1536.497  776575801  0.000e+00
     4.0881   3.325304   1536.512  776576401  0.000e+00
     4.0969   3.326177   1536.562  776577001  0.000e+00
     4.1652   3.332531   1536.612  776577601  0.000e+00
     4.1777   3.333857   1536.612  776578201  0.000e+00
     4.1487   3.331270   1536.655  776578801  0.000e+00
     4.1498   3.331428   1536.720  776579401  0.000e+00
     4.1696   3.333227   1536.784  776580001  0.000e+00
     4.1676   3.332892   1536.849  776580601  0.000e+00
     4.1728   3.333437   1536.935  776581201  0.000e+00
     4.1802   3.334120   1537.065  776581801  0.000e+00
     4.2228   3.338173   1537.086  776582401  0.000e+00
     4.2236   3.338324   1537.165  776583001  0.000e+00
     4.2292   3.338810   1537.244  776583601  0.000e+00
     4.2609   3.341636   1537.330  776584201  0.000e+00
     4.2126   3.337293   1537.417  776584801  0.000e+00
     4.1812   3.334330   1537.481  776585401  0.000e+00
     4.1811   3.334219   1537.582  776586001  0.000e+00
     4.1613   3.332373   1537.625  776586601  0.000e+00
     4.1633   3.332498   1537.690  776587201  0.000e+00
     4.1543   3.331651   1537.755  776587801  0.000e+00
     4.1493   3.331192   1537.819  776588401  0.000e+00
     4.1381   3.330115   1537.884  776589001  0.000e+00
     4.1534   3.331540   1537.927  776589601  0.000e+00
     4.1517   3.331454   1537.992  776590201  0.000e+00
     4.1742   3.333463   1537.970  776590801  0.000e+00
     4.1789   3.333989   1537.970  776591401  0.000e+00
     4.1925   3.335269   1538.013  776592001  0.000e+00
     4.2040   3.336419   1537.999  776592601  0.000e+00
     4.1297   3.329347   1538.078  776593201  0.000e+00
     4.1246   3.328763   1538.049  776593801  0.000e+00
     4.1738   3.333569   1538.035  776594401  0.000e+00
     4.2020   3.336150   1537.992  776595001  0.000e+00
     4.2040   3.336419   1537.999  776595601  0.000e+00
     4.2139   3.337293   1537.927  776596201  0.000e+00
     4.2244   3.338252   1537.876  776596801  0.000e+00
     4.2340   3.339218   1537.826  776597401  0.000e+00
     4.2676   3.342353   1537.747  776598001  0.000e+00
     4.2691   3.342563   1537.661  776598601  0.000e+00
     4.2641   3.342037   1537.603  776599201  0.000e+00
     4.2609   3.341728   1537.531  776599801  0.000e+00
     4.2703   3.342629   1537.467  776600401  0.000e+00
     4.2838   3.343943   1537.409  776601001  0.000e+00
     4.2938   3.344956   1537.301  776601601  0.000e+00
     4.2918   3.344719   1537.258  776602201  0.000e+00
     4.2879   3.344279   1537.165  776602801  0.000e+00
     4.2900   3.344529   1537.107  776603401  0.000e+00
     4.2933   3.344838   1537.042  776604001  0.000e+00
     4.2751   3.343168   1536.978  776604601  0.000e+00
     4.2577   3.341485   1536.913  776605201  0.000e+00
     4.1674   3.333233   1536.942  776605801  0.000e+00
     4.1467   3.331034   1536.871  776606401  0.000e+00
     4.1587   3.332025   1536.842  776607001  0.000e+00
     4.1712   3.333266   1536.806  776607601  0.000e+00
     4.1755   3.333654   1536.763  776608201  0.000e+00
     4.1753   3.333660   1536.676  776608801  0.000e+00
     4.1739   3.333588   1536.676  776609401  0.000e+00
     4.1588   3.332104   1536.612  776610001  0.000e+00
     4.1766   3.333680   1536.583  776610601  0.000e+00
     4.1769   3.333791   1536.554  776611201  0.000e+00
     4.1757   3.333719   1536.504  776611801  0.000e+00
     4.1541   3.331861   1536.482  776612401  0.000e+00
     4.1611   3.332202   1536.475  776613001  0.000e+00
     4.2118   3.336852   1536.418  776613601  0.000e+00
     4.2308   3.338803   1536.425  776614201  0.000e+00
     4.2332   3.339066   1536.410  776614801  0.000e+00
     4.2254   3.338324   1536.425  776615401  0.000e+00
     4.2552   3.341169   1536.389  776616001  0.000e+00
     4.2246   3.338389   1536.446  776616601  0.000e+00
     4.2058   3.336504   1536.468  776617201  0.000e+00
