odissea/data/moor/raw/ce25007/microcat/23829_data.cnv
* Sea-Bird SBE37SMP-RS232  Data File:
* FileName = C:\CE25007_recovery_data\23829_data.hex
* Software version SeatermV2 2.8.0.119
* Temperature SN = 23829
* Conductivity SN = 23829
* System UpLoad Time = May 13 2025 12:43:01
* sample interval = 600 seconds
* <ApplicationData>
# nquan = 5
# nvalues = 46300                                 
# units = specified
# name 0 = tv290C: Temperature [ITS-90, deg C]
# name 1 = cond0S/m: Conductivity [S/m]
# name 2 = prdM: Pressure, Strain Gauge [db]
# name 3 = timeK: Time, Instrument [seconds]
# name 4 = flag:  0.000e+00
# span 0 =     3.8342,    15.7674                 
# span 1 =   0.000029,   4.127788                 
# span 2 =      1.026,   1564.783                 
# span 3 =  772675201,  800454601                 
# span 4 = 0.0000e+00, 0.0000e+00                 
# interval = seconds: 600
# start_time = Jun 26 2024 00:00:01 [Instrument's time stamp, first data scan]
# bad_flag = -9.990e-29
*END*
[from data line 26286]
     4.0944   3.325587   1539.020  788446801  0.000e+00
     4.0955   3.325646   1538.948  788447401  0.000e+00
     4.0939   3.325541   1538.955  788448001  0.000e+00
     4.0920   3.325312   1538.840  788448601  0.000e+00
     4.0877   3.324905   1538.819  788449201  0.000e+00
     4.0854   3.324688   1538.776  788449801  0.000e+00
     4.0909   3.325207   1538.675  788450401  0.000e+00
     4.1002   3.326046   1538.581  788451001  0.000e+00
     4.1051   3.326525   1538.495  788451601  0.000e+00
     4.1205   3.327916   1538.394  788452201  0.000e+00
     4.1447   3.330260   1538.265  788452801  0.000e+00
     4.1512   3.330975   1538.229  788453401  0.000e+00
     4.1558   3.331376   1538.121  788454001  0.000e+00
     4.1583   3.331618   1538.056  788454601  0.000e+00
     4.1572   3.331540   1538.013  788455201  0.000e+00
     4.1426   3.330168   1537.992  788455801  0.000e+00
     4.1223   3.328271   1537.884  788456401  0.000e+00
     4.1112   3.327103   1537.812  788457001  0.000e+00
     4.1105   3.327037   1537.741  788457601  0.000e+00
     4.1060   3.326630   1537.661  788458201  0.000e+00
     4.0944   3.325521   1537.590  788458801  0.000e+00
     4.0911   3.325187   1537.489  788459401  0.000e+00
     4.0901   3.325095   1537.439  788460001  0.000e+00
     4.0815   3.324275   1537.374  788460601  0.000e+00
     4.0450   3.320884   1537.309  788461201  0.000e+00
     4.0369   3.320051   1537.281  788461801  0.000e+00
     4.0371   3.320051   1537.151  788462401  0.000e+00
     4.0373   3.320051   1537.130  788463001  0.000e+00
     4.0371   3.320038   1537.094  788463601  0.000e+00
     4.0353   3.319900   1537.000  788464201  0.000e+00
     4.0326   3.319605   1537.007  788464801  0.000e+00
     4.0303   3.319383   1536.979  788465401  0.000e+00
     4.0302   3.319376   1536.979  788466001  0.000e+00
     4.0294   3.319310   1536.936  788466601  0.000e+00
     4.0275   3.319127   1536.936  788467201  0.000e+00
     4.0224   3.318602   1536.893  788467801  0.000e+00
     4.0206   3.318452   1536.857  788468401  0.000e+00
     4.0179   3.318196   1536.842  788469001  0.000e+00
     4.0158   3.317999   1536.871  788469601  0.000e+00
     4.0162   3.318032   1536.914  788470201  0.000e+00
     4.0125   3.317685   1536.929  788470801  0.000e+00
     4.0072   3.317213   1536.936  788471401  0.000e+00
     4.0052   3.316990   1537.015  788472001  0.000e+00
     4.0029   3.316754   1537.037  788472601  0.000e+00
     4.0001   3.316498   1537.151  788473201  0.000e+00
     4.0019   3.316656   1537.166  788473801  0.000e+00
     4.0034   3.316793   1537.252  788474401  0.000e+00
     4.0047   3.316925   1537.338  788475001  0.000e+00
     3.9966   3.316177   1537.475  788475601  0.000e+00
     3.9901   3.315568   1537.496  788476201  0.000e+00
     3.9808   3.314729   1537.640  788476801  0.000e+00
     3.9725   3.313910   1537.726  788477401  0.000e+00
     3.9714   3.313806   1537.899  788478001  0.000e+00
     3.9669   3.313386   1537.957  788478601  0.000e+00
     3.9469   3.311519   1538.115  788479201  0.000e+00
     3.9612   3.312790   1538.266  788479801  0.000e+00
     3.9646   3.313170   1538.373  788480401  0.000e+00
     3.9640   3.313118   1538.474  788481001  0.000e+00
     3.9812   3.314644   1538.589  788481601  0.000e+00
     3.9977   3.316329   1538.711  788482201  0.000e+00
     3.9957   3.316132   1538.891  788482801  0.000e+00
     4.0137   3.317712   1538.941  788483401  0.000e+00
     4.0329   3.319639   1539.070  788484001  0.000e+00
     4.0394   3.320281   1539.207  788484601  0.000e+00
     4.0613   3.322367   1539.329  788485201  0.000e+00
     4.0718   3.323396   1539.451  788485801  0.000e+00
     4.0787   3.324033   1539.509  788486401  0.000e+00
     4.0885   3.325010   1539.509  788487001  0.000e+00
     4.1003   3.326126   1539.595  788487601  0.000e+00
     4.1005   3.326178   1539.688  788488201  0.000e+00
     4.0982   3.325962   1539.731  788488801  0.000e+00
     4.0992   3.326047   1539.731  788489401  0.000e+00
     4.1127   3.327280   1539.753  788490001  0.000e+00
     4.1202   3.328042   1539.753  788490601  0.000e+00
     4.1176   3.327799   1539.738  788491201  0.000e+00
     4.1254   3.328521   1539.688  788491801  0.000e+00
     4.1289   3.328829   1539.667  788492401  0.000e+00
     4.1302   3.328993   1539.580  788493001  0.000e+00
     4.1310   3.329052   1539.537  788493601  0.000e+00
     4.1312   3.329092   1539.494  788494201  0.000e+00
     4.1372   3.329610   1539.444  788494801  0.000e+00
     4.1464   3.330477   1539.329  788495401  0.000e+00
     4.1499   3.330844   1539.221  788496001  0.000e+00
     4.1441   3.330352   1539.135  788496601  0.000e+00
     4.1388   3.329800   1539.084  788497201  0.000e+00
     4.1296   3.328934   1538.977  788497801  0.000e+00
     4.1229   3.328278   1538.934  788498401  0.000e+00
     4.1198   3.328015   1538.783  788499001  0.000e+00
     4.1008   3.326237   1538.739  788499601  0.000e+00
     4.0921   3.325331   1538.567  788500201  0.000e+00
     4.0855   3.324708   1538.502  788500801  0.000e+00
     4.0674   3.323016   1538.387  788501401  0.000e+00
     4.0499   3.321297   1538.294  788502001  0.000e+00
     4.0306   3.319488   1538.251  788502601  0.000e+00
     4.0489   3.321127   1538.165  788503201  0.000e+00
     4.0491   3.321186   1538.042  788503801  0.000e+00
     4.0354   3.319881   1537.935  788504401  0.000e+00
     4.0471   3.320910   1537.841  788505001  0.000e+00
     4.0444   3.320720   1537.762  788505601  0.000e+00
     4.0419   3.320465   1537.712  788506201  0.000e+00
     4.0232   3.318753   1537.669  788506801  0.000e+00
     4.0156   3.317967   1537.583  788507401  0.000e+00
     4.0105   3.317495   1537.554  788508001  0.000e+00
     4.0101   3.317436   1537.496  788508601  0.000e+00
     4.0120   3.317652   1537.453  788509201  0.000e+00
     4.0127   3.317698   1537.389  788509801  0.000e+00
     4.0201   3.318367   1537.389  788510401  0.000e+00
     4.0281   3.319153   1537.324  788511001  0.000e+00
     4.0201   3.318432   1537.238  788511601  0.000e+00
     3.9993   3.316459   1537.209  788512201  0.000e+00
     4.0076   3.317200   1537.166  788512801  0.000e+00
     4.0109   3.317495   1537.187  788513401  0.000e+00
     4.0217   3.318537   1537.166  788514001  0.000e+00
     4.0222   3.318589   1537.130  788514601  0.000e+00
     4.0215   3.318550   1537.187  788515201  0.000e+00
     4.0180   3.318242   1537.194  788515801  0.000e+00
     4.0057   3.317049   1537.216  788516401  0.000e+00
     4.0042   3.316885   1537.259  788517001  0.000e+00
     4.0052   3.316911   1537.338  788517601  0.000e+00
     4.0201   3.318419   1537.432  788518201  0.000e+00
     4.0151   3.317954   1537.468  788518801  0.000e+00
     4.0154   3.318013   1537.539  788519401  0.000e+00
     4.0167   3.318144   1537.647  788520001  0.000e+00
     4.0120   3.317685   1537.734  788520601  0.000e+00
     4.0086   3.317351   1537.834  788521201  0.000e+00
     3.9996   3.316525   1537.985  788521801  0.000e+00
     4.0025   3.316853   1538.100  788522401  0.000e+00
     4.0034   3.316879   1538.179  788523001  0.000e+00
     3.9937   3.315994   1538.287  788523601  0.000e+00
     4.0035   3.316899   1538.438  788524201  0.000e+00
     4.0051   3.317095   1538.503  788524801  0.000e+00
     4.0087   3.317423   1538.632  788525401  0.000e+00
     4.0078   3.317351   1538.790  788526001  0.000e+00
     4.0182   3.318341   1538.876  788526601  0.000e+00
     4.0194   3.318459   1538.999  788527201  0.000e+00
     4.0215   3.318682   1539.114  788527801  0.000e+00
     4.0437   3.320754   1539.221  788528401  0.000e+00
     4.0810   3.324243   1539.329  788529001  0.000e+00
     4.0881   3.324997   1539.444  788529601  0.000e+00
     4.1201   3.328002   1539.530  788530201  0.000e+00
     4.1386   3.329781   1539.624  788530801  0.000e+00
     4.1492   3.330779   1539.710  788531401  0.000e+00
     4.1504   3.330930   1539.781  788532001  0.000e+00
     4.1274   3.328750   1539.818  788532601  0.000e+00
     4.1027   3.326447   1539.861  788533201  0.000e+00
     4.1030   3.326473   1539.839  788533801  0.000e+00
     4.0987   3.326053   1539.832  788534401  0.000e+00
     4.0954   3.325732   1539.854  788535001  0.000e+00
     4.0940   3.325607   1539.854  788535601  0.000e+00
     4.0908   3.325319   1539.818  788536201  0.000e+00
     4.0879   3.325063   1539.724  788536801  0.000e+00
     4.0903   3.325260   1539.710  788537401  0.000e+00
     4.0928   3.325469   1539.616  788538001  0.000e+00
     4.1007   3.326204   1539.537  788538601  0.000e+00
     4.1046   3.326578   1539.358  788539201  0.000e+00
     4.1093   3.326992   1539.257  788539801  0.000e+00
     4.1274   3.328685   1539.149  788540401  0.000e+00
     4.1358   3.329505   1538.998  788541001  0.000e+00
     4.1442   3.330312   1538.897  788541601  0.000e+00
     4.1485   3.330739   1538.804  788542201  0.000e+00
     4.1510   3.331008   1538.682  788542801  0.000e+00
     4.1510   3.330995   1538.617  788543401  0.000e+00
     4.1456   3.330509   1538.445  788544001  0.000e+00
     4.1378   3.329741   1538.373  788544601  0.000e+00
     4.1351   3.329439   1538.244  788545201  0.000e+00
     4.1360   3.329492   1538.157  788545801  0.000e+00
     4.1439   3.330273   1538.056  788546401  0.000e+00
     4.1466   3.330522   1537.949  788547001  0.000e+00
     4.1490   3.330771   1537.798  788547601  0.000e+00
     4.1403   3.329898   1537.668  788548201  0.000e+00
     4.1327   3.329170   1537.510  788548801  0.000e+00
     4.1067   3.326794   1537.467  788549401  0.000e+00
     4.0826   3.324537   1537.374  788550001  0.000e+00
     4.0557   3.321900   1537.266  788550601  0.000e+00
     4.0583   3.322117   1537.194  788551201  0.000e+00
     4.0494   3.321356   1537.194  788551801  0.000e+00
     4.0755   3.323632   1537.130  788552401  0.000e+00
     4.0793   3.324019   1537.094  788553001  0.000e+00
     4.1041   3.326348   1536.986  788553601  0.000e+00
     4.1116   3.327109   1536.950  788554201  0.000e+00
     4.1217   3.328047   1536.885  788554801  0.000e+00
     4.0965   3.325764   1536.885  788555401  0.000e+00
     4.0599   3.322340   1536.864  788556001  0.000e+00
     4.0473   3.321048   1536.828  788556601  0.000e+00
     4.0470   3.321002   1536.828  788557201  0.000e+00
     4.0469   3.320989   1536.806  788557801  0.000e+00
     4.0234   3.318766   1536.813  788558401  0.000e+00
     4.0128   3.317803   1536.849  788559001  0.000e+00
     4.0011   3.316675   1536.864  788559601  0.000e+00
     3.9786   3.314506   1536.907  788560201  0.000e+00
     3.9763   3.314257   1536.929  788560801  0.000e+00
     3.9663   3.313275   1537.008  788561401  0.000e+00
     3.9691   3.313524   1536.993  788562001  0.000e+00
     3.9696   3.313563   1537.051  788562601  0.000e+00
     3.9682   3.313458   1537.159  788563201  0.000e+00
     3.9679   3.313419   1537.231  788563801  0.000e+00
     3.9622   3.312934   1537.310  788564401  0.000e+00
     3.9667   3.313360   1537.425  788565001  0.000e+00
     3.9673   3.313406   1537.568  788565601  0.000e+00
     3.9653   3.313203   1537.726  788566201  0.000e+00
     3.9627   3.312967   1537.913  788566801  0.000e+00
     3.9620   3.312901   1538.064  788567401  0.000e+00
     3.9729   3.313950   1538.215  788568001  0.000e+00
     3.9775   3.314356   1538.366  788568601  0.000e+00
     3.9752   3.314173   1538.503  788569201  0.000e+00
     3.9821   3.314841   1538.632  788569801  0.000e+00
     3.9882   3.315378   1538.783  788570401  0.000e+00
     3.9934   3.315929   1538.934  788571001  0.000e+00
     3.9929   3.315903   1539.171  788571601  0.000e+00
     3.9875   3.315405   1539.344  788572201  0.000e+00
     3.9881   3.315431   1539.523  788572801  0.000e+00
     3.9905   3.315687   1539.667  788573401  0.000e+00
     3.9994   3.316499   1539.818  788574001  0.000e+00
     4.0220   3.318682   1539.998  788574601  0.000e+00
     4.0344   3.319856   1540.149  788575201  0.000e+00
     4.0459   3.320937   1540.256  788575801  0.000e+00
     4.0613   3.322387   1540.235  788576401  0.000e+00
     4.0660   3.322892   1540.263  788577001  0.000e+00
     4.0523   3.321547   1540.299  788577601  0.000e+00
     4.0635   3.322636   1540.343  788578201  0.000e+00
     4.0810   3.324282   1540.328  788578801  0.000e+00
     4.0866   3.324833   1540.292  788579401  0.000e+00
     4.0889   3.325056   1540.263  788580001  0.000e+00
     4.0914   3.325286   1540.242  788580601  0.000e+00
     4.0928   3.325430   1540.242  788581201  0.000e+00
     4.1054   3.326631   1540.141  788581801  0.000e+00
     4.1298   3.328921   1540.033  788582401  0.000e+00
     4.1325   3.329236   1539.925  788583001  0.000e+00
     4.1349   3.329440   1539.839  788583601  0.000e+00
     4.1371   3.329630   1539.731  788584201  0.000e+00
     4.1362   3.329604   1539.537  788584801  0.000e+00
     4.1303   3.329078   1539.415  788585401  0.000e+00
     4.1239   3.328494   1539.235  788586001  0.000e+00
     4.1372   3.329636   1539.084  788586601  0.000e+00
     4.1337   3.329341   1538.919  788587201  0.000e+00
     4.1473   3.330555   1538.826  788587801  0.000e+00
     4.1547   3.331284   1538.660  788588401  0.000e+00
     4.1530   3.331159   1538.545  788589001  0.000e+00
     4.1454   3.330404   1538.423  788589601  0.000e+00
     4.1403   3.329931   1538.251  788590201  0.000e+00
     4.1292   3.328881   1538.179  788590801  0.000e+00
     4.1254   3.328553   1538.100  788591401  0.000e+00
     4.1279   3.328684   1537.970  788592001  0.000e+00
     4.1231   3.328297   1537.884  788592601  0.000e+00
     4.1185   3.327844   1537.776  788593201  0.000e+00
     4.1168   3.327660   1537.654  788593801  0.000e+00
     4.1056   3.326610   1537.575  788594401  0.000e+00
     4.1137   3.327332   1537.532  788595001  0.000e+00
     4.1123   3.327194   1537.424  788595601  0.000e+00
     4.0890   3.324977   1537.424  788596201  0.000e+00
     4.0820   3.324314   1537.309  788596801  0.000e+00
     4.0795   3.324052   1537.180  788597401  0.000e+00
     4.0782   3.323920   1537.180  788598001  0.000e+00
     4.0761   3.323730   1537.115  788598601  0.000e+00
     4.0715   3.323317   1537.094  788599201  0.000e+00
     4.0688   3.323022   1537.051  788599801  0.000e+00
     4.0644   3.322668   1537.029  788600401  0.000e+00
     4.0478   3.321035   1536.943  788601001  0.000e+00
     4.0377   3.320091   1536.943  788601601  0.000e+00
     4.0419   3.320477   1536.986  788602201  0.000e+00
     4.0412   3.320379   1536.921  788602801  0.000e+00
     4.0410   3.320346   1536.871  788603401  0.000e+00
     4.0389   3.320163   1536.921  788604001  0.000e+00
     4.0271   3.319088   1536.936  788604601  0.000e+00
     4.0250   3.318845   1536.993  788605201  0.000e+00
     4.0256   3.318884   1537.022  788605801  0.000e+00
     4.0271   3.319061   1537.065  788606401  0.000e+00
     4.0350   3.319802   1537.130  788607001  0.000e+00
     4.0309   3.319448   1537.173  788607601  0.000e+00
     4.0275   3.319107   1537.238  788608201  0.000e+00
     4.0227   3.318694   1537.367  788608801  0.000e+00
     4.0188   3.318301   1537.410  788609401  0.000e+00
     4.0170   3.318131   1537.561  788610001  0.000e+00
     4.0125   3.317685   1537.640  788610601  0.000e+00
     4.0054   3.317049   1537.705  788611201  0.000e+00
     4.0059   3.317095   1537.834  788611801  0.000e+00
     4.0065   3.317108   1538.014  788612401  0.000e+00
     4.0018   3.316695   1538.122  788613001  0.000e+00
     4.0028   3.316800   1538.273  788613601  0.000e+00
     4.0085   3.317272   1538.395  788614201  0.000e+00
     4.0220   3.318524   1538.531  788614801  0.000e+00
     4.0494   3.321160   1538.639  788615401  0.000e+00
     4.0555   3.321855   1538.776  788616001  0.000e+00
     4.0758   3.323751   1538.948  788616601  0.000e+00
     4.0683   3.323114   1539.121  788617201  0.000e+00
