odissea/data/moor/raw/ce25007/microcat/23830_data.cnv
* Sea-Bird SBE37SMP-RS232  Data File:
* FileName = C:\CE25007_recovery_data\SBE37SMP-RS232_03723830_2025_05_13.hex.hex
* Software version SeatermV2 2.8.0.119
* Temperature SN = 23830
* Conductivity SN = 23830
* System UpLoad Time = May 13 2025 12:32:07
* sample interval = 600 seconds
* <ApplicationData>
# nquan = 5
# nvalues = 48369                                 
# units = specified
# name 0 = tv290C: Temperature [ITS-90, deg C]
# name 1 = cond0S/m: Conductivity [S/m]
# name 2 = prdM: Pressure, Strain Gauge [db]
# name 3 = timeK: Time, Instrument [seconds]
# name 4 = flag:  0.000e+00
# span 0 =     3.4262,    14.9965                 
# span 1 =   0.000013,   4.203617                 
# span 2 =     -0.028,   2034.184                 
# span 3 =  772588801,  800452801                 
# span 4 = 0.0000e+00, 0.0000e+00                 
# interval = seconds: 600
# start_time = Jun 25 2024 00:00:01 [Instrument's time stamp, first data scan]
# bad_flag = -9.990e-29
*END*
[from data line 36001]
     3.8013   3.309835   1810.503  793032601  0.000e+00
     3.8014   3.309905   1810.485  793033201  0.000e+00
     3.8105   3.310662   1810.524  793033801  0.000e+00
     3.8129   3.310927   1810.550  793034401  0.000e+00
     3.8274   3.312254   1810.572  793035001  0.000e+00
     3.8265   3.312228   1810.620  793035601  0.000e+00
     3.8295   3.312468   1810.641  793036201  0.000e+00
     3.8365   3.313131   1810.685  793036801  0.000e+00
     3.8446   3.313839   1810.728  793037401  0.000e+00
     3.8469   3.314054   1810.793  793038001  0.000e+00
     3.8500   3.314344   1810.858  793038601  0.000e+00
     3.8488   3.314262   1810.897  793039201  0.000e+00
     3.8491   3.314306   1811.010  793039801  0.000e+00
     3.8579   3.315096   1811.075  793040401  0.000e+00
     3.8569   3.315033   1811.118  793041001  0.000e+00
     3.8608   3.315412   1811.183  793041601  0.000e+00
     3.8631   3.315620   1811.252  793042201  0.000e+00
     3.8687   3.316126   1811.313  793042801  0.000e+00
     3.8665   3.315955   1811.404  793043401  0.000e+00
     3.8591   3.315273   1811.465  793044001  0.000e+00
     3.8566   3.315046   1811.530  793044601  0.000e+00
     3.8530   3.314686   1811.573  793045201  0.000e+00
     3.8352   3.313132   1811.638  793045801  0.000e+00
     3.8301   3.312608   1811.678  793046401  0.000e+00
     3.8125   3.311060   1811.743  793047001  0.000e+00
     3.7839   3.308434   1811.738  793047601  0.000e+00
     3.7622   3.306522   1811.743  793048201  0.000e+00
     3.7114   3.302124   1811.782  793048801  0.000e+00
     3.7075   3.301626   1811.825  793049401  0.000e+00
     3.6556   3.296991   1811.817  793050001  0.000e+00
     3.6581   3.297080   1811.795  793050601  0.000e+00
     3.7239   3.302894   1811.756  793051201  0.000e+00
     3.6520   3.296708   1811.778  793051801  0.000e+00
     3.6440   3.295907   1811.752  793052401  0.000e+00
     3.6201   3.293897   1811.726  793053001  0.000e+00
     3.5758   3.290741   1811.682  793053601  0.000e+00
     3.6320   3.294439   1811.635  793054201  0.000e+00
     3.6893   3.299765   1811.509  793054801  0.000e+00
     3.6891   3.299810   1811.470  793055401  0.000e+00
     3.6750   3.298618   1811.448  793056001  0.000e+00
     3.6570   3.297061   1811.405  793056601  0.000e+00
     3.7049   3.301184   1811.318  793057201  0.000e+00
     3.7084   3.301550   1811.210  793057801  0.000e+00
     3.7078   3.301506   1811.236  793058401  0.000e+00
     3.7173   3.302269   1811.127  793059001  0.000e+00
     3.7126   3.301897   1811.084  793059601  0.000e+00
     3.7194   3.302496   1810.993  793060201  0.000e+00
     3.7151   3.302143   1810.975  793060801  0.000e+00
     3.7039   3.301165   1810.932  793061401  0.000e+00
     3.7079   3.301424   1810.863  793062001  0.000e+00
     3.7004   3.300844   1810.776  793062601  0.000e+00
     3.6816   3.299368   1810.776  793063201  0.000e+00
     3.6971   3.300503   1810.733  793063801  0.000e+00
     3.7080   3.301512   1810.668  793064401  0.000e+00
     3.6921   3.300150   1810.624  793065001  0.000e+00
     3.6888   3.299872   1810.542  793065601  0.000e+00
     3.6868   3.299690   1810.585  793066201  0.000e+00
     3.6948   3.300263   1810.494  793066801  0.000e+00
     3.7106   3.301783   1810.451  793067401  0.000e+00
     3.7154   3.302187   1810.473  793068001  0.000e+00
     3.7154   3.302168   1810.473  793068601  0.000e+00
     3.7303   3.303467   1810.386  793069201  0.000e+00
     3.7339   3.303720   1810.390  793069801  0.000e+00
     3.7423   3.304464   1810.368  793070401  0.000e+00
     3.7426   3.304515   1810.329  793071001  0.000e+00
     3.7510   3.305234   1810.286  793071601  0.000e+00
     3.7558   3.305631   1810.351  793072201  0.000e+00
     3.7553   3.305556   1810.308  793072801  0.000e+00
     3.7558   3.305575   1810.286  793073401  0.000e+00
     3.7541   3.305379   1810.243  793074001  0.000e+00
     3.7591   3.305814   1810.286  793074601  0.000e+00
     3.7675   3.306559   1810.260  793075201  0.000e+00
     3.7712   3.307014   1810.286  793075801  0.000e+00
     3.7834   3.308131   1810.329  793076401  0.000e+00
     3.8008   3.309759   1810.334  793077001  0.000e+00
     3.8036   3.310170   1810.373  793077601  0.000e+00
     3.8071   3.310372   1810.399  793078201  0.000e+00
     3.8032   3.310025   1810.464  793078801  0.000e+00
     3.8047   3.310145   1810.542  793079401  0.000e+00
     3.8063   3.310328   1810.637  793080001  0.000e+00
     3.8057   3.310265   1810.659  793080601  0.000e+00
     3.7763   3.307752   1810.745  793081201  0.000e+00
     3.7760   3.307607   1810.828  793081801  0.000e+00
     3.7845   3.308320   1810.893  793082401  0.000e+00
     3.7776   3.307721   1811.001  793083001  0.000e+00
     3.7669   3.306787   1811.092  793083601  0.000e+00
     3.7635   3.306446   1811.136  793084201  0.000e+00
     3.7293   3.303701   1811.261  793084801  0.000e+00
     3.6871   3.299658   1811.344  793085401  0.000e+00
     3.6600   3.297231   1811.448  793086001  0.000e+00
     3.6370   3.295460   1811.470  793086601  0.000e+00
     3.5699   3.289437   1811.591  793087201  0.000e+00
     3.5560   3.288265   1811.656  793087801  0.000e+00
     3.5818   3.290381   1811.721  793088401  0.000e+00
     3.5301   3.286188   1811.778  793089001  0.000e+00
     3.5502   3.287692   1811.825  793089601  0.000e+00
     3.5569   3.288240   1811.843  793090201  0.000e+00
     3.5704   3.289336   1811.890  793090801  0.000e+00
     3.6095   3.292845   1811.851  793091401  0.000e+00
     3.5701   3.289594   1811.938  793092001  0.000e+00
     3.5586   3.288442   1811.934  793092601  0.000e+00
     3.5635   3.288845   1811.934  793093201  0.000e+00
     3.5842   3.290596   1811.938  793093801  0.000e+00
     3.6195   3.293664   1811.942  793094401  0.000e+00
     3.6123   3.293292   1811.899  793095001  0.000e+00
     3.6548   3.296802   1811.838  793095601  0.000e+00
     3.6531   3.296607   1811.860  793096201  0.000e+00
     3.6488   3.296248   1811.791  793096801  0.000e+00
     3.6472   3.296096   1811.795  793097401  0.000e+00
     3.6450   3.295882   1811.708  793098001  0.000e+00
     3.6469   3.296065   1811.687  793098601  0.000e+00
     3.6473   3.296090   1811.661  793099201  0.000e+00
     3.6552   3.296720   1811.574  793099801  0.000e+00
     3.6541   3.296657   1811.487  793100401  0.000e+00
     3.6527   3.296506   1811.422  793101001  0.000e+00
     3.6601   3.297073   1811.361  793101601  0.000e+00
     3.6736   3.298151   1811.296  793102201  0.000e+00
     3.6946   3.299961   1811.227  793102801  0.000e+00
     3.6954   3.299973   1811.149  793103401  0.000e+00
     3.6569   3.296884   1811.123  793104001  0.000e+00
     3.6617   3.297357   1811.015  793104601  0.000e+00
     3.6809   3.298939   1810.971  793105201  0.000e+00
     3.6967   3.300314   1810.906  793105801  0.000e+00
     3.7055   3.301052   1810.845  793106401  0.000e+00
     3.7008   3.300560   1810.819  793107001  0.000e+00
     3.6875   3.299444   1810.780  793107601  0.000e+00
     3.7132   3.301891   1810.715  793108201  0.000e+00
     3.7080   3.301417   1810.711  793108801  0.000e+00
     3.7206   3.302534   1810.650  793109401  0.000e+00
     3.7277   3.303121   1810.629  793110001  0.000e+00
     3.7470   3.304540   1810.650  793110601  0.000e+00
     3.7301   3.303367   1810.611  793111201  0.000e+00
     3.7326   3.303455   1810.585  793111801  0.000e+00
     3.7317   3.303512   1810.585  793112401  0.000e+00
     3.7251   3.302818   1810.559  793113001  0.000e+00
     3.7140   3.302010   1810.568  793113601  0.000e+00
     3.7128   3.301890   1810.520  793114201  0.000e+00
     3.7412   3.304004   1810.542  793114801  0.000e+00
     3.7216   3.302660   1810.481  793115401  0.000e+00
     3.7384   3.303896   1810.503  793116001  0.000e+00
     3.7284   3.303070   1810.499  793116601  0.000e+00
     3.7226   3.302641   1810.477  793117201  0.000e+00
     3.7249   3.302742   1810.429  793117801  0.000e+00
     3.7221   3.302483   1810.429  793118401  0.000e+00
     3.7311   3.303234   1810.459  793119001  0.000e+00
     3.7324   3.303354   1810.433  793119601  0.000e+00
     3.7439   3.304471   1810.412  793120201  0.000e+00
     3.7484   3.304918   1810.433  793120801  0.000e+00
     3.7439   3.304534   1810.459  793121401  0.000e+00
     3.7404   3.304206   1810.481  793122001  0.000e+00
     3.7409   3.304275   1810.499  793122601  0.000e+00
     3.7083   3.301474   1810.542  793123201  0.000e+00
     3.7091   3.301449   1810.542  793123801  0.000e+00
     3.7130   3.301872   1810.607  793124401  0.000e+00
     3.6971   3.300427   1810.668  793125001  0.000e+00
     3.6936   3.300263   1810.689  793125601  0.000e+00
     3.7499   3.304988   1810.715  793126201  0.000e+00
     3.7271   3.303140   1810.824  793126801  0.000e+00
     3.7386   3.304168   1810.910  793127401  0.000e+00
     3.7603   3.306225   1810.954  793128001  0.000e+00
     3.7822   3.308194   1811.001  793128601  0.000e+00
     3.7759   3.307670   1811.088  793129201  0.000e+00
     3.7742   3.307487   1811.153  793129801  0.000e+00
     3.7524   3.305644   1811.196  793130401  0.000e+00
     3.7504   3.305379   1811.305  793131001  0.000e+00
     3.7614   3.306326   1811.327  793131601  0.000e+00
     3.7910   3.309040   1811.327  793132201  0.000e+00
     3.8257   3.312121   1811.374  793132801  0.000e+00
     3.8508   3.314483   1811.422  793133401  0.000e+00
     3.8614   3.315570   1811.491  793134001  0.000e+00
     3.8365   3.313271   1811.508  793134601  0.000e+00
     3.8216   3.311862   1811.569  793135201  0.000e+00
     3.8043   3.310379   1811.591  793135801  0.000e+00
     3.7614   3.306541   1811.608  793136401  0.000e+00
     3.7266   3.303297   1811.652  793137001  0.000e+00
     3.7219   3.302768   1811.647  793137601  0.000e+00
     3.6986   3.300806   1811.669  793138201  0.000e+00
     3.7337   3.303512   1811.626  793138801  0.000e+00
     3.7058   3.301405   1811.578  793139401  0.000e+00
     3.7180   3.302402   1811.600  793140001  0.000e+00
     3.7235   3.302768   1811.561  793140601  0.000e+00
     3.7409   3.304288   1811.561  793141201  0.000e+00
     3.7225   3.302925   1811.500  793141801  0.000e+00
     3.7441   3.304641   1811.452  793142401  0.000e+00
     3.7306   3.303569   1811.392  793143001  0.000e+00
     3.7384   3.304168   1811.344  793143601  0.000e+00
     3.7357   3.303916   1811.283  793144201  0.000e+00
     3.7519   3.305291   1811.192  793144801  0.000e+00
     3.7356   3.303979   1811.175  793145401  0.000e+00
     3.7626   3.306206   1811.127  793146001  0.000e+00
     3.7488   3.305133   1811.066  793146601  0.000e+00
     3.7368   3.304067   1810.975  793147201  0.000e+00
     3.7350   3.303815   1810.910  793147801  0.000e+00
     3.7244   3.302963   1810.845  793148401  0.000e+00
     3.7249   3.302856   1810.806  793149001  0.000e+00
     3.7184   3.302326   1810.776  793149601  0.000e+00
     3.7061   3.301354   1810.715  793150201  0.000e+00
     3.7109   3.301581   1810.668  793150801  0.000e+00
     3.7020   3.300862   1810.581  793151401  0.000e+00
     3.7088   3.301462   1810.542  793152001  0.000e+00
     3.7129   3.301733   1810.499  793152601  0.000e+00
     3.7183   3.302212   1810.477  793153201  0.000e+00
     3.7218   3.302502   1810.433  793153801  0.000e+00
     3.7183   3.302199   1810.412  793154401  0.000e+00
     3.7206   3.302464   1810.368  793155001  0.000e+00
     3.7221   3.302471   1810.325  793155601  0.000e+00
     3.7217   3.302250   1810.325  793156201  0.000e+00
     3.7124   3.301607   1810.325  793156801  0.000e+00
     3.7119   3.301487   1810.286  793157401  0.000e+00
     3.7056   3.300988   1810.260  793158001  0.000e+00
     3.7005   3.300484   1810.277  793158601  0.000e+00
     3.6908   3.299607   1810.234  793159201  0.000e+00
     3.6905   3.299645   1810.234  793159801  0.000e+00
     3.6906   3.299677   1810.234  793160401  0.000e+00
     3.6950   3.300087   1810.256  793161001  0.000e+00
     3.6903   3.299677   1810.321  793161601  0.000e+00
     3.6913   3.299765   1810.277  793162201  0.000e+00
     3.7000   3.300459   1810.325  793162801  0.000e+00
     3.6781   3.298674   1810.364  793163401  0.000e+00
     3.6834   3.299002   1810.382  793164001  0.000e+00
     3.6770   3.298542   1810.382  793164601  0.000e+00
     3.7010   3.300560   1810.429  793165201  0.000e+00
     3.7000   3.300509   1810.451  793165801  0.000e+00
     3.7236   3.302546   1810.494  793166401  0.000e+00
     3.7429   3.304313   1810.542  793167001  0.000e+00
     3.7511   3.305165   1810.611  793167601  0.000e+00
     3.7759   3.307481   1810.585  793168201  0.000e+00
     3.7770   3.307632   1810.698  793168801  0.000e+00
     3.7811   3.307941   1810.759  793169401  0.000e+00
     3.7823   3.308099   1810.854  793170001  0.000e+00
     3.7825   3.308144   1810.893  793170601  0.000e+00
     3.7866   3.308428   1810.980  793171201  0.000e+00
     3.7711   3.307089   1811.023  793171801  0.000e+00
     3.7696   3.306944   1811.131  793172401  0.000e+00
     3.7639   3.306471   1811.179  793173001  0.000e+00
     3.7612   3.306250   1811.240  793173601  0.000e+00
     3.7650   3.306509   1811.283  793174201  0.000e+00
     3.7491   3.305184   1811.370  793174801  0.000e+00
     3.7474   3.304824   1811.457  793175401  0.000e+00
     3.7152   3.302055   1811.478  793176001  0.000e+00
     3.7251   3.302723   1811.539  793176601  0.000e+00
     3.7437   3.304326   1811.604  793177201  0.000e+00
     3.7426   3.304528   1811.626  793177801  0.000e+00
     3.7522   3.305354   1811.647  793178401  0.000e+00
     3.7637   3.306358   1811.652  793179001  0.000e+00
     3.7650   3.306553   1811.695  793179601  0.000e+00
     3.7597   3.306086   1811.695  793180201  0.000e+00
     3.6783   3.298826   1811.778  793180801  0.000e+00
     3.6611   3.297199   1811.773  793181401  0.000e+00
     3.6893   3.300415   1811.734  793182001  0.000e+00
     3.6787   3.299003   1811.756  793182601  0.000e+00
     3.7569   3.305455   1811.708  793183201  0.000e+00
     3.6776   3.298826   1811.756  793183801  0.000e+00
     3.7490   3.304932   1811.669  793184401  0.000e+00
     3.7001   3.300743   1811.712  793185001  0.000e+00
     3.6660   3.298013   1811.643  793185601  0.000e+00
     3.7106   3.301418   1811.600  793186201  0.000e+00
     3.7657   3.306484   1811.539  793186801  0.000e+00
     3.7337   3.303682   1811.522  793187401  0.000e+00
     3.7157   3.302257   1811.496  793188001  0.000e+00
     3.6859   3.299482   1811.431  793188601  0.000e+00
     3.7071   3.301437   1811.361  793189201  0.000e+00
     3.7454   3.304515   1811.275  793189801  0.000e+00
     3.6791   3.298946   1811.231  793190401  0.000e+00
     3.7426   3.304591   1811.127  793191001  0.000e+00
     3.7083   3.301632   1811.084  793191601  0.000e+00
     3.7179   3.302288   1811.062  793192201  0.000e+00
     3.7129   3.301947   1810.954  793192801  0.000e+00
     3.6973   3.300579   1810.928  793193401  0.000e+00
     3.7050   3.301096   1810.819  793194001  0.000e+00
     3.7110   3.301708   1810.819  793194601  0.000e+00
     3.7049   3.301216   1810.780  793195201  0.000e+00
     3.7022   3.300869   1810.737  793195801  0.000e+00
     3.7111   3.301670   1810.672  793196401  0.000e+00
     3.6939   3.300188   1810.624  793197001  0.000e+00
     3.7066   3.301247   1810.607  793197601  0.000e+00
     3.7157   3.301903   1810.559  793198201  0.000e+00
     3.7132   3.301815   1810.585  793198801  0.000e+00
     3.7110   3.301632   1810.516  793199401  0.000e+00
     3.7113   3.301808   1810.520  793200001  0.000e+00
     3.7082   3.301468   1810.477  793200601  0.000e+00
     3.7014   3.300869   1810.477  793201201  0.000e+00
     3.7076   3.301335   1810.477  793201801  0.000e+00
     3.7059   3.301184   1810.429  793202401  0.000e+00
