odissea/data/moor/raw/ce25007/microcat/23830_data.cnv
* Sea-Bird SBE37SMP-RS232  Data File:
* FileName = C:\CE25007_recovery_data\SBE37SMP-RS232_03723830_2025_05_13.hex.hex
* Software version SeatermV2 2.8.0.119
* Temperature SN = 23830
* Conductivity SN = 23830
* System UpLoad Time = May 13 2025 12:32:07
* sample interval = 600 seconds
* <ApplicationData>
# nquan = 5
# nvalues = 48369                                 
# units = specified
# name 0 = tv290C: Temperature [ITS-90, deg C]
# name 1 = cond0S/m: Conductivity [S/m]
# name 2 = prdM: Pressure, Strain Gauge [db]
# name 3 = timeK: Time, Instrument [seconds]
# name 4 = flag:  0.000e+00
# span 0 =     3.4262,    14.9965                 
# span 1 =   0.000013,   4.203617                 
# span 2 =     -0.028,   2034.184                 
# span 3 =  772588801,  800452801                 
# span 4 = 0.0000e+00, 0.0000e+00                 
# interval = seconds: 600
# start_time = Jun 25 2024 00:00:01 [Instrument's time stamp, first data scan]
# bad_flag = -9.990e-29
*END*
[from data line 8858]
     3.7268   3.302792   1809.913  776746801  0.000e+00
     3.7305   3.303108   1809.870  776747401  0.000e+00
     3.7284   3.302931   1809.870  776748001  0.000e+00
     3.7424   3.304186   1809.917  776748601  0.000e+00
     3.7338   3.303423   1809.866  776749201  0.000e+00
     3.7414   3.304104   1809.892  776749801  0.000e+00
     3.7448   3.304432   1809.896  776750401  0.000e+00
     3.7328   3.303322   1809.961  776751001  0.000e+00
     3.7280   3.302931   1809.982  776751601  0.000e+00
     3.7283   3.302893   1809.996  776752201  0.000e+00
     3.7283   3.302906   1810.022  776752801  0.000e+00
     3.7243   3.302559   1810.022  776753401  0.000e+00
     3.7235   3.302496   1810.065  776754001  0.000e+00
     3.7210   3.302231   1810.087  776754601  0.000e+00
     3.7167   3.301878   1810.169  776755201  0.000e+00
     3.7157   3.301758   1810.217  776755801  0.000e+00
     3.7080   3.301089   1810.238  776756401  0.000e+00
     3.7111   3.301342   1810.277  776757001  0.000e+00
     3.7106   3.301279   1810.368  776757601  0.000e+00
     3.7112   3.301373   1810.412  776758201  0.000e+00
     3.7106   3.301335   1810.477  776758801  0.000e+00
     3.7067   3.300963   1810.520  776759401  0.000e+00
     3.7052   3.300837   1810.585  776760001  0.000e+00
     3.7061   3.300913   1810.646  776760601  0.000e+00
     3.7103   3.301291   1810.672  776761201  0.000e+00
     3.7150   3.301708   1810.733  776761801  0.000e+00
     3.7095   3.301253   1810.776  776762401  0.000e+00
     3.7031   3.300699   1810.845  776763001  0.000e+00
     3.7062   3.300907   1810.889  776763601  0.000e+00
     3.6903   3.299601   1810.906  776764201  0.000e+00
     3.6846   3.299091   1810.971  776764801  0.000e+00
     3.6822   3.298807   1811.036  776765401  0.000e+00
     3.6776   3.298422   1811.058  776766001  0.000e+00
     3.6666   3.297552   1811.123  776766601  0.000e+00
     3.6852   3.299154   1811.101  776767201  0.000e+00
     3.6957   3.300036   1811.101  776767801  0.000e+00
     3.6949   3.299986   1811.166  776768401  0.000e+00
     3.6900   3.299576   1811.188  776769001  0.000e+00
     3.6863   3.299255   1811.210  776769601  0.000e+00
     3.7015   3.300465   1811.210  776770201  0.000e+00
     3.7055   3.300882   1811.188  776770801  0.000e+00
     3.7038   3.300755   1811.214  776771401  0.000e+00
     3.7065   3.300945   1811.192  776772001  0.000e+00
     3.6966   3.300100   1811.188  776772601  0.000e+00
     3.7035   3.300636   1811.145  776773201  0.000e+00
     3.7128   3.301474   1811.145  776773801  0.000e+00
     3.7194   3.302105   1811.127  776774401  0.000e+00
     3.7178   3.301941   1811.123  776775001  0.000e+00
     3.7147   3.301676   1811.084  776775601  0.000e+00
     3.7009   3.300490   1811.019  776776201  0.000e+00
     3.6977   3.300226   1810.997  776776801  0.000e+00
     3.7022   3.300490   1810.949  776777401  0.000e+00
     3.7036   3.300635   1810.884  776778001  0.000e+00
     3.7098   3.301279   1810.863  776778601  0.000e+00
     3.7102   3.301260   1810.802  776779201  0.000e+00
     3.7158   3.301733   1810.759  776779801  0.000e+00
     3.7162   3.301758   1810.715  776780401  0.000e+00
     3.7153   3.301695   1810.650  776781001  0.000e+00
     3.7037   3.300730   1810.603  776781601  0.000e+00
     3.7042   3.300743   1810.542  776782201  0.000e+00
     3.7066   3.300925   1810.516  776782801  0.000e+00
     3.7047   3.300825   1810.451  776783401  0.000e+00
     3.7057   3.300850   1810.390  776784001  0.000e+00
     3.7044   3.300780   1810.368  776784601  0.000e+00
     3.7047   3.300787   1810.321  776785201  0.000e+00
     3.7256   3.302647   1810.238  776785801  0.000e+00
     3.7080   3.301102   1810.238  776786401  0.000e+00
     3.7318   3.303196   1810.195  776787001  0.000e+00
     3.7353   3.303556   1810.152  776787601  0.000e+00
     3.7039   3.300856   1810.108  776788201  0.000e+00
     3.7011   3.300553   1810.130  776788801  0.000e+00
     3.7102   3.301310   1810.061  776789401  0.000e+00
     3.7168   3.301859   1810.043  776790001  0.000e+00
     3.7106   3.301468   1810.061  776790601  0.000e+00
     3.7018   3.300648   1810.039  776791201  0.000e+00
     3.6936   3.300049   1810.017  776791801  0.000e+00
     3.6933   3.299954   1810.065  776792401  0.000e+00
     3.6934   3.299929   1810.039  776793001  0.000e+00
     3.7051   3.300894   1810.039  776793601  0.000e+00
     3.6948   3.300055   1810.082  776794201  0.000e+00
     3.6951   3.300099   1810.082  776794801  0.000e+00
     3.6924   3.299847   1810.061  776795401  0.000e+00
     3.6976   3.300333   1810.104  776796001  0.000e+00
     3.6958   3.300156   1810.173  776796601  0.000e+00
     3.6930   3.299942   1810.173  776797201  0.000e+00
     3.6979   3.300288   1810.169  776797801  0.000e+00
     3.7011   3.300679   1810.217  776798401  0.000e+00
     3.7005   3.300698   1810.277  776799001  0.000e+00
     3.7038   3.300938   1810.303  776799601  0.000e+00
     3.7034   3.300932   1810.342  776800201  0.000e+00
     3.6997   3.300616   1810.412  776800801  0.000e+00
     3.6919   3.299885   1810.429  776801401  0.000e+00
     3.6872   3.299507   1810.494  776802001  0.000e+00
     3.6885   3.299626   1810.520  776802601  0.000e+00
     3.6888   3.299658   1810.603  776803201  0.000e+00
     3.6855   3.299374   1810.624  776803801  0.000e+00
     3.6813   3.299027   1810.689  776804401  0.000e+00
     3.6879   3.299513   1810.711  776805001  0.000e+00
     3.6854   3.299311   1810.798  776805601  0.000e+00
     3.7125   3.301663   1810.824  776806201  0.000e+00
     3.7111   3.301569   1810.884  776806801  0.000e+00
     3.7121   3.301708   1810.889  776807401  0.000e+00
     3.6987   3.300516   1810.975  776808001  0.000e+00
     3.7081   3.301285   1810.993  776808601  0.000e+00
     3.6957   3.300270   1811.036  776809201  0.000e+00
     3.6989   3.300566   1811.127  776809801  0.000e+00
     3.7079   3.301367   1811.105  776810401  0.000e+00
     3.7046   3.301165   1811.166  776811001  0.000e+00
     3.7036   3.300995   1811.188  776811601  0.000e+00
     3.7104   3.301575   1811.214  776812201  0.000e+00
     3.7120   3.301746   1811.214  776812801  0.000e+00
     3.7193   3.302364   1811.253  776813401  0.000e+00
     3.7105   3.301664   1811.253  776814001  0.000e+00
     3.7120   3.301746   1811.253  776814601  0.000e+00
     3.7053   3.301184   1811.257  776815201  0.000e+00
     3.7083   3.301373   1811.236  776815801  0.000e+00
     3.7022   3.300844   1811.253  776816401  0.000e+00
     3.6924   3.300018   1811.210  776817001  0.000e+00
     3.6958   3.300156   1811.214  776817601  0.000e+00
     3.6900   3.299620   1811.210  776818201  0.000e+00
     3.6910   3.299715   1811.166  776818801  0.000e+00
     3.6934   3.299929   1811.123  776819401  0.000e+00
     3.6962   3.300118   1811.123  776820001  0.000e+00
     3.6929   3.299917   1811.084  776820601  0.000e+00
     3.7003   3.300522   1810.993  776821201  0.000e+00
     3.6944   3.300024   1810.928  776821801  0.000e+00
     3.7029   3.300717   1810.906  776822401  0.000e+00
     3.6896   3.299614   1810.884  776823001  0.000e+00
     3.6904   3.299677   1810.798  776823601  0.000e+00
     3.6943   3.300049   1810.754  776824201  0.000e+00
     3.6937   3.300005   1810.694  776824801  0.000e+00
     3.6967   3.300150   1810.620  776825401  0.000e+00
     3.6951   3.300062   1810.603  776826001  0.000e+00
     3.6851   3.299324   1810.538  776826601  0.000e+00
     3.6952   3.300087   1810.516  776827201  0.000e+00
     3.6950   3.300181   1810.429  776827801  0.000e+00
     3.7039   3.300812   1810.412  776828401  0.000e+00
     3.7032   3.300824   1810.342  776829001  0.000e+00
     3.7098   3.301392   1810.282  776829601  0.000e+00
     3.7106   3.301417   1810.260  776830201  0.000e+00
     3.7110   3.301474   1810.173  776830801  0.000e+00
     3.7127   3.301632   1810.169  776831401  0.000e+00
     3.7190   3.302168   1810.108  776832001  0.000e+00
     3.7181   3.302048   1810.108  776832601  0.000e+00
     3.7137   3.301676   1810.065  776833201  0.000e+00
     3.7064   3.301039   1810.017  776833801  0.000e+00
     3.7038   3.300824   1810.017  776834401  0.000e+00
     3.6975   3.300257   1809.996  776835001  0.000e+00
     3.6910   3.299689   1809.974  776835601  0.000e+00
     3.6984   3.300301   1810.000  776836201  0.000e+00
     3.6937   3.299885   1809.978  776836801  0.000e+00
     3.6988   3.300276   1809.996  776837401  0.000e+00
     3.6888   3.299481   1809.978  776838001  0.000e+00
     3.6882   3.299469   1809.978  776838601  0.000e+00
     3.6838   3.299021   1810.000  776839201  0.000e+00
     3.6818   3.298901   1809.974  776839801  0.000e+00
     3.6795   3.298643   1810.017  776840401  0.000e+00
     3.6759   3.298365   1810.017  776841001  0.000e+00
     3.6685   3.297609   1810.082  776841601  0.000e+00
     3.6681   3.297571   1810.104  776842201  0.000e+00
     3.6634   3.297161   1810.104  776842801  0.000e+00
     3.6574   3.296632   1810.165  776843401  0.000e+00
     3.6497   3.295913   1810.234  776844001  0.000e+00
     3.6347   3.294728   1810.230  776844601  0.000e+00
     3.6341   3.294659   1810.295  776845201  0.000e+00
     3.6338   3.294596   1810.321  776845801  0.000e+00
     3.6311   3.294382   1810.386  776846401  0.000e+00
     3.6324   3.294489   1810.425  776847001  0.000e+00
     3.6319   3.294438   1810.464  776847601  0.000e+00
     3.6322   3.294419   1810.490  776848201  0.000e+00
     3.6267   3.294016   1810.555  776848801  0.000e+00
     3.6282   3.294130   1810.598  776849401  0.000e+00
     3.6341   3.294609   1810.663  776850001  0.000e+00
     3.6260   3.294016   1810.685  776850601  0.000e+00
     3.6271   3.294054   1810.750  776851201  0.000e+00
     3.6293   3.294224   1810.772  776851801  0.000e+00
     3.6368   3.294880   1810.863  776852401  0.000e+00
     3.6340   3.294653   1810.902  776853001  0.000e+00
     3.6336   3.294609   1810.898  776853601  0.000e+00
     3.6335   3.294602   1810.989  776854201  0.000e+00
     3.6376   3.294943   1811.010  776854801  0.000e+00
     3.6377   3.294955   1811.032  776855401  0.000e+00
     3.6405   3.295163   1811.080  776856001  0.000e+00
     3.6377   3.294987   1811.114  776856601  0.000e+00
     3.6389   3.295075   1811.140  776857201  0.000e+00
     3.6416   3.295321   1811.162  776857801  0.000e+00
     3.6432   3.295472   1811.162  776858401  0.000e+00
     3.6445   3.295548   1811.205  776859001  0.000e+00
     3.6481   3.295869   1811.227  776859601  0.000e+00
     3.6467   3.295737   1811.205  776860201  0.000e+00
     3.6598   3.296834   1811.145  776860801  0.000e+00
     3.6789   3.298498   1811.210  776861401  0.000e+00
     3.6679   3.297584   1811.162  776862001  0.000e+00
     3.6681   3.297603   1811.145  776862601  0.000e+00
     3.6680   3.297596   1811.145  776863201  0.000e+00
     3.6696   3.297748   1811.145  776863801  0.000e+00
     3.6715   3.297918   1811.075  776864401  0.000e+00
     3.6782   3.298485   1811.097  776865001  0.000e+00
     3.6801   3.298630   1811.036  776865601  0.000e+00
     3.6792   3.298605   1811.010  776866201  0.000e+00
     3.6794   3.298580   1810.993  776866801  0.000e+00
     3.6767   3.298365   1810.949  776867401  0.000e+00
     3.6819   3.298807   1810.932  776868001  0.000e+00
     3.6815   3.298800   1810.884  776868601  0.000e+00
     3.6814   3.298782   1810.841  776869201  0.000e+00
     3.6861   3.299198   1810.793  776869801  0.000e+00
     3.6948   3.299948   1810.733  776870401  0.000e+00
     3.6948   3.299973   1810.689  776871001  0.000e+00
     3.6992   3.300358   1810.650  776871601  0.000e+00
     3.7020   3.300598   1810.603  776872201  0.000e+00
     3.7090   3.301234   1810.564  776872801  0.000e+00
     3.7097   3.301279   1810.520  776873401  0.000e+00
     3.7130   3.301556   1810.473  776874001  0.000e+00
     3.7170   3.301903   1810.412  776874601  0.000e+00
     3.7144   3.301714   1810.412  776875201  0.000e+00
     3.7164   3.301865   1810.368  776875801  0.000e+00
     3.7235   3.302464   1810.303  776876401  0.000e+00
     3.7249   3.302628   1810.282  776877001  0.000e+00
     3.7227   3.302376   1810.260  776877601  0.000e+00
     3.7261   3.302647   1810.260  776878201  0.000e+00
     3.7246   3.302559   1810.217  776878801  0.000e+00
     3.7224   3.302332   1810.152  776879401  0.000e+00
     3.7242   3.302590   1810.173  776880001  0.000e+00
     3.7251   3.302597   1810.173  776880601  0.000e+00
     3.7240   3.302559   1810.173  776881201  0.000e+00
     3.7228   3.302471   1810.147  776881801  0.000e+00
     3.7173   3.301928   1810.152  776882401  0.000e+00
     3.7139   3.301594   1810.130  776883001  0.000e+00
     3.7126   3.301556   1810.152  776883601  0.000e+00
     3.7120   3.301518   1810.152  776884201  0.000e+00
     3.7100   3.301304   1810.195  776884801  0.000e+00
     3.6953   3.300061   1810.217  776885401  0.000e+00
     3.6899   3.299551   1810.212  776886001  0.000e+00
     3.6786   3.298523   1810.260  776886601  0.000e+00
     3.6763   3.298321   1810.256  776887201  0.000e+00
     3.6691   3.297710   1810.277  776887801  0.000e+00
     3.6679   3.297621   1810.277  776888401  0.000e+00
     3.6605   3.296959   1810.342  776889001  0.000e+00
     3.6408   3.295239   1810.382  776889601  0.000e+00
     3.6554   3.296537   1810.403  776890201  0.000e+00
     3.6369   3.295037   1810.403  776890801  0.000e+00
     3.6408   3.295283   1810.451  776891401  0.000e+00
     3.6516   3.296178   1810.516  776892001  0.000e+00
     3.6522   3.296197   1810.533  776892601  0.000e+00
     3.6531   3.296310   1810.559  776893201  0.000e+00
     3.6475   3.295819   1810.624  776893801  0.000e+00
     3.6318   3.294546   1810.659  776894401  0.000e+00
     3.6247   3.293928   1810.707  776895001  0.000e+00
     3.6261   3.294010   1810.750  776895601  0.000e+00
     3.6331   3.294445   1810.750  776896201  0.000e+00
     3.6328   3.294609   1810.858  776896801  0.000e+00
     3.6395   3.295151   1810.880  776897401  0.000e+00
     3.6436   3.295529   1810.858  776898001  0.000e+00
     3.6454   3.295686   1810.949  776898601  0.000e+00
     3.6465   3.295768   1810.989  776899201  0.000e+00
     3.6479   3.295857   1811.010  776899801  0.000e+00
     3.6590   3.296846   1810.967  776900401  0.000e+00
     3.6590   3.296846   1811.054  776901001  0.000e+00
     3.6672   3.297407   1811.075  776901601  0.000e+00
     3.6813   3.298719   1811.058  776902201  0.000e+00
     3.6855   3.299122   1811.080  776902801  0.000e+00
     3.6996   3.300352   1811.101  776903401  0.000e+00
     3.7013   3.300503   1811.123  776904001  0.000e+00
     3.6999   3.300364   1811.101  776904601  0.000e+00
     3.7027   3.300585   1811.058  776905201  0.000e+00
     3.7077   3.301033   1811.105  776905801  0.000e+00
     3.7120   3.301455   1811.101  776906401  0.000e+00
     3.7150   3.301676   1811.040  776907001  0.000e+00
     3.7176   3.301947   1811.062  776907601  0.000e+00
     3.7261   3.302755   1811.019  776908201  0.000e+00
     3.7227   3.302408   1811.040  776908801  0.000e+00
     3.7275   3.302856   1810.997  776909401  0.000e+00
     3.7277   3.302818   1810.980  776910001  0.000e+00
     3.7222   3.302427   1810.932  776910601  0.000e+00
     3.7293   3.302957   1810.910  776911201  0.000e+00
     3.7392   3.303846   1810.889  776911801  0.000e+00
     3.7529   3.305007   1810.806  776912401  0.000e+00
     3.7501   3.304811   1810.785  776913001  0.000e+00
     3.7478   3.304565   1810.759  776913601  0.000e+00
     3.7479   3.304471   1810.694  776914201  0.000e+00
     3.7323   3.303228   1810.672  776914801  0.000e+00
     3.7289   3.303013   1810.611  776915401  0.000e+00
     3.7260   3.302584   1810.585  776916001  0.000e+00
     3.7213   3.302149   1810.542  776916601  0.000e+00
