odissea/data/moor/raw/ce25007/microcat/23830_data.cnv
* Sea-Bird SBE37SMP-RS232  Data File:
* FileName = C:\CE25007_recovery_data\SBE37SMP-RS232_03723830_2025_05_13.hex.hex
* Software version SeatermV2 2.8.0.119
* Temperature SN = 23830
* Conductivity SN = 23830
* System UpLoad Time = May 13 2025 12:32:07
* sample interval = 600 seconds
* <ApplicationData>
# nquan = 5
# nvalues = 48369                                 
# units = specified
# name 0 = tv290C: Temperature [ITS-90, deg C]
# name 1 = cond0S/m: Conductivity [S/m]
# name 2 = prdM: Pressure, Strain Gauge [db]
# name 3 = timeK: Time, Instrument [seconds]
# name 4 = flag:  0.000e+00
# span 0 =     3.4262,    14.9965                 
# span 1 =   0.000013,   4.203617                 
# span 2 =     -0.028,   2034.184                 
# span 3 =  772588801,  800452801                 
# span 4 = 0.0000e+00, 0.0000e+00                 
# interval = seconds: 600
# start_time = Jun 25 2024 00:00:01 [Instrument's time stamp, first data scan]
# bad_flag = -9.990e-29
*END*
[from data line 31429]
     3.6972   3.300320   1811.188  790289401  0.000e+00
     3.6986   3.300453   1811.036  790290001  0.000e+00
     3.7006   3.300598   1810.863  790290601  0.000e+00
     3.7049   3.300970   1810.802  790291201  0.000e+00
     3.7079   3.301260   1810.689  790291801  0.000e+00
     3.7081   3.301253   1810.559  790292401  0.000e+00
     3.7024   3.300774   1810.429  790293001  0.000e+00
     3.7007   3.300604   1810.321  790293601  0.000e+00
     3.6996   3.300515   1810.234  790294201  0.000e+00
     3.6991   3.300427   1810.147  790294801  0.000e+00
     3.6993   3.300452   1810.087  790295401  0.000e+00
     3.7004   3.300547   1809.996  790296001  0.000e+00
     3.7006   3.300578   1809.909  790296601  0.000e+00
     3.6991   3.300459   1809.805  790297201  0.000e+00
     3.7003   3.300528   1809.779  790297801  0.000e+00
     3.7012   3.300597   1809.736  790298401  0.000e+00
     3.7011   3.300604   1809.736  790299001  0.000e+00
     3.7026   3.300742   1809.675  790299601  0.000e+00
     3.7035   3.300812   1809.675  790300201  0.000e+00
     3.7034   3.300805   1809.653  790300801  0.000e+00
     3.6999   3.300503   1809.649  790301401  0.000e+00
     3.6978   3.300345   1809.675  790302001  0.000e+00
     3.6740   3.298340   1809.692  790302601  0.000e+00
     3.6542   3.296436   1809.731  790303201  0.000e+00
     3.6604   3.296997   1809.757  790303801  0.000e+00
     3.6613   3.297073   1809.779  790304401  0.000e+00
     3.6623   3.297193   1809.840  790305001  0.000e+00
     3.6598   3.296953   1809.931  790305601  0.000e+00
     3.6614   3.297092   1809.996  790306201  0.000e+00
     3.6653   3.297413   1810.056  790306801  0.000e+00
     3.6621   3.297161   1810.126  790307401  0.000e+00
     3.6607   3.297035   1810.277  790308001  0.000e+00
     3.6598   3.296941   1810.360  790308601  0.000e+00
     3.6609   3.297035   1810.494  790309201  0.000e+00
     3.6595   3.296941   1810.555  790309801  0.000e+00
     3.6562   3.296670   1810.711  790310401  0.000e+00
     3.6573   3.296752   1810.837  790311001  0.000e+00
     3.6557   3.296613   1811.010  790311601  0.000e+00
     3.6523   3.296348   1811.140  790312201  0.000e+00
     3.6500   3.296134   1811.270  790312801  0.000e+00
     3.6515   3.296285   1811.448  790313401  0.000e+00
     3.6523   3.296323   1811.600  790314001  0.000e+00
     3.6534   3.296456   1811.769  790314601  0.000e+00
     3.6519   3.296304   1811.882  790315201  0.000e+00
     3.6505   3.296197   1812.029  790315801  0.000e+00
     3.6507   3.296216   1812.203  790316401  0.000e+00
     3.6471   3.295920   1812.354  790317001  0.000e+00
     3.6465   3.295870   1812.484  790317601  0.000e+00
     3.6472   3.295920   1812.593  790318201  0.000e+00
     3.6464   3.295851   1812.744  790318801  0.000e+00
     3.6481   3.296027   1812.831  790319401  0.000e+00
     3.6452   3.295813   1812.940  790320001  0.000e+00
     3.6482   3.296008   1813.031  790320601  0.000e+00
     3.6522   3.296330   1813.074  790321201  0.000e+00
     3.6504   3.296223   1813.161  790321801  0.000e+00
     3.6537   3.296469   1813.135  790322401  0.000e+00
     3.6412   3.295397   1813.156  790323001  0.000e+00
     3.6545   3.296456   1813.156  790323601  0.000e+00
     3.6397   3.295265   1813.117  790324201  0.000e+00
     3.6512   3.296292   1813.074  790324801  0.000e+00
     3.6491   3.296059   1813.048  790325401  0.000e+00
     3.6534   3.296412   1812.918  790326001  0.000e+00
     3.6521   3.296286   1812.875  790326601  0.000e+00
     3.6501   3.296160   1812.744  790327201  0.000e+00
     3.6529   3.296393   1812.636  790327801  0.000e+00
     3.6502   3.296122   1812.489  790328401  0.000e+00
     3.6489   3.296052   1812.333  790329001  0.000e+00
     3.6537   3.296456   1812.246  790329601  0.000e+00
     3.6556   3.296601   1812.098  790330201  0.000e+00
     3.6559   3.296626   1811.986  790330801  0.000e+00
     3.6594   3.296966   1811.877  790331401  0.000e+00
     3.6682   3.297660   1811.730  790332001  0.000e+00
     3.6692   3.297742   1811.596  790332601  0.000e+00
     3.6795   3.298693   1811.465  790333201  0.000e+00
     3.6701   3.297767   1811.340  790333801  0.000e+00
     3.6726   3.298050   1811.188  790334401  0.000e+00
     3.7004   3.300528   1811.101  790335001  0.000e+00
     3.7053   3.301020   1810.928  790335601  0.000e+00
     3.7065   3.301134   1810.824  790336201  0.000e+00
     3.6929   3.299980   1810.733  790336801  0.000e+00
     3.7053   3.300976   1810.607  790337401  0.000e+00
     3.7075   3.301197   1810.473  790338001  0.000e+00
     3.7121   3.301594   1810.347  790338601  0.000e+00
     3.7161   3.301960   1810.282  790339201  0.000e+00
     3.7096   3.301354   1810.169  790339801  0.000e+00
     3.7096   3.301348   1810.087  790340401  0.000e+00
     3.7052   3.300982   1810.022  790341001  0.000e+00
     3.7079   3.301196   1809.909  790341601  0.000e+00
     3.7048   3.300900   1809.848  790342201  0.000e+00
     3.7002   3.300503   1809.801  790342801  0.000e+00
     3.7008   3.300572   1809.714  790343401  0.000e+00
     3.6950   3.300049   1809.692  790344001  0.000e+00
     3.6944   3.299986   1809.670  790344601  0.000e+00
     3.6924   3.299815   1809.631  790345201  0.000e+00
     3.6916   3.299708   1809.627  790345801  0.000e+00
     3.6945   3.299967   1809.610  790346401  0.000e+00
     3.6977   3.300282   1809.610  790347001  0.000e+00
     3.6982   3.300326   1809.610  790347601  0.000e+00
     3.6988   3.300377   1809.631  790348201  0.000e+00
     3.6929   3.299859   1809.670  790348801  0.000e+00
     3.6918   3.299746   1809.670  790349401  0.000e+00
     3.6926   3.299815   1809.692  790350001  0.000e+00
     3.6896   3.299538   1809.740  790350601  0.000e+00
     3.6885   3.299424   1809.844  790351201  0.000e+00
     3.6800   3.298731   1809.887  790351801  0.000e+00
     3.6863   3.299147   1809.935  790352401  0.000e+00
     3.6794   3.298668   1810.017  790353001  0.000e+00
     3.6815   3.298844   1810.104  790353601  0.000e+00
     3.6738   3.298163   1810.169  790354201  0.000e+00
     3.6686   3.297747   1810.273  790354801  0.000e+00
     3.6764   3.298340   1810.364  790355401  0.000e+00
     3.6664   3.297558   1810.477  790356001  0.000e+00
     3.6653   3.297470   1810.603  790356601  0.000e+00
     3.6726   3.298069   1810.707  790357201  0.000e+00
     3.6717   3.297993   1810.798  790357801  0.000e+00
     3.6682   3.297697   1810.928  790358401  0.000e+00
     3.6645   3.297401   1811.058  790359001  0.000e+00
     3.6615   3.297117   1811.210  790359601  0.000e+00
     3.6566   3.296657   1811.314  790360201  0.000e+00
     3.6581   3.296821   1811.444  790360801  0.000e+00
     3.6522   3.296311   1811.578  790361401  0.000e+00
     3.6432   3.295529   1811.708  790362001  0.000e+00
     3.6413   3.295340   1811.812  790362601  0.000e+00
     3.6390   3.295138   1811.856  790363201  0.000e+00
     3.6259   3.294054   1812.012  790363801  0.000e+00
     3.6235   3.293771   1812.094  790364401  0.000e+00
     3.6232   3.293771   1812.177  790365001  0.000e+00
     3.6203   3.293525   1812.224  790365601  0.000e+00
     3.6234   3.293771   1812.311  790366201  0.000e+00
     3.6372   3.294956   1812.333  790366801  0.000e+00
     3.6480   3.295933   1812.354  790367401  0.000e+00
     3.6477   3.295907   1812.354  790368001  0.000e+00
     3.6459   3.295769   1812.376  790368601  0.000e+00
     3.6441   3.295618   1812.380  790369201  0.000e+00
     3.6423   3.295460   1812.354  790369801  0.000e+00
     3.6456   3.295750   1812.311  790370401  0.000e+00
     3.6453   3.295687   1812.246  790371001  0.000e+00
     3.6443   3.295636   1812.224  790371601  0.000e+00
     3.6409   3.295315   1812.163  790372201  0.000e+00
     3.6405   3.295258   1812.051  790372801  0.000e+00
     3.6412   3.295346   1812.007  790373401  0.000e+00
     3.6368   3.294956   1811.856  790374001  0.000e+00
     3.6319   3.294546   1811.791  790374601  0.000e+00
     3.6313   3.294445   1811.682  790375201  0.000e+00
     3.6347   3.294754   1811.530  790375801  0.000e+00
     3.6350   3.294754   1811.465  790376401  0.000e+00
     3.6370   3.294930   1811.357  790377001  0.000e+00
     3.6401   3.295195   1811.184  790377601  0.000e+00
     3.6405   3.295239   1811.071  790378201  0.000e+00
     3.6397   3.295132   1810.971  790378801  0.000e+00
     3.6378   3.294974   1810.863  790379401  0.000e+00
     3.6405   3.295163   1810.728  790380001  0.000e+00
     3.6394   3.295081   1810.616  790380601  0.000e+00
     3.6403   3.295132   1810.529  790381201  0.000e+00
     3.6393   3.295075   1810.399  790381801  0.000e+00
     3.6408   3.295163   1810.338  790382401  0.000e+00
     3.6435   3.295403   1810.230  790383001  0.000e+00
     3.6453   3.295560   1810.143  790383601  0.000e+00
     3.6454   3.295541   1810.056  790384201  0.000e+00
     3.6460   3.295598   1809.996  790384801  0.000e+00
     3.6452   3.295541   1809.926  790385401  0.000e+00
     3.6433   3.295384   1809.866  790386001  0.000e+00
     3.6454   3.295566   1809.844  790386601  0.000e+00
     3.6449   3.295491   1809.779  790387201  0.000e+00
     3.6455   3.295528   1809.753  790387801  0.000e+00
     3.6494   3.295825   1809.753  790388401  0.000e+00
     3.6497   3.295913   1809.705  790389001  0.000e+00
     3.6463   3.295648   1809.731  790389601  0.000e+00
     3.6461   3.295610   1809.710  790390201  0.000e+00
     3.6500   3.295913   1809.684  790390801  0.000e+00
     3.6563   3.296505   1809.779  790391401  0.000e+00
     3.6489   3.295856   1809.796  790392001  0.000e+00
     3.6465   3.295648   1809.861  790392601  0.000e+00
     3.6491   3.295875   1809.861  790393201  0.000e+00
     3.6472   3.295699   1809.926  790393801  0.000e+00
     3.6460   3.295617   1810.017  790394401  0.000e+00
     3.6458   3.295592   1810.039  790395001  0.000e+00
     3.6455   3.295573   1810.121  790395601  0.000e+00
     3.6460   3.295611   1810.256  790396201  0.000e+00
     3.6430   3.295358   1810.317  790396801  0.000e+00
     3.6432   3.295365   1810.382  790397401  0.000e+00
     3.6433   3.295384   1810.486  790398001  0.000e+00
     3.6400   3.295094   1810.598  790398601  0.000e+00
     3.6460   3.295648   1810.728  790399201  0.000e+00
     3.6430   3.295390   1810.837  790399801  0.000e+00
     3.6448   3.295504   1810.967  790400401  0.000e+00
     3.6424   3.295359   1811.140  790401001  0.000e+00
     3.6392   3.295037   1811.296  790401601  0.000e+00
     3.6365   3.294874   1811.400  790402201  0.000e+00
     3.6412   3.295220   1811.552  790402801  0.000e+00
     3.6478   3.295775   1811.687  790403401  0.000e+00
     3.6428   3.295384   1811.856  790404001  0.000e+00
     3.6389   3.295113   1812.029  790404601  0.000e+00
     3.6593   3.296802   1812.120  790405201  0.000e+00
     3.6595   3.296910   1812.224  790405801  0.000e+00
     3.6525   3.296273   1812.419  790406401  0.000e+00
     3.6436   3.295555   1812.484  790407001  0.000e+00
     3.6352   3.294779   1812.567  790407601  0.000e+00
     3.6304   3.294414   1812.658  790408201  0.000e+00
     3.6337   3.294597   1812.727  790408801  0.000e+00
     3.6282   3.294181   1812.805  790409401  0.000e+00
     3.6289   3.294219   1812.853  790410001  0.000e+00
     3.6260   3.293992   1812.875  790410601  0.000e+00
     3.6253   3.293935   1812.896  790411201  0.000e+00
     3.6158   3.293110   1812.940  790411801  0.000e+00
     3.6157   3.293072   1812.892  790412401  0.000e+00
     3.6140   3.292958   1812.892  790413001  0.000e+00
     3.6127   3.292839   1812.896  790413601  0.000e+00
     3.6079   3.292410   1812.853  790414201  0.000e+00
     3.6170   3.293198   1812.810  790414801  0.000e+00
     3.6270   3.294048   1812.701  790415401  0.000e+00
     3.6308   3.294363   1812.636  790416001  0.000e+00
     3.6256   3.294042   1812.528  790416601  0.000e+00
     3.6277   3.294105   1812.441  790417201  0.000e+00
     3.6307   3.294420   1812.311  790417801  0.000e+00
     3.6407   3.295252   1812.181  790418401  0.000e+00
     3.6416   3.295315   1812.072  790419001  0.000e+00
     3.6377   3.295012   1811.912  790419601  0.000e+00
     3.6431   3.295441   1811.856  790420201  0.000e+00
     3.6391   3.295050   1811.704  790420801  0.000e+00
     3.6467   3.295687   1811.574  790421401  0.000e+00
     3.6425   3.295308   1811.465  790422001  0.000e+00
     3.6494   3.295901   1811.335  790422601  0.000e+00
     3.6542   3.296329   1811.227  790423201  0.000e+00
     3.6637   3.297098   1811.075  790423801  0.000e+00
     3.6730   3.297962   1810.971  790424401  0.000e+00
     3.6939   3.299828   1810.841  790425001  0.000e+00
     3.6890   3.299513   1810.754  790425601  0.000e+00
     3.6785   3.298416   1810.603  790426201  0.000e+00
     3.6689   3.297571   1810.516  790426801  0.000e+00
     3.6773   3.298220   1810.386  790427401  0.000e+00
     3.6793   3.298422   1810.321  790428001  0.000e+00
     3.6708   3.297747   1810.212  790428601  0.000e+00
     3.6761   3.298145   1810.126  790429201  0.000e+00
     3.6878   3.299065   1810.039  790429801  0.000e+00
     3.6878   3.299147   1809.952  790430401  0.000e+00
     3.6925   3.299563   1809.887  790431001  0.000e+00
     3.6916   3.299513   1809.822  790431601  0.000e+00
     3.6961   3.299878   1809.779  790432201  0.000e+00
     3.6986   3.300105   1809.718  790432801  0.000e+00
     3.7002   3.300257   1809.692  790433401  0.000e+00
     3.7017   3.300364   1809.692  790434001  0.000e+00
     3.7078   3.300938   1809.649  790434601  0.000e+00
     3.7102   3.301127   1809.649  790435201  0.000e+00
     3.7102   3.301140   1809.649  790435801  0.000e+00
     3.7123   3.301360   1809.675  790436401  0.000e+00
     3.7076   3.300982   1809.627  790437001  0.000e+00
     3.7124   3.301404   1809.714  790437601  0.000e+00
     3.7158   3.301714   1809.692  790438201  0.000e+00
     3.7188   3.302029   1809.761  790438801  0.000e+00
     3.7174   3.301915   1809.801  790439401  0.000e+00
     3.7201   3.302143   1809.892  790440001  0.000e+00
     3.7168   3.301884   1809.913  790440601  0.000e+00
     3.7134   3.301600   1809.996  790441201  0.000e+00
     3.7091   3.301190   1810.087  790441801  0.000e+00
     3.7063   3.300938   1810.130  790442401  0.000e+00
     3.7059   3.300881   1810.217  790443001  0.000e+00
     3.7068   3.300938   1810.299  790443601  0.000e+00
     3.7073   3.301070   1810.390  790444201  0.000e+00
     3.6883   3.299532   1810.477  790444801  0.000e+00
     3.6917   3.299702   1810.585  790445401  0.000e+00
     3.6914   3.299683   1810.689  790446001  0.000e+00
     3.6818   3.298725   1810.819  790446601  0.000e+00
     3.6677   3.297552   1810.924  790447201  0.000e+00
     3.6612   3.296997   1811.015  790447801  0.000e+00
     3.6441   3.295504   1811.119  790448401  0.000e+00
     3.6414   3.295239   1811.249  790449001  0.000e+00
     3.6383   3.294949   1811.335  790449601  0.000e+00
     3.6478   3.295781   1811.422  790450201  0.000e+00
     3.6413   3.295233   1811.509  790450801  0.000e+00
     3.6334   3.294533   1811.639  790451401  0.000e+00
     3.6321   3.294477   1811.704  790452001  0.000e+00
     3.6346   3.294622   1811.773  790452601  0.000e+00
     3.6328   3.294546   1811.812  790453201  0.000e+00
     3.6418   3.295277   1811.899  790453801  0.000e+00
     3.6516   3.296134   1811.942  790454401  0.000e+00
     3.6450   3.295567   1811.990  790455001  0.000e+00
     3.6385   3.295038   1811.986  790455601  0.000e+00
     3.6307   3.294395   1812.007  790456201  0.000e+00
     3.6316   3.294401   1811.986  790456801  0.000e+00
     3.6331   3.294514   1812.012  790457401  0.000e+00
     3.6293   3.294231   1812.007  790458001  0.000e+00
     3.6233   3.293765   1811.964  790458601  0.000e+00
     3.6271   3.294017   1811.942  790459201  0.000e+00
     3.6255   3.293878   1811.877  790459801  0.000e+00
