odissea/data/moor/raw/ce25007/microcat/23830_data.cnv
* Sea-Bird SBE37SMP-RS232  Data File:
* FileName = C:\CE25007_recovery_data\SBE37SMP-RS232_03723830_2025_05_13.hex.hex
* Software version SeatermV2 2.8.0.119
* Temperature SN = 23830
* Conductivity SN = 23830
* System UpLoad Time = May 13 2025 12:32:07
* sample interval = 600 seconds
* <ApplicationData>
# nquan = 5
# nvalues = 48369                                 
# units = specified
# name 0 = tv290C: Temperature [ITS-90, deg C]
# name 1 = cond0S/m: Conductivity [S/m]
# name 2 = prdM: Pressure, Strain Gauge [db]
# name 3 = timeK: Time, Instrument [seconds]
# name 4 = flag:  0.000e+00
# span 0 =     3.4262,    14.9965                 
# span 1 =   0.000013,   4.203617                 
# span 2 =     -0.028,   2034.184                 
# span 3 =  772588801,  800452801                 
# span 4 = 0.0000e+00, 0.0000e+00                 
# interval = seconds: 600
# start_time = Jun 25 2024 00:00:01 [Instrument's time stamp, first data scan]
# bad_flag = -9.990e-29
*END*
[from data line 4286]
     3.6575   3.296745   1811.210  774003601  0.000e+00
     3.6578   3.296790   1811.188  774004201  0.000e+00
     3.6599   3.296922   1811.188  774004801  0.000e+00
     3.6601   3.296953   1811.145  774005401  0.000e+00
     3.6646   3.297325   1811.075  774006001  0.000e+00
     3.6636   3.297237   1811.075  774006601  0.000e+00
     3.6446   3.295667   1810.993  774007201  0.000e+00
     3.6408   3.295308   1810.967  774007801  0.000e+00
     3.6464   3.295775   1810.941  774008401  0.000e+00
     3.6660   3.297432   1810.880  774009001  0.000e+00
     3.6555   3.296512   1810.815  774009601  0.000e+00
     3.6474   3.295831   1810.798  774010201  0.000e+00
     3.6381   3.295069   1810.711  774010801  0.000e+00
     3.6458   3.295693   1810.642  774011401  0.000e+00
     3.6546   3.296367   1810.620  774012001  0.000e+00
     3.6676   3.297439   1810.555  774012601  0.000e+00
     3.6606   3.296871   1810.490  774013201  0.000e+00
     3.6503   3.296064   1810.403  774013801  0.000e+00
     3.6499   3.295989   1810.342  774014401  0.000e+00
     3.6471   3.295749   1810.321  774015001  0.000e+00
     3.6420   3.295321   1810.299  774015601  0.000e+00
     3.6372   3.294949   1810.186  774016201  0.000e+00
     3.6318   3.294514   1810.165  774016801  0.000e+00
     3.6334   3.294653   1810.143  774017401  0.000e+00
     3.6354   3.294766   1810.121  774018001  0.000e+00
     3.6355   3.294797   1810.100  774018601  0.000e+00
     3.6485   3.295850   1810.056  774019201  0.000e+00
     3.6504   3.296026   1809.991  774019801  0.000e+00
     3.6517   3.296121   1810.013  774020401  0.000e+00
     3.6523   3.296165   1809.970  774021001  0.000e+00
     3.6538   3.296285   1809.970  774021601  0.000e+00
     3.6534   3.296285   1809.948  774022201  0.000e+00
     3.6553   3.296455   1809.952  774022801  0.000e+00
     3.6547   3.296405   1809.931  774023401  0.000e+00
     3.6586   3.296720   1809.952  774024001  0.000e+00
     3.6630   3.297092   1809.974  774024601  0.000e+00
     3.6651   3.297281   1810.017  774025201  0.000e+00
     3.6640   3.297199   1809.991  774025801  0.000e+00
     3.6619   3.297060   1810.039  774026401  0.000e+00
     3.6632   3.297155   1810.078  774027001  0.000e+00
     3.6663   3.297445   1810.078  774027601  0.000e+00
     3.6690   3.297678   1810.121  774028201  0.000e+00
     3.6671   3.297527   1810.212  774028801  0.000e+00
     3.6698   3.297722   1810.256  774029401  0.000e+00
     3.6712   3.297848   1810.299  774030001  0.000e+00
     3.6626   3.297022   1810.386  774030601  0.000e+00
     3.6693   3.297691   1810.429  774031201  0.000e+00
     3.6711   3.297836   1810.512  774031801  0.000e+00
     3.6709   3.297874   1810.533  774032401  0.000e+00
     3.6662   3.297369   1810.624  774033001  0.000e+00
     3.6670   3.297451   1810.668  774033601  0.000e+00
     3.6636   3.297161   1810.754  774034201  0.000e+00
     3.6634   3.297123   1810.837  774034801  0.000e+00
     3.6559   3.296550   1810.928  774035401  0.000e+00
     3.6468   3.295775   1811.032  774036001  0.000e+00
     3.6489   3.295907   1811.080  774036601  0.000e+00
     3.6436   3.295504   1811.188  774037201  0.000e+00
     3.6449   3.295605   1811.249  774037801  0.000e+00
     3.6466   3.295737   1811.314  774038401  0.000e+00
     3.6416   3.295321   1811.357  774039001  0.000e+00
     3.6372   3.295025   1811.422  774039601  0.000e+00
     3.6375   3.294993   1811.491  774040201  0.000e+00
     3.6375   3.295044   1811.556  774040801  0.000e+00
     3.6380   3.295075   1811.639  774041401  0.000e+00
     3.6410   3.295296   1811.665  774042001  0.000e+00
     3.6409   3.295327   1811.661  774042601  0.000e+00
     3.6419   3.295390   1811.682  774043201  0.000e+00
     3.6453   3.295636   1811.730  774043801  0.000e+00
     3.6452   3.295636   1811.747  774044401  0.000e+00
     3.6492   3.295914   1811.747  774045001  0.000e+00
     3.6495   3.295951   1811.752  774045601  0.000e+00
     3.6520   3.296096   1811.752  774046201  0.000e+00
     3.6526   3.296216   1811.726  774046801  0.000e+00
     3.6540   3.296323   1811.752  774047401  0.000e+00
     3.6549   3.296330   1811.708  774048001  0.000e+00
     3.6597   3.296746   1811.661  774048601  0.000e+00
     3.6628   3.296941   1811.613  774049201  0.000e+00
     3.6670   3.297212   1811.600  774049801  0.000e+00
     3.6642   3.297080   1811.552  774050401  0.000e+00
     3.6655   3.297193   1811.535  774051001  0.000e+00
     3.6606   3.296872   1811.461  774051601  0.000e+00
     3.6608   3.296890   1811.422  774052201  0.000e+00
     3.6636   3.297124   1811.444  774052801  0.000e+00
     3.6740   3.297773   1811.405  774053401  0.000e+00
     3.6781   3.298113   1811.357  774054001  0.000e+00
     3.6787   3.298195   1811.296  774054601  0.000e+00
     3.6864   3.298813   1811.253  774055201  0.000e+00
     3.6817   3.298473   1811.123  774055801  0.000e+00
     3.6813   3.298410   1811.097  774056401  0.000e+00
     3.6790   3.298271   1811.036  774057001  0.000e+00
     3.6815   3.298605   1810.993  774057601  0.000e+00
     3.6822   3.298555   1810.989  774058201  0.000e+00
     3.6887   3.299015   1810.902  774058801  0.000e+00
     3.6863   3.298845   1810.884  774059401  0.000e+00
     3.6876   3.298971   1810.780  774060001  0.000e+00
     3.6894   3.299122   1810.754  774060601  0.000e+00
     3.6887   3.299027   1810.711  774061201  0.000e+00
     3.6891   3.299078   1810.668  774061801  0.000e+00
     3.6942   3.299601   1810.646  774062401  0.000e+00
     3.6937   3.299519   1810.585  774063001  0.000e+00
     3.6942   3.299544   1810.516  774063601  0.000e+00
     3.6964   3.299803   1810.494  774064201  0.000e+00
     3.6987   3.300074   1810.451  774064801  0.000e+00
     3.6799   3.298472   1810.408  774065401  0.000e+00
     3.6704   3.297684   1810.403  774066001  0.000e+00
     3.6648   3.297268   1810.338  774066601  0.000e+00
     3.6630   3.297054   1810.364  774067201  0.000e+00
     3.6610   3.296947   1810.338  774067801  0.000e+00
     3.6581   3.296707   1810.317  774068401  0.000e+00
     3.6555   3.296474   1810.342  774069001  0.000e+00
     3.6542   3.296398   1810.312  774069601  0.000e+00
     3.6537   3.296354   1810.317  774070201  0.000e+00
     3.6520   3.296222   1810.321  774070801  0.000e+00
     3.6507   3.296058   1810.338  774071401  0.000e+00
     3.6486   3.295932   1810.382  774072001  0.000e+00
     3.6485   3.295926   1810.360  774072601  0.000e+00
     3.6470   3.295825   1810.360  774073201  0.000e+00
     3.6460   3.295743   1810.386  774073801  0.000e+00
     3.6438   3.295541   1810.403  774074401  0.000e+00
     3.6430   3.295478   1810.403  774075001  0.000e+00
     3.6439   3.295541   1810.425  774075601  0.000e+00
     3.6336   3.294678   1810.468  774076201  0.000e+00
     3.6379   3.295043   1810.555  774076801  0.000e+00
     3.6459   3.295667   1810.598  774077401  0.000e+00
     3.6458   3.295680   1810.577  774078001  0.000e+00
     3.6451   3.295623   1810.646  774078601  0.000e+00
     3.6447   3.295598   1810.728  774079201  0.000e+00
     3.6473   3.295812   1810.798  774079801  0.000e+00
     3.6427   3.295453   1810.837  774080401  0.000e+00
     3.6441   3.295560   1810.906  774081001  0.000e+00
     3.6421   3.295441   1810.967  774081601  0.000e+00
     3.6433   3.295497   1811.036  774082201  0.000e+00
     3.6397   3.295214   1811.075  774082801  0.000e+00
     3.6428   3.295447   1811.140  774083401  0.000e+00
     3.6405   3.295296   1811.184  774084001  0.000e+00
     3.6384   3.295119   1811.227  774084601  0.000e+00
     3.6400   3.295239   1811.292  774085201  0.000e+00
     3.6404   3.295283   1811.318  774085801  0.000e+00
     3.6369   3.295012   1811.361  774086401  0.000e+00
     3.6368   3.295006   1811.422  774087001  0.000e+00
     3.6359   3.294949   1811.444  774087601  0.000e+00
     3.6374   3.295075   1811.465  774088201  0.000e+00
     3.6370   3.295025   1811.535  774088801  0.000e+00
     3.6354   3.294886   1811.552  774089401  0.000e+00
     3.6344   3.294823   1811.552  774090001  0.000e+00
     3.6407   3.295315   1811.552  774090601  0.000e+00
     3.6381   3.295126   1811.530  774091201  0.000e+00
     3.6494   3.295983   1811.513  774091801  0.000e+00
     3.6422   3.295479   1811.491  774092401  0.000e+00
     3.6504   3.296140   1811.491  774093001  0.000e+00
     3.6543   3.296430   1811.448  774093601  0.000e+00
     3.6609   3.296947   1811.400  774094201  0.000e+00
     3.6634   3.297136   1811.379  774094801  0.000e+00
     3.6654   3.297344   1811.335  774095401  0.000e+00
     3.6702   3.297710   1811.296  774096001  0.000e+00
     3.6718   3.297842   1811.318  774096601  0.000e+00
     3.6731   3.297987   1811.231  774097201  0.000e+00
     3.6699   3.297760   1811.210  774097801  0.000e+00
     3.6774   3.298315   1811.188  774098401  0.000e+00
     3.6871   3.299147   1811.123  774099001  0.000e+00
     3.6888   3.299336   1811.101  774099601  0.000e+00
     3.6886   3.299292   1811.040  774100201  0.000e+00
     3.6885   3.299292   1810.993  774100801  0.000e+00
     3.6877   3.299248   1810.906  774101401  0.000e+00
     3.6859   3.299084   1810.884  774102001  0.000e+00
     3.6896   3.299330   1810.824  774102601  0.000e+00
     3.6878   3.299217   1810.798  774103201  0.000e+00
     3.6826   3.298838   1810.733  774103801  0.000e+00
     3.6790   3.298592   1810.668  774104401  0.000e+00
     3.6761   3.298290   1810.642  774105001  0.000e+00
     3.6774   3.298397   1810.624  774105601  0.000e+00
     3.6795   3.298542   1810.559  774106201  0.000e+00
     3.6824   3.298725   1810.494  774106801  0.000e+00
     3.6809   3.298567   1810.494  774107401  0.000e+00
     3.6790   3.298428   1810.451  774108001  0.000e+00
     3.6772   3.298264   1810.429  774108601  0.000e+00
     3.6769   3.298245   1810.429  774109201  0.000e+00
     3.6842   3.298762   1810.429  774109801  0.000e+00
     3.6799   3.298447   1810.386  774110401  0.000e+00
     3.6901   3.299305   1810.364  774111001  0.000e+00
     3.6849   3.298857   1810.364  774111601  0.000e+00
     3.6860   3.298958   1810.408  774112201  0.000e+00
     3.6910   3.299374   1810.408  774112801  0.000e+00
     3.6946   3.299721   1810.364  774113401  0.000e+00
     3.6915   3.299500   1810.390  774114001  0.000e+00
     3.6947   3.299809   1810.408  774114601  0.000e+00
     3.6948   3.299752   1810.429  774115201  0.000e+00
     3.6972   3.299942   1810.473  774115801  0.000e+00
     3.6993   3.300150   1810.538  774116401  0.000e+00
     3.7014   3.300345   1810.494  774117001  0.000e+00
     3.7036   3.300547   1810.516  774117601  0.000e+00
     3.7042   3.300591   1810.581  774118201  0.000e+00
     3.7034   3.300465   1810.603  774118801  0.000e+00
     3.7040   3.300509   1810.650  774119401  0.000e+00
     3.6996   3.300181   1810.715  774120001  0.000e+00
     3.7023   3.300440   1810.759  774120601  0.000e+00
     3.6991   3.300156   1810.780  774121201  0.000e+00
     3.6972   3.299923   1810.845  774121801  0.000e+00
     3.6953   3.299778   1810.863  774122401  0.000e+00
     3.6927   3.299664   1810.949  774123001  0.000e+00
     3.6940   3.299784   1811.036  774123601  0.000e+00
     3.6956   3.299923   1811.080  774124201  0.000e+00
     3.6938   3.299803   1811.145  774124801  0.000e+00
     3.6945   3.299847   1811.166  774125401  0.000e+00
     3.6951   3.299923   1811.236  774126001  0.000e+00
     3.7001   3.300345   1811.296  774126601  0.000e+00
     3.7030   3.300591   1811.318  774127201  0.000e+00
     3.7062   3.300856   1811.348  774127801  0.000e+00
     3.7087   3.301058   1811.361  774128401  0.000e+00
     3.7080   3.301008   1811.431  774129001  0.000e+00
     3.6901   3.299633   1811.474  774129601  0.000e+00
     3.6810   3.298870   1811.530  774130201  0.000e+00
     3.6824   3.298958   1811.535  774130801  0.000e+00
     3.6731   3.298334   1811.556  774131401  0.000e+00
     3.6823   3.299047   1811.578  774132001  0.000e+00
     3.6694   3.297931   1811.621  774132601  0.000e+00
     3.6648   3.297527   1811.643  774133201  0.000e+00
     3.6539   3.296664   1811.643  774133801  0.000e+00
     3.6427   3.295687   1811.617  774134401  0.000e+00
     3.6465   3.295907   1811.596  774135001  0.000e+00
     3.6400   3.295460   1811.596  774135601  0.000e+00
     3.6335   3.294918   1811.574  774136201  0.000e+00
     3.6267   3.294300   1811.574  774136801  0.000e+00
     3.6188   3.293588   1811.574  774137401  0.000e+00
     3.6350   3.294911   1811.552  774138001  0.000e+00
     3.6492   3.296046   1811.461  774138601  0.000e+00
     3.6609   3.297061   1811.448  774139201  0.000e+00
     3.6700   3.297874   1811.361  774139801  0.000e+00
     3.6728   3.297931   1811.296  774140401  0.000e+00
     3.6798   3.298574   1811.257  774141001  0.000e+00
     3.6801   3.298649   1811.188  774141601  0.000e+00
     3.6736   3.298076   1811.140  774142201  0.000e+00
     3.6825   3.298845   1811.058  774142801  0.000e+00
     3.6852   3.299065   1810.971  774143401  0.000e+00
     3.6850   3.299021   1810.928  774144001  0.000e+00
     3.6920   3.299563   1810.819  774144601  0.000e+00
     3.6879   3.299273   1810.776  774145201  0.000e+00
     3.6920   3.299563   1810.733  774145801  0.000e+00
     3.6954   3.299853   1810.650  774146401  0.000e+00
     3.6951   3.299834   1810.624  774147001  0.000e+00
     3.6962   3.299898   1810.559  774147601  0.000e+00
     3.6970   3.299967   1810.542  774148201  0.000e+00
     3.6996   3.300194   1810.455  774148801  0.000e+00
     3.7017   3.300351   1810.386  774149401  0.000e+00
     3.7028   3.300515   1810.342  774150001  0.000e+00
     3.7024   3.300478   1810.321  774150601  0.000e+00
     3.7022   3.300421   1810.217  774151201  0.000e+00
     3.6993   3.300213   1810.234  774151801  0.000e+00
     3.6978   3.300011   1810.234  774152401  0.000e+00
     3.6945   3.299778   1810.169  774153001  0.000e+00
     3.6962   3.299929   1810.152  774153601  0.000e+00
     3.6909   3.299569   1810.108  774154201  0.000e+00
     3.6927   3.299658   1810.104  774154801  0.000e+00
     3.6854   3.299179   1810.104  774155401  0.000e+00
     3.6847   3.299046   1810.061  774156001  0.000e+00
     3.6843   3.299008   1810.082  774156601  0.000e+00
     3.6860   3.299179   1810.039  774157201  0.000e+00
     3.6847   3.299097   1810.082  774157801  0.000e+00
     3.6739   3.298220   1810.039  774158401  0.000e+00
     3.6800   3.298630   1810.061  774159001  0.000e+00
     3.6821   3.298844   1810.065  774159601  0.000e+00
     3.6857   3.299115   1810.065  774160201  0.000e+00
     3.6882   3.299361   1810.082  774160801  0.000e+00
     3.6895   3.299450   1810.104  774161401  0.000e+00
     3.6866   3.299204   1810.104  774162001  0.000e+00
     3.6854   3.299147   1810.147  774162601  0.000e+00
     3.6858   3.299179   1810.147  774163201  0.000e+00
     3.6880   3.299349   1810.212  774163801  0.000e+00
     3.6876   3.299324   1810.260  774164401  0.000e+00
     3.6875   3.299418   1810.260  774165001  0.000e+00
     3.6878   3.299361   1810.321  774165601  0.000e+00
     3.6946   3.300112   1810.386  774166201  0.000e+00
     3.6935   3.300030   1810.429  774166801  0.000e+00
     3.6938   3.300061   1810.494  774167401  0.000e+00
     3.6936   3.300011   1810.538  774168001  0.000e+00
     3.6932   3.300005   1810.603  774168601  0.000e+00
     3.6935   3.299998   1810.646  774169201  0.000e+00
     3.6869   3.299513   1810.733  774169801  0.000e+00
     3.6983   3.300352   1810.754  774170401  0.000e+00
     3.6980   3.300446   1810.819  774171001  0.000e+00
     3.7002   3.300591   1810.841  774171601  0.000e+00
     3.7024   3.300844   1810.954  774172201  0.000e+00
     3.7013   3.300736   1810.971  774172801  0.000e+00
     3.6957   3.300207   1811.036  774173401  0.000e+00
     3.6934   3.300068   1811.080  774174001  0.000e+00
