odissea/data/moor/raw/ce25007/microcat/5509_data.asc
* Sea-Bird SBE37 Data File:
* FileName = C:\CE25007_recovery_data\5509_data.asc
* Software Version 1.59
* Temperature SN = 5509
* Conductivity SN = 5509
* System UpLoad Time = May 13 2025 15:26:35
* ds
* SBE37-SM V 2.6b  SERIAL NO. 5509    13 May 2025  15:26:50
*END*
[from data line 24395]
 11.4375, 4.00729,  254.930,  35.4941, 12 Dec 2024, 09:20:02
 11.4182, 4.00516,  256.413,  35.4908, 12 Dec 2024, 09:30:02
 11.3965, 4.00331,  258.267,  35.4925, 12 Dec 2024, 09:40:02
 11.3177, 3.99368,  261.357,  35.4713, 12 Dec 2024, 09:50:02
 11.4291, 4.00725,  263.952,  35.4977, 12 Dec 2024, 10:00:02
 11.3779, 4.00117,  266.671,  35.4854, 12 Dec 2024, 10:10:02
 11.3320, 3.99600,  268.031,  35.4776, 12 Dec 2024, 10:20:02
 11.2995, 3.99216,  270.132,  35.4698, 12 Dec 2024, 10:30:02
 11.2609, 3.98775,  272.480,  35.4620, 12 Dec 2024, 10:40:02
 11.3311, 3.99602,  274.828,  35.4757, 12 Dec 2024, 10:50:02
 11.3947, 4.00384,  277.671,  35.4909, 12 Dec 2024, 11:00:02
 11.3631, 4.00056,  280.390,  35.4875, 12 Dec 2024, 11:10:02
 11.3897, 4.00396,  282.985,  35.4945, 12 Dec 2024, 11:20:02
 11.3636, 4.00116,  285.333,  35.4908, 12 Dec 2024, 11:30:02
 11.3709, 4.00197,  288.176,  35.4905, 12 Dec 2024, 11:40:02
 11.3646, 4.00152,  291.266,  35.4907, 12 Dec 2024, 11:50:02
 11.3521, 4.00024,  294.232,  35.4887, 12 Dec 2024, 12:00:02
 11.3259, 3.99775,  297.569,  35.4877, 12 Dec 2024, 12:10:02
 11.2685, 3.99158,  300.782,  35.4802, 12 Dec 2024, 12:20:02
 11.1527, 3.97888,  303.625,  35.4639, 12 Dec 2024, 12:30:02
 11.3051, 3.99594,  305.355,  35.4863, 12 Dec 2024, 12:40:02
 11.3079, 3.99633,  306.961,  35.4867, 12 Dec 2024, 12:50:02
 11.2964, 3.99492,  308.074,  35.4833, 12 Dec 2024, 13:00:02
 11.3059, 3.99591,  309.433,  35.4834, 12 Dec 2024, 13:10:02
 11.2568, 3.98982,  310.051,  35.4698, 12 Dec 2024, 13:20:02
 11.2529, 3.98999,  310.051,  35.4752, 12 Dec 2024, 13:30:02
 11.1776, 3.98025,  309.557,  35.4510, 12 Dec 2024, 13:40:02
 11.1750, 3.98029,  308.197,  35.4545, 12 Dec 2024, 13:50:02
 11.1336, 3.97505,  306.714,  35.4428, 12 Dec 2024, 14:00:02
 11.1470, 3.97616,  305.108,  35.4417, 12 Dec 2024, 14:10:02
 11.1373, 3.97531,  303.995,  35.4430, 12 Dec 2024, 14:20:02
 11.1654, 3.97845,  302.265,  35.4481, 12 Dec 2024, 14:30:02
 11.1744, 3.97909,  300.040,  35.4468, 12 Dec 2024, 14:40:02
 11.2206, 3.98398,  297.569,  35.4521, 12 Dec 2024, 14:50:02
 11.2210, 3.98434,  294.973,  35.4565, 12 Dec 2024, 15:00:02
 11.2347, 3.98540,  292.378,  35.4550, 12 Dec 2024, 15:10:02
 11.2817, 3.99059,  290.030,  35.4624, 12 Dec 2024, 15:20:02
 11.2653, 3.98856,  287.682,  35.4591, 12 Dec 2024, 15:30:02
 11.2704, 3.98919,  285.704,  35.4613, 12 Dec 2024, 15:40:02
 11.2948, 3.99160,  283.356,  35.4628, 12 Dec 2024, 15:50:02
 11.3336, 3.99590,  281.131,  35.4693, 12 Dec 2024, 16:00:02
 11.3954, 4.00230,  279.030,  35.4743, 12 Dec 2024, 16:10:02
 11.4592, 4.01131,  277.053,  35.5032, 12 Dec 2024, 16:20:02
 11.3622, 4.00033,  274.952,  35.4885, 12 Dec 2024, 16:30:02
 11.4854, 4.01387,  272.233,  35.5055, 12 Dec 2024, 16:40:02
 11.4960, 4.01510,  270.132,  35.5085, 12 Dec 2024, 16:50:02
 11.5167, 4.01726,  267.784,  35.5110, 12 Dec 2024, 17:00:02
 11.5429, 4.02008,  265.312,  35.5149, 12 Dec 2024, 17:10:02
 11.5692, 4.02263,  262.593,  35.5160, 12 Dec 2024, 17:20:02
 11.6021, 4.02636,  259.256,  35.5228, 12 Dec 2024, 17:30:02
 11.6196, 4.02761,  257.031,  35.5193, 12 Dec 2024, 17:40:02
 11.6180, 4.02643,  255.425,  35.5100, 12 Dec 2024, 17:50:02
 11.6645, 4.03277,  253.324,  35.5288, 12 Dec 2024, 18:00:02
 11.6366, 4.02929,  251.593,  35.5220, 12 Dec 2024, 18:10:02
 11.6551, 4.03151,  250.234,  35.5268, 12 Dec 2024, 18:20:02
 11.7199, 4.03921,  249.245,  35.5410, 12 Dec 2024, 18:30:02
 11.6600, 4.03195,  248.504,  35.5272, 12 Dec 2024, 18:40:02
 11.6223, 4.02821,  247.762,  35.5268, 12 Dec 2024, 18:50:02
 11.6364, 4.02868,  246.897,  35.5183, 12 Dec 2024, 19:00:02
 11.5698, 4.02123,  246.279,  35.5089, 12 Dec 2024, 19:10:02
 11.5961, 4.02478,  245.538,  35.5190, 12 Dec 2024, 19:20:02
 11.6276, 4.02761,  245.167,  35.5169, 12 Dec 2024, 19:30:02
 11.6925, 4.03515,  245.167,  35.5291, 12 Dec 2024, 19:40:02
 11.6080, 4.02551,  245.043,  35.5151, 12 Dec 2024, 19:50:02
 11.6225, 4.02694,  245.167,  35.5152, 12 Dec 2024, 20:00:02
 11.6281, 4.02730,  245.414,  35.5133, 12 Dec 2024, 20:10:02
 11.6377, 4.02918,  245.908,  35.5224, 12 Dec 2024, 20:20:02
 11.6472, 4.03040,  246.650,  35.5250, 12 Dec 2024, 20:30:02
 11.5840, 4.02309,  247.638,  35.5130, 12 Dec 2024, 20:40:02
 11.5748, 4.02207,  248.627,  35.5113, 12 Dec 2024, 20:50:02
 11.5545, 4.01987,  249.616,  35.5086, 12 Dec 2024, 21:00:02
 11.5996, 4.02514,  250.852,  35.5169, 12 Dec 2024, 21:10:01
 11.6130, 4.02690,  252.706,  35.5206, 12 Dec 2024, 21:20:01
 11.5817, 4.02353,  254.560,  35.5165, 12 Dec 2024, 21:30:01
 11.6031, 4.02566,  257.031,  35.5159, 12 Dec 2024, 21:40:01
 11.5449, 4.01946,  259.750,  35.5093, 12 Dec 2024, 21:50:01
 11.5609, 4.02067,  262.964,  35.5045, 12 Dec 2024, 22:00:01
 11.5150, 4.01689,  266.671,  35.5095, 12 Dec 2024, 22:10:01
 11.5158, 4.01665,  270.132,  35.5048, 12 Dec 2024, 22:20:01
 11.5333, 4.01911,  273.469,  35.5109, 12 Dec 2024, 22:30:01
 11.4820, 4.01373,  276.558,  35.5055, 12 Dec 2024, 22:40:01
 11.5153, 4.01772,  280.266,  35.5114, 12 Dec 2024, 22:50:01
 11.5438, 4.02072,  283.479,  35.5122, 12 Dec 2024, 23:00:01
 11.4700, 4.01288,  287.434,  35.5038, 12 Dec 2024, 23:10:01
 11.4707, 4.01330,  291.266,  35.5055, 12 Dec 2024, 23:20:01
 11.4703, 4.01333,  295.220,  35.5045, 12 Dec 2024, 23:30:01
 11.4657, 4.01299,  299.175,  35.5038, 12 Dec 2024, 23:40:01
 11.4394, 4.01027,  303.254,  35.5003, 12 Dec 2024, 23:50:01
 11.4224, 4.00849,  307.209,  35.4972, 13 Dec 2024, 00:00:01
 11.4176, 4.00816,  310.793,  35.4970, 13 Dec 2024, 00:10:01
 11.4051, 4.00704,  314.624,  35.4962, 13 Dec 2024, 00:20:01
 11.4179, 4.00837,  318.455,  35.4954, 13 Dec 2024, 00:30:01
 11.4121, 4.00811,  321.916,  35.4968, 13 Dec 2024, 00:40:01
 11.3688, 4.00351,  325.500,  35.4912, 13 Dec 2024, 00:50:01
 11.3664, 4.00332,  328.095,  35.4905, 13 Dec 2024, 01:00:01
 11.3442, 4.00106,  330.196,  35.4885, 13 Dec 2024, 01:10:01
 11.3106, 3.99738,  331.556,  35.4836, 13 Dec 2024, 01:20:01
 11.3088, 3.99712,  333.657,  35.4818, 13 Dec 2024, 01:30:01
 11.2740, 3.99348,  334.893,  35.4786, 13 Dec 2024, 01:40:01
 11.2713, 3.99317,  335.758,  35.4777, 13 Dec 2024, 01:50:01
 11.2535, 3.99128,  336.252,  35.4758, 13 Dec 2024, 02:00:01
 11.2686, 3.99294,  336.252,  35.4778, 13 Dec 2024, 02:10:01
 11.2654, 3.99244,  336.005,  35.4760, 13 Dec 2024, 02:20:01
 11.2869, 3.99476,  335.634,  35.4786, 13 Dec 2024, 02:30:01
 11.2589, 3.99175,  335.511,  35.4756, 13 Dec 2024, 02:40:01
 11.2888, 3.99624,  334.522,  35.4919, 13 Dec 2024, 02:50:01
 11.2975, 3.99606,  332.668,  35.4826, 13 Dec 2024, 03:00:01
 11.2921, 3.99533,  331.061,  35.4813, 13 Dec 2024, 03:10:01
 11.2803, 3.99388,  329.084,  35.4791, 13 Dec 2024, 03:20:01
 11.2907, 3.99409,  326.489,  35.4723, 13 Dec 2024, 03:30:01
 11.3224, 3.99801,  323.522,  35.4821, 13 Dec 2024, 03:40:01
 11.3368, 3.99984,  320.680,  35.4877, 13 Dec 2024, 03:50:01
 11.3363, 3.99966,  317.837,  35.4876, 13 Dec 2024, 04:00:01
 11.4152, 4.00811,  314.130,  35.4973, 13 Dec 2024, 04:10:01
 11.4450, 4.01097,  309.680,  35.4990, 13 Dec 2024, 04:20:01
 11.4536, 4.01194,  305.726,  35.5021, 13 Dec 2024, 04:30:01
 11.4611, 4.01237,  302.141,  35.5007, 13 Dec 2024, 04:40:01
 11.4732, 4.01362,  298.928,  35.5029, 13 Dec 2024, 04:50:01
 11.4995, 4.01631,  295.838,  35.5057, 13 Dec 2024, 05:00:01
 11.5227, 4.01941,  293.614,  35.5151, 13 Dec 2024, 05:10:01
 11.5239, 4.01931,  291.636,  35.5138, 13 Dec 2024, 05:20:01
 11.5121, 4.01808,  289.659,  35.5138, 13 Dec 2024, 05:30:01
 11.4889, 4.01528,  287.434,  35.5094, 13 Dec 2024, 05:40:01
 11.4813, 4.01412,  285.086,  35.5062, 13 Dec 2024, 05:50:01
 11.4657, 4.01211,  282.738,  35.5024, 13 Dec 2024, 06:00:01
 11.4688, 4.01253,  280.513,  35.5045, 13 Dec 2024, 06:10:01
 11.5016, 4.01620,  278.412,  35.5103, 13 Dec 2024, 06:20:01
 11.5033, 4.01651,  276.311,  35.5127, 13 Dec 2024, 06:30:01
 11.5396, 4.02013,  273.839,  35.5147, 13 Dec 2024, 06:40:01
 11.5931, 4.02626,  271.244,  35.5251, 13 Dec 2024, 06:50:01
 11.5881, 4.02572,  268.525,  35.5258, 13 Dec 2024, 07:00:01
 11.5399, 4.01996,  265.806,  35.5163, 13 Dec 2024, 07:10:01
 11.5597, 4.02188,  263.211,  35.5175, 13 Dec 2024, 07:20:01
 11.4975, 4.01512,  261.110,  35.5112, 13 Dec 2024, 07:30:01
 11.5359, 4.01919,  259.503,  35.5153, 13 Dec 2024, 07:40:01
 11.4845, 4.01366,  258.020,  35.5106, 13 Dec 2024, 07:50:01
 11.4624, 4.01084,  256.661,  35.5045, 13 Dec 2024, 08:00:01
 11.4824, 4.01292,  255.548,  35.5064, 13 Dec 2024, 08:10:01
 11.4717, 4.01173,  255.054,  35.5051, 13 Dec 2024, 08:20:01
 11.4818, 4.01314,  254.560,  35.5096, 13 Dec 2024, 08:30:01
 11.4636, 4.01080,  254.560,  35.5039, 13 Dec 2024, 08:40:01
 11.4723, 4.01213,  254.312,  35.5088, 13 Dec 2024, 08:50:01
 11.5063, 4.01545,  254.312,  35.5091, 13 Dec 2024, 09:00:01
 11.5319, 4.01837,  254.436,  35.5133, 13 Dec 2024, 09:10:01
 11.5620, 4.02164,  254.560,  35.5167, 13 Dec 2024, 09:20:01
 11.5493, 4.01890,  254.436,  35.5019, 13 Dec 2024, 09:30:01
 11.5230, 4.01834,  254.560,  35.5215, 13 Dec 2024, 09:40:01
 11.5432, 4.02008,  254.930,  35.5192, 13 Dec 2024, 09:50:01
 11.5053, 4.01555,  256.166,  35.5102, 13 Dec 2024, 10:00:01
 11.4876, 4.01347,  257.773,  35.5059, 13 Dec 2024, 10:10:01
 11.4465, 4.00909,  259.380,  35.5013, 13 Dec 2024, 10:20:01
 11.4395, 4.00814,  261.110,  35.4978, 13 Dec 2024, 10:30:01
 11.4205, 4.00634,  263.211,  35.4973, 13 Dec 2024, 10:40:01
 11.4109, 4.00535,  265.683,  35.4956, 13 Dec 2024, 10:50:01
 11.4051, 4.00472,  268.772,  35.4936, 13 Dec 2024, 11:00:01
 11.3990, 4.00435,  272.109,  35.4943, 13 Dec 2024, 11:10:01
 11.4117, 4.00606,  275.693,  35.4974, 13 Dec 2024, 11:20:01
 11.4257, 4.00746,  279.772,  35.4960, 13 Dec 2024, 11:30:01
 11.3889, 4.00366,  283.479,  35.4921, 13 Dec 2024, 11:40:01
 11.3924, 4.00435,  287.558,  35.4937, 13 Dec 2024, 11:50:01
 11.3781, 4.00283,  291.513,  35.4906, 13 Dec 2024, 12:00:01
 11.3227, 3.99636,  295.468,  35.4779, 13 Dec 2024, 12:10:01
 11.3313, 3.99761,  299.917,  35.4801, 13 Dec 2024, 12:20:01
 11.3183, 3.99629,  305.108,  35.4772, 13 Dec 2024, 12:30:01
 11.3198, 3.99642,  309.804,  35.4749, 13 Dec 2024, 12:40:01
 11.3155, 3.99635,  314.006,  35.4765, 13 Dec 2024, 12:50:01
 11.2785, 3.99379,  317.714,  35.4850, 13 Dec 2024, 13:00:01
 11.2708, 3.99161,  320.927,  35.4693, 13 Dec 2024, 13:10:01
 11.2664, 3.99158,  324.388,  35.4717, 13 Dec 2024, 13:20:01
 11.2632, 3.99193,  327.477,  35.4769, 13 Dec 2024, 13:30:01
 11.2445, 3.99016,  329.455,  35.4764, 13 Dec 2024, 13:40:01
 11.2076, 3.98548,  331.309,  35.4645, 13 Dec 2024, 13:50:01
 11.2025, 3.98508,  332.544,  35.4649, 13 Dec 2024, 14:00:01
 11.2412, 3.98933,  333.533,  35.4695, 13 Dec 2024, 14:10:01
 11.2629, 3.99202,  333.904,  35.4752, 13 Dec 2024, 14:20:01
 11.2516, 3.99025,  333.657,  35.4686, 13 Dec 2024, 14:30:01
 11.2438, 3.98895,  333.410,  35.4633, 13 Dec 2024, 14:40:01
 11.2113, 3.98562,  332.421,  35.4618, 13 Dec 2024, 14:50:01
 11.2216, 3.98659,  331.432,  35.4620, 13 Dec 2024, 15:00:01
 11.2436, 3.98890,  329.578,  35.4647, 13 Dec 2024, 15:10:01
 11.2652, 3.99123,  327.601,  35.4679, 13 Dec 2024, 15:20:01
 11.2641, 3.99103,  325.129,  35.4681, 13 Dec 2024, 15:30:01
 11.2643, 3.99086,  322.286,  35.4675, 13 Dec 2024, 15:40:01
 11.2945, 3.99417,  319.073,  35.4728, 13 Dec 2024, 15:50:01
 11.3307, 3.99832,  315.242,  35.4809, 13 Dec 2024, 16:00:01
 11.3517, 4.00034,  311.411,  35.4825, 13 Dec 2024, 16:10:01
 11.3633, 4.00139,  307.209,  35.4836, 13 Dec 2024, 16:20:01
 11.3656, 4.00126,  303.130,  35.4819, 13 Dec 2024, 16:30:01
 11.3706, 4.00166,  299.546,  35.4827, 13 Dec 2024, 16:40:01
 11.3655, 4.00079,  295.838,  35.4806, 13 Dec 2024, 16:50:01
 11.4368, 4.00846,  291.884,  35.4899, 13 Dec 2024, 17:00:01
 11.4471, 4.00964,  288.176,  35.4934, 13 Dec 2024, 17:10:01
 11.4540, 4.01037,  284.468,  35.4956, 13 Dec 2024, 17:20:01
 11.4753, 4.01234,  280.884,  35.4963, 13 Dec 2024, 17:30:01
 11.5108, 4.01613,  277.547,  35.5012, 13 Dec 2024, 17:40:01
 11.4927, 4.01376,  274.087,  35.4966, 13 Dec 2024, 17:50:01
 11.5234, 4.01730,  270.255,  35.5039, 13 Dec 2024, 18:00:01
 11.5622, 4.02115,  266.548,  35.5064, 13 Dec 2024, 18:10:01
 11.6334, 4.02933,  263.458,  35.5202, 13 Dec 2024, 18:20:01
 11.6484, 4.03113,  260.986,  35.5247, 13 Dec 2024, 18:30:01
 11.6856, 4.03518,  258.144,  35.5303, 13 Dec 2024, 18:40:01
 11.7114, 4.03792,  255.672,  35.5336, 13 Dec 2024, 18:50:01
 11.7416, 4.04117,  253.324,  35.5377, 13 Dec 2024, 19:00:01
 11.7458, 4.04177,  251.099,  35.5406, 13 Dec 2024, 19:10:01
 11.7475, 4.04209,  249.122,  35.5430, 13 Dec 2024, 19:20:01
 11.7268, 4.03971,  247.268,  35.5402, 13 Dec 2024, 19:30:01
 11.7029, 4.03681,  245.661,  35.5353, 13 Dec 2024, 19:40:01
 11.6709, 4.03297,  244.178,  35.5287, 13 Dec 2024, 19:50:01
 11.6173, 4.02689,  243.313,  35.5205, 13 Dec 2024, 20:00:01
 11.6125, 4.02615,  242.448,  35.5182, 13 Dec 2024, 20:10:01
 11.6135, 4.02655,  241.953,  35.5214, 13 Dec 2024, 20:20:01
 11.6377, 4.02930,  241.583,  35.5255, 13 Dec 2024, 20:30:01
 11.6328, 4.02895,  241.336,  35.5269, 13 Dec 2024, 20:40:01
 11.6209, 4.02735,  241.336,  35.5225, 13 Dec 2024, 20:50:01
 11.6349, 4.02858,  241.459,  35.5212, 13 Dec 2024, 21:00:01
 11.6665, 4.03239,  241.336,  35.5285, 13 Dec 2024, 21:10:01
 11.6295, 4.02825,  241.459,  35.5231, 13 Dec 2024, 21:20:01
 11.6640, 4.03197,  241.706,  35.5266, 13 Dec 2024, 21:30:01
 11.6726, 4.03330,  242.201,  35.5312, 13 Dec 2024, 21:40:01
 11.6337, 4.02992,  243.066,  35.5348, 13 Dec 2024, 21:50:01
 11.5738, 4.02174,  244.054,  35.5111, 13 Dec 2024, 22:00:01
 11.4633, 4.00945,  245.043,  35.4951, 13 Dec 2024, 22:10:01
 11.4525, 4.00867,  246.032,  35.4973, 13 Dec 2024, 22:20:01
 11.4388, 4.00653,  247.268,  35.4887, 13 Dec 2024, 22:30:01
 11.4368, 4.00632,  248.751,  35.4879, 13 Dec 2024, 22:40:01
 11.4472, 4.00770,  250.728,  35.4907, 13 Dec 2024, 22:50:01
 11.5385, 4.01812,  252.582,  35.5054, 13 Dec 2024, 23:00:01
 11.4895, 4.01277,  254.436,  35.4986, 13 Dec 2024, 23:10:01
 11.5110, 4.01507,  256.290,  35.4999, 13 Dec 2024, 23:20:01
 11.4623, 4.01003,  258.391,  35.4959, 13 Dec 2024, 23:30:01
 11.4012, 4.00303,  261.357,  35.4839, 13 Dec 2024, 23:40:01
 11.4440, 4.00797,  264.817,  35.4902, 13 Dec 2024, 23:50:01
 11.4749, 4.01219,  268.649,  35.5006, 14 Dec 2024, 00:00:01
 11.4676, 4.01217,  272.233,  35.5058, 14 Dec 2024, 00:10:01
 11.4409, 4.00926,  275.817,  35.5010, 14 Dec 2024, 00:20:01
 11.4110, 4.00575,  279.772,  35.4932, 14 Dec 2024, 00:30:01
 11.4279, 4.00793,  283.727,  35.4968, 14 Dec 2024, 00:40:01
 11.3755, 4.00255,  287.558,  35.4921, 14 Dec 2024, 00:50:01
 11.3664, 4.00177,  291.884,  35.4912, 14 Dec 2024, 01:00:01
 11.3317, 3.99823,  295.591,  35.4878, 14 Dec 2024, 01:10:01
 11.3096, 3.99611,  299.422,  35.4863, 14 Dec 2024, 01:20:01
 11.2866, 3.99367,  303.254,  35.4824, 14 Dec 2024, 01:30:01
 11.2495, 3.98969,  306.714,  35.4770, 14 Dec 2024, 01:40:01
 11.2513, 3.98966,  309.680,  35.4737, 14 Dec 2024, 01:50:01
 11.2464, 3.98977,  312.399,  35.4782, 14 Dec 2024, 02:00:01
 11.2597, 3.99123,  314.624,  35.4790, 14 Dec 2024, 02:10:01
 11.2456, 3.98972,  316.107,  35.4769, 14 Dec 2024, 02:20:01
 11.2771, 3.99307,  317.590,  35.4792, 14 Dec 2024, 02:30:01
 11.2833, 3.99343,  319.197,  35.4761, 14 Dec 2024, 02:40:01
 11.2912, 3.99480,  320.433,  35.4816, 14 Dec 2024, 02:50:01
 11.2877, 3.99438,  321.421,  35.4804, 14 Dec 2024, 03:00:01
 11.2922, 3.99537,  322.039,  35.4856, 14 Dec 2024, 03:10:01
 11.3024, 3.99599,  322.163,  35.4819, 14 Dec 2024, 03:20:01
 11.3652, 4.00296,  321.174,  35.4911, 14 Dec 2024, 03:30:01
 11.3844, 4.00509,  319.444,  35.4946, 14 Dec 2024, 03:40:01
 11.3737, 4.00365,  317.219,  35.4916, 14 Dec 2024, 03:50:01
 11.3873, 4.00520,  315.242,  35.4948, 14 Dec 2024, 04:00:01
 11.3848, 4.00502,  312.399,  35.4966, 14 Dec 2024, 04:10:01
 11.3661, 4.00208,  309.186,  35.4869, 14 Dec 2024, 04:20:01
 11.3925, 4.00505,  305.849,  35.4925, 14 Dec 2024, 04:30:01
 11.3880, 4.00460,  302.759,  35.4937, 14 Dec 2024, 04:40:01
 11.3955, 4.00530,  299.422,  35.4949, 14 Dec 2024, 04:50:01
