odissea/data/moor/raw/ce25007/microcat/5509_data.asc
* Sea-Bird SBE37 Data File:
* FileName = C:\CE25007_recovery_data\5509_data.asc
* Software Version 1.59
* Temperature SN = 5509
* Conductivity SN = 5509
* System UpLoad Time = May 13 2025 15:26:35
* ds
* SBE37-SM V 2.6b  SERIAL NO. 5509    13 May 2025  15:26:50
*END*
[from data line 22559]
 11.8544, 4.05545,  272.604,  35.5617, 29 Nov 2024, 15:20:02
 11.8506, 4.05484,  272.480,  35.5594, 29 Nov 2024, 15:30:02
 11.8544, 4.05566,  271.986,  35.5640, 29 Nov 2024, 15:40:02
 11.8441, 4.05419,  271.491,  35.5596, 29 Nov 2024, 15:50:02
 11.7995, 4.05009,  270.873,  35.5623, 29 Nov 2024, 16:00:02
 11.7772, 4.04707,  270.132,  35.5543, 29 Nov 2024, 16:10:02
 11.8048, 4.04951,  269.390,  35.5522, 29 Nov 2024, 16:20:02
 11.7873, 4.04756,  268.402,  35.5502, 29 Nov 2024, 16:30:02
 11.7494, 4.04328,  267.289,  35.5449, 29 Nov 2024, 16:40:02
 11.7489, 4.04310,  265.683,  35.5443, 29 Nov 2024, 16:50:02
 11.7747, 4.04646,  263.705,  35.5535, 29 Nov 2024, 17:00:02
 11.8030, 4.04939,  261.357,  35.5563, 29 Nov 2024, 17:10:02
 11.8832, 4.05825,  259.256,  35.5675, 29 Nov 2024, 17:20:02
 11.8969, 4.05967,  257.155,  35.5692, 29 Nov 2024, 17:30:02
 11.9275, 4.06309,  255.177,  35.5744, 29 Nov 2024, 17:40:02
 11.9323, 4.06344,  253.200,  35.5741, 29 Nov 2024, 17:50:02
 11.9488, 4.06533,  251.223,  35.5777, 29 Nov 2024, 18:00:02
 11.9443, 4.06486,  249.369,  35.5782, 29 Nov 2024, 18:10:02
 11.9074, 4.06069,  247.268,  35.5736, 29 Nov 2024, 18:20:02
 11.8901, 4.05841,  245.661,  35.5685, 29 Nov 2024, 18:30:02
 11.8698, 4.05634,  244.178,  35.5682, 29 Nov 2024, 18:40:02
 11.8458, 4.05338,  243.066,  35.5626, 29 Nov 2024, 18:50:02
 11.8402, 4.05263,  242.077,  35.5610, 29 Nov 2024, 19:00:02
 11.8654, 4.05533,  241.212,  35.5638, 29 Nov 2024, 19:10:02
 11.8400, 4.05249,  240.470,  35.5605, 29 Nov 2024, 19:20:02
 11.8619, 4.05498,  239.852,  35.5643, 29 Nov 2024, 19:30:02
 11.8828, 4.05705,  239.234,  35.5649, 29 Nov 2024, 19:40:02
 11.8570, 4.05435,  238.740,  35.5633, 29 Nov 2024, 19:50:02
 11.8294, 4.05127,  238.369,  35.5596, 29 Nov 2024, 20:00:02
 11.8862, 4.05744,  237.999,  35.5660, 29 Nov 2024, 20:10:02
 11.8563, 4.05392,  237.628,  35.5603, 29 Nov 2024, 20:20:02
 11.8597, 4.05524,  237.381,  35.5701, 29 Nov 2024, 20:30:02
 11.9083, 4.05998,  237.133,  35.5702, 29 Nov 2024, 20:40:02
 11.8969, 4.05878,  237.133,  35.5693, 29 Nov 2024, 20:50:02
 11.8772, 4.05628,  236.763,  35.5638, 29 Nov 2024, 21:00:02
 11.8945, 4.05773,  236.515,  35.5616, 29 Nov 2024, 21:10:02
 11.9316, 4.06252,  236.639,  35.5731, 29 Nov 2024, 21:20:02
 11.9271, 4.06224,  236.763,  35.5746, 29 Nov 2024, 21:30:01
 11.9307, 4.06252,  237.010,  35.5738, 29 Nov 2024, 21:40:01
 11.9605, 4.06609,  237.381,  35.5801, 29 Nov 2024, 21:50:01
 12.0098, 4.07167,  237.628,  35.5875, 29 Nov 2024, 22:00:01
 12.0021, 4.07088,  237.999,  35.5870, 29 Nov 2024, 22:10:01
 12.0028, 4.07103,  238.122,  35.5877, 29 Nov 2024, 22:20:01
 11.9996, 4.07067,  238.493,  35.5871, 29 Nov 2024, 22:30:01
 11.9865, 4.06923,  239.111,  35.5853, 29 Nov 2024, 22:40:01
 11.9575, 4.06525,  239.852,  35.5736, 29 Nov 2024, 22:50:01
 11.9443, 4.06436,  240.841,  35.5771, 29 Nov 2024, 23:00:01
 11.9007, 4.05931,  241.706,  35.5689, 29 Nov 2024, 23:10:01
 11.8705, 4.05556,  242.448,  35.5606, 29 Nov 2024, 23:20:01
 11.8448, 4.05277,  243.437,  35.5574, 29 Nov 2024, 23:30:01
 11.7844, 4.04602,  244.425,  35.5484, 29 Nov 2024, 23:40:01
 11.7883, 4.04633,  245.785,  35.5471, 29 Nov 2024, 23:50:01
 11.8512, 4.05353,  247.268,  35.5571, 30 Nov 2024, 00:00:01
 11.8215, 4.05028,  249.245,  35.5527, 30 Nov 2024, 00:10:01
 11.7455, 4.04208,  251.470,  35.5438, 30 Nov 2024, 00:20:01
 11.7367, 4.04080,  254.065,  35.5385, 30 Nov 2024, 00:30:01
 11.7099, 4.03796,  256.661,  35.5350, 30 Nov 2024, 00:40:01
 11.6931, 4.03617,  259.380,  35.5323, 30 Nov 2024, 00:50:01
 11.6792, 4.03452,  261.728,  35.5283, 30 Nov 2024, 01:00:01
 11.6512, 4.03164,  264.941,  35.5253, 30 Nov 2024, 01:10:01
 11.6754, 4.03596,  267.907,  35.5434, 30 Nov 2024, 01:20:01
 11.6003, 4.02647,  271.615,  35.5201, 30 Nov 2024, 01:30:01
 11.5962, 4.02618,  274.952,  35.5197, 30 Nov 2024, 01:40:01
 11.6373, 4.03164,  278.289,  35.5327, 30 Nov 2024, 01:50:01
 11.6399, 4.03203,  281.873,  35.5325, 30 Nov 2024, 02:00:01
 11.6361, 4.03189,  284.715,  35.5335, 30 Nov 2024, 02:10:01
 11.6324, 4.03137,  287.434,  35.5307, 30 Nov 2024, 02:20:01
 11.6566, 4.03371,  289.783,  35.5295, 30 Nov 2024, 02:30:01
 11.6641, 4.03512,  292.131,  35.5352, 30 Nov 2024, 02:40:01
 11.6694, 4.03531,  294.108,  35.5311, 30 Nov 2024, 02:50:01
 11.6196, 4.02962,  295.715,  35.5221, 30 Nov 2024, 03:00:01
 11.5673, 4.02382,  296.951,  35.5144, 30 Nov 2024, 03:10:01
 11.5481, 4.02149,  298.310,  35.5092, 30 Nov 2024, 03:20:01
 11.5644, 4.02315,  298.805,  35.5097, 30 Nov 2024, 03:30:01
 11.5552, 4.02237,  298.928,  35.5108, 30 Nov 2024, 03:40:01
 11.5940, 4.02660,  298.805,  35.5154, 30 Nov 2024, 03:50:01
 11.6299, 4.03079,  297.816,  35.5228, 30 Nov 2024, 04:00:01
 11.6177, 4.02973,  296.333,  35.5247, 30 Nov 2024, 04:10:01
 11.6455, 4.03182,  294.602,  35.5194, 30 Nov 2024, 04:20:01
 11.6211, 4.02979,  292.872,  35.5235, 30 Nov 2024, 04:30:01
 11.5985, 4.02714,  291.018,  35.5199, 30 Nov 2024, 04:40:01
 11.5963, 4.02674,  288.423,  35.5192, 30 Nov 2024, 04:50:01
 11.6592, 4.03355,  285.086,  35.5275, 30 Nov 2024, 05:00:01
 11.6877, 4.03677,  281.502,  35.5336, 30 Nov 2024, 05:10:01
 11.6979, 4.03766,  277.671,  35.5343, 30 Nov 2024, 05:20:01
 11.7684, 4.04540,  273.592,  35.5448, 30 Nov 2024, 05:30:01
 11.7808, 4.04672,  269.390,  35.5477, 30 Nov 2024, 05:40:01
 11.8113, 4.04991,  266.177,  35.5513, 30 Nov 2024, 05:50:01
 11.8141, 4.05022,  263.087,  35.5530, 30 Nov 2024, 06:00:01
 11.7844, 4.04672,  260.368,  35.5483, 30 Nov 2024, 06:10:01
 11.8133, 4.05021,  257.649,  35.5561, 30 Nov 2024, 06:20:01
 11.8209, 4.05084,  255.054,  35.5562, 30 Nov 2024, 06:30:01
 11.7928, 4.04734,  252.582,  35.5498, 30 Nov 2024, 06:40:01
 11.8044, 4.04825,  250.234,  35.5486, 30 Nov 2024, 06:50:01
 11.8192, 4.05011,  248.133,  35.5537, 30 Nov 2024, 07:00:01
 11.8577, 4.05449,  246.279,  35.5607, 30 Nov 2024, 07:10:01
 11.8794, 4.05647,  244.796,  35.5600, 30 Nov 2024, 07:20:01
 11.9252, 4.06217,  243.313,  35.5728, 30 Nov 2024, 07:30:01
 11.9708, 4.06673,  241.953,  35.5745, 30 Nov 2024, 07:40:01
 11.9854, 4.06884,  241.088,  35.5816, 30 Nov 2024, 07:50:01
 12.0035, 4.07099,  240.470,  35.5856, 30 Nov 2024, 08:00:01
 11.9929, 4.06967,  239.852,  35.5831, 30 Nov 2024, 08:10:01
 11.9988, 4.07106,  239.358,  35.5913, 30 Nov 2024, 08:20:01
 11.9672, 4.06689,  238.740,  35.5809, 30 Nov 2024, 08:30:01
 11.9504, 4.06505,  238.864,  35.5789, 30 Nov 2024, 08:40:01
 11.9333, 4.06258,  238.369,  35.5713, 30 Nov 2024, 08:50:01
 11.9123, 4.06035,  238.246,  35.5695, 30 Nov 2024, 09:00:01
 12.0032, 4.07078,  237.875,  35.5850, 30 Nov 2024, 09:10:01
 11.9792, 4.06820,  238.122,  35.5826, 30 Nov 2024, 09:20:01
 11.9746, 4.06747,  238.493,  35.5797, 30 Nov 2024, 09:30:01
 11.9685, 4.06658,  238.740,  35.5767, 30 Nov 2024, 09:40:01
 11.9388, 4.06345,  238.740,  35.5744, 30 Nov 2024, 09:50:01
 11.9048, 4.05972,  238.740,  35.5703, 30 Nov 2024, 10:00:01
 11.9254, 4.06205,  238.864,  35.5734, 30 Nov 2024, 10:10:01
 11.9117, 4.06038,  239.111,  35.5700, 30 Nov 2024, 10:20:01
 11.8798, 4.05705,  239.852,  35.5675, 30 Nov 2024, 10:30:01
 11.8557, 4.05410,  240.594,  35.5613, 30 Nov 2024, 10:40:01
 11.7950, 4.04755,  241.336,  35.5547, 30 Nov 2024, 10:50:01
 11.7889, 4.04649,  242.201,  35.5497, 30 Nov 2024, 11:00:01
 11.7676, 4.04431,  243.066,  35.5483, 30 Nov 2024, 11:10:01
 11.8397, 4.05209,  243.684,  35.5555, 30 Nov 2024, 11:20:01
 11.8568, 4.05425,  244.672,  35.5599, 30 Nov 2024, 11:30:01
 11.8560, 4.05530,  245.908,  35.5704, 30 Nov 2024, 11:40:01
 11.8233, 4.05074,  247.268,  35.5563, 30 Nov 2024, 11:50:01
 11.7765, 4.04567,  248.751,  35.5506, 30 Nov 2024, 12:00:01
 11.7873, 4.04673,  250.234,  35.5501, 30 Nov 2024, 12:10:01
 11.8447, 4.05311,  252.211,  35.5570, 30 Nov 2024, 12:20:01
 11.7774, 4.04593,  254.436,  35.5498, 30 Nov 2024, 12:30:01
 11.7488, 4.04288,  257.031,  35.5460, 30 Nov 2024, 12:40:01
 11.7472, 4.04274,  259.380,  35.5451, 30 Nov 2024, 12:50:01
 11.7596, 4.04430,  262.098,  35.5474, 30 Nov 2024, 13:00:01
 11.7326, 4.04105,  265.188,  35.5399, 30 Nov 2024, 13:10:01
 11.7344, 4.04138,  268.154,  35.5401, 30 Nov 2024, 13:20:01
 11.7585, 4.04440,  271.862,  35.5452, 30 Nov 2024, 13:30:01
 11.7362, 4.04200,  274.828,  35.5416, 30 Nov 2024, 13:40:01
 11.6513, 4.03269,  278.041,  35.5298, 30 Nov 2024, 13:50:01
 11.5824, 4.02396,  280.143,  35.5087, 30 Nov 2024, 14:00:01
 11.5395, 4.01935,  283.109,  35.5030, 30 Nov 2024, 14:10:01
 11.5220, 4.01775,  286.816,  35.5023, 30 Nov 2024, 14:20:01
 11.5289, 4.01820,  290.030,  35.4987, 30 Nov 2024, 14:30:01
 11.4932, 4.01441,  292.502,  35.4944, 30 Nov 2024, 14:40:01
 11.5169, 4.01701,  294.726,  35.4964, 30 Nov 2024, 14:50:01
 11.5223, 4.01757,  296.580,  35.4959, 30 Nov 2024, 15:00:01
 11.5335, 4.01922,  298.310,  35.5007, 30 Nov 2024, 15:10:01
 11.4575, 4.01064,  299.917,  35.4881, 30 Nov 2024, 15:20:01
 11.4558, 4.01042,  301.029,  35.4870, 30 Nov 2024, 15:30:01
 11.4552, 4.01024,  301.400,  35.4857, 30 Nov 2024, 15:40:01
 11.4757, 4.01301,  301.523,  35.4933, 30 Nov 2024, 15:50:01
 11.4558, 4.01064,  301.771,  35.4889, 30 Nov 2024, 16:00:01
 11.4707, 4.01232,  301.400,  35.4914, 30 Nov 2024, 16:10:01
 11.4218, 4.00689,  301.029,  35.4847, 30 Nov 2024, 16:20:01
 11.5044, 4.01554,  299.793,  35.4916, 30 Nov 2024, 16:30:01
 11.4957, 4.01496,  298.310,  35.4949, 30 Nov 2024, 16:40:01
 11.4876, 4.01404,  296.333,  35.4944, 30 Nov 2024, 16:50:01
 11.5227, 4.01775,  294.232,  35.4984, 30 Nov 2024, 17:00:01
 11.5194, 4.01718,  291.884,  35.4969, 30 Nov 2024, 17:10:01
 11.5504, 4.02082,  289.412,  35.5043, 30 Nov 2024, 17:20:01
 11.5998, 4.02604,  286.322,  35.5099, 30 Nov 2024, 17:30:01
 11.6274, 4.02920,  282.861,  35.5161, 30 Nov 2024, 17:40:01
 11.6613, 4.03326,  279.154,  35.5253, 30 Nov 2024, 17:50:01
 11.7672, 4.04540,  275.570,  35.5450, 30 Nov 2024, 18:00:01
 11.8227, 4.05148,  272.356,  35.5531, 30 Nov 2024, 18:10:01
 11.8191, 4.05123,  269.019,  35.5556, 30 Nov 2024, 18:20:01
 11.8147, 4.05008,  265.188,  35.5502, 30 Nov 2024, 18:30:01
 11.8229, 4.05090,  262.098,  35.5517, 30 Nov 2024, 18:40:01
 11.8573, 4.05488,  259.132,  35.5592, 30 Nov 2024, 18:50:01
 11.7937, 4.04762,  256.413,  35.5499, 30 Nov 2024, 19:00:01
 11.7909, 4.04706,  253.447,  35.5484, 30 Nov 2024, 19:10:01
 11.8117, 4.04945,  251.099,  35.5531, 30 Nov 2024, 19:20:01
 11.8200, 4.04998,  248.874,  35.5513, 30 Nov 2024, 19:30:01
 11.8069, 4.04865,  246.773,  35.5517, 30 Nov 2024, 19:40:01
 11.8058, 4.04841,  244.920,  35.5512, 30 Nov 2024, 19:50:01
 11.8351, 4.05162,  243.066,  35.5555, 30 Nov 2024, 20:00:01
 11.8425, 4.05228,  241.706,  35.5555, 30 Nov 2024, 20:10:01
 11.8704, 4.05555,  240.470,  35.5615, 30 Nov 2024, 20:20:01
 11.8964, 4.05680,  239.482,  35.5494, 30 Nov 2024, 20:30:01
 11.8922, 4.05778,  238.617,  35.5634, 30 Nov 2024, 20:40:01
 11.9331, 4.06249,  237.875,  35.5708, 30 Nov 2024, 20:50:01
 11.9414, 4.06356,  237.504,  35.5735, 30 Nov 2024, 21:00:01
 11.9565, 4.06515,  237.257,  35.5748, 30 Nov 2024, 21:10:01
 11.9430, 4.06361,  236.886,  35.5727, 30 Nov 2024, 21:20:01
 11.9162, 4.06119,  237.010,  35.5746, 30 Nov 2024, 21:30:01
 11.8761, 4.05619,  237.010,  35.5639, 30 Nov 2024, 21:40:01
 11.8495, 4.05328,  237.257,  35.5606, 30 Nov 2024, 21:50:01
 11.8540, 4.05307,  237.381,  35.5542, 30 Nov 2024, 22:00:01
 11.8536, 4.05347,  237.628,  35.5584, 30 Nov 2024, 22:10:01
 11.8587, 4.05420,  237.751,  35.5607, 30 Nov 2024, 22:20:01
 11.8991, 4.05856,  237.875,  35.5648, 30 Nov 2024, 22:30:01
 11.9341, 4.06231,  237.875,  35.5681, 30 Nov 2024, 22:40:01
 11.9401, 4.06337,  238.122,  35.5726, 30 Nov 2024, 22:50:01
 11.9275, 4.06199,  238.617,  35.5709, 30 Nov 2024, 23:00:01
 11.9162, 4.06071,  239.358,  35.5688, 30 Nov 2024, 23:10:01
 11.8959, 4.05855,  240.223,  35.5667, 30 Nov 2024, 23:20:01
 11.8871, 4.05755,  241.459,  35.5647, 30 Nov 2024, 23:30:01
 11.8412, 4.05222,  242.819,  35.5557, 30 Nov 2024, 23:40:01
 11.8146, 4.04915,  243.807,  35.5506, 30 Nov 2024, 23:50:01
 11.8082, 4.04858,  245.043,  35.5505, 01 Dec 2024, 00:00:01
 11.7845, 4.04624,  246.650,  35.5495, 01 Dec 2024, 00:10:01
 11.7940, 4.04698,  248.256,  35.5470, 01 Dec 2024, 00:20:01
 11.8447, 4.05295,  250.357,  35.5562, 01 Dec 2024, 00:30:01
 11.8404, 4.05255,  252.582,  35.5554, 01 Dec 2024, 00:40:01
 11.8404, 4.05232,  255.301,  35.5520, 01 Dec 2024, 00:50:01
 11.8326, 4.05186,  257.896,  35.5538, 01 Dec 2024, 01:00:01
 11.7804, 4.04614,  260.615,  35.5463, 01 Dec 2024, 01:10:01
 11.7829, 4.04673,  263.334,  35.5485, 01 Dec 2024, 01:20:01
 11.7699, 4.04523,  266.671,  35.5447, 01 Dec 2024, 01:30:01
 11.7289, 4.04095,  270.255,  35.5403, 01 Dec 2024, 01:40:01
 11.6857, 4.03634,  273.963,  35.5346, 01 Dec 2024, 01:50:01
 11.5628, 4.02256,  277.794,  35.5147, 01 Dec 2024, 02:00:01
 11.5406, 4.01924,  281.502,  35.5016, 01 Dec 2024, 02:10:01
 11.5206, 4.01726,  285.457,  35.4994, 01 Dec 2024, 02:20:01
 11.5120, 4.01655,  289.288,  35.4990, 01 Dec 2024, 02:30:01
 11.5029, 4.01573,  293.490,  35.4977, 01 Dec 2024, 02:40:01
 11.5224, 4.01849,  297.816,  35.5044, 01 Dec 2024, 02:50:01
 11.5214, 4.01888,  302.265,  35.5072, 01 Dec 2024, 03:00:01
 11.5449, 4.02156,  306.343,  35.5094, 01 Dec 2024, 03:10:01
 11.5244, 4.01934,  309.804,  35.5056, 01 Dec 2024, 03:20:01
 11.4344, 4.00990,  313.017,  35.4971, 01 Dec 2024, 03:30:01
 11.5092, 4.01844,  315.736,  35.5086, 01 Dec 2024, 03:40:01
 11.5500, 4.02368,  317.590,  35.5205, 01 Dec 2024, 03:50:01
 11.5192, 4.02044,  318.455,  35.5176, 01 Dec 2024, 04:00:01
 11.5026, 4.01829,  318.826,  35.5121, 01 Dec 2024, 04:10:01
 11.4792, 4.01585,  318.702,  35.5105, 01 Dec 2024, 04:20:01
 11.4816, 4.01611,  318.085,  35.5110, 01 Dec 2024, 04:30:01
 11.4858, 4.01626,  315.736,  35.5095, 01 Dec 2024, 04:40:01
 11.5333, 4.02151,  313.388,  35.5169, 01 Dec 2024, 04:50:01
 11.5607, 4.02439,  310.669,  35.5203, 01 Dec 2024, 05:00:01
 11.5955, 4.02809,  307.332,  35.5249, 01 Dec 2024, 05:10:01
 11.6041, 4.02892,  303.625,  35.5265, 01 Dec 2024, 05:20:01
 11.6317, 4.03173,  299.670,  35.5295, 01 Dec 2024, 05:30:01
 11.6420, 4.03287,  295.962,  35.5325, 01 Dec 2024, 05:40:01
 11.6587, 4.03430,  291.636,  35.5325, 01 Dec 2024, 05:50:01
 11.6528, 4.03394,  286.940,  35.5367, 01 Dec 2024, 06:00:01
 11.6555, 4.03372,  281.996,  35.5341, 01 Dec 2024, 06:10:01
 11.6816, 4.03638,  277.300,  35.5374, 01 Dec 2024, 06:20:01
 11.6936, 4.03740,  272.851,  35.5380, 01 Dec 2024, 06:30:01
 11.6942, 4.03749,  268.031,  35.5404, 01 Dec 2024, 06:40:01
 11.7186, 4.04005,  263.211,  35.5444, 01 Dec 2024, 06:50:01
 11.7155, 4.03942,  258.885,  35.5430, 01 Dec 2024, 07:00:01
 11.7651, 4.04431,  254.807,  35.5455, 01 Dec 2024, 07:10:01
 11.8424, 4.05332,  251.593,  35.5615, 01 Dec 2024, 07:20:01
 11.8217, 4.05013,  248.874,  35.5512, 01 Dec 2024, 07:30:01
 11.8173, 4.04999,  246.526,  35.5550, 01 Dec 2024, 07:40:01
 11.8551, 4.05416,  244.302,  35.5608, 01 Dec 2024, 07:50:01
 11.8540, 4.05400,  242.324,  35.5612, 01 Dec 2024, 08:00:01
 11.8976, 4.05859,  240.594,  35.5653, 01 Dec 2024, 08:10:01
 11.8668, 4.05547,  239.482,  35.5646, 01 Dec 2024, 08:20:01
 11.8442, 4.05275,  238.369,  35.5600, 01 Dec 2024, 08:30:01
 11.8305, 4.05129,  237.257,  35.5593, 01 Dec 2024, 08:40:01
 11.8293, 4.05122,  236.639,  35.5600, 01 Dec 2024, 08:50:01
 11.8485, 4.05337,  236.145,  35.5630, 01 Dec 2024, 09:00:01
 11.7962, 4.04730,  235.650,  35.5536, 01 Dec 2024, 09:10:01
 11.8270, 4.05068,  235.527,  35.5574, 01 Dec 2024, 09:20:01
 11.7956, 4.04750,  235.403,  35.5562, 01 Dec 2024, 09:30:01
 11.7791, 4.04544,  235.280,  35.5518, 01 Dec 2024, 09:40:01
 11.8435, 4.05231,  235.280,  35.5577, 01 Dec 2024, 09:50:01
 11.8492, 4.05300,  235.280,  35.5590, 01 Dec 2024, 10:00:01
 11.8243, 4.05061,  235.403,  35.5593, 01 Dec 2024, 10:10:01
 11.7948, 4.04697,  235.527,  35.5517, 01 Dec 2024, 10:20:01
 11.7785, 4.04483,  235.527,  35.5463, 01 Dec 2024, 10:30:01
 11.7804, 4.04563,  235.774,  35.5522, 01 Dec 2024, 10:40:01
 11.8105, 4.04892,  236.021,  35.5557, 01 Dec 2024, 10:50:01
