odissea/data/moor/raw/ce25007/microcat/5509_data.asc
* Sea-Bird SBE37 Data File:
* FileName = C:\CE25007_recovery_data\5509_data.asc
* Software Version 1.59
* Temperature SN = 5509
* Conductivity SN = 5509
* System UpLoad Time = May 13 2025 15:26:35
* ds
* SBE37-SM V 2.6b  SERIAL NO. 5509    13 May 2025  15:26:50
*END*
[from data line 36461]
 11.3611, 3.99848,  234.662,  35.4892, 06 Mar 2025, 04:20:01
 11.3617, 3.99857,  234.167,  35.4897, 06 Mar 2025, 04:30:01
 11.3624, 3.99860,  233.920,  35.4894, 06 Mar 2025, 04:40:01
 11.3640, 3.99877,  233.673,  35.4897, 06 Mar 2025, 04:50:01
 11.3694, 3.99941,  233.673,  35.4908, 06 Mar 2025, 05:00:01
 11.3665, 3.99926,  233.797,  35.4921, 06 Mar 2025, 05:10:01
 11.3649, 3.99888,  234.044,  35.4897, 06 Mar 2025, 05:20:01
 11.3605, 3.99862,  233.920,  35.4914, 06 Mar 2025, 05:30:01
 11.3810, 4.00061,  233.797,  35.4915, 06 Mar 2025, 05:40:01
 11.3779, 4.00048,  233.426,  35.4934, 06 Mar 2025, 05:50:01
 11.3816, 4.00066,  233.055,  35.4918, 06 Mar 2025, 06:00:01
 11.3776, 4.00041,  233.055,  35.4932, 06 Mar 2025, 06:10:01
 11.3772, 4.00044,  233.179,  35.4938, 06 Mar 2025, 06:20:01
 11.3857, 4.00121,  233.302,  35.4932, 06 Mar 2025, 06:30:01
 11.3944, 4.00212,  233.302,  35.4939, 06 Mar 2025, 06:40:01
 11.3917, 4.00200,  233.302,  35.4953, 06 Mar 2025, 06:50:01
 11.3788, 4.00021,  233.426,  35.4899, 06 Mar 2025, 07:00:01
 11.3852, 4.00120,  233.302,  35.4936, 06 Mar 2025, 07:10:01
 11.3745, 3.99987,  233.302,  35.4907, 06 Mar 2025, 07:20:01
 11.3727, 3.99973,  233.426,  35.4910, 06 Mar 2025, 07:30:01
 11.3730, 3.99974,  233.673,  35.4907, 06 Mar 2025, 07:40:01
 11.3726, 3.99976,  233.797,  35.4912, 06 Mar 2025, 07:50:01
 11.3737, 3.99984,  233.920,  35.4909, 06 Mar 2025, 08:00:01
 11.3710, 3.99951,  234.044,  35.4901, 06 Mar 2025, 08:10:01
 11.3645, 3.99860,  234.167,  35.4873, 06 Mar 2025, 08:20:01
 11.3613, 3.99827,  234.538,  35.4869, 06 Mar 2025, 08:30:01
 11.3604, 3.99803,  234.909,  35.4853, 06 Mar 2025, 08:40:01
 11.3645, 3.99882,  235.403,  35.4889, 06 Mar 2025, 08:50:01
 11.3766, 3.99989,  235.403,  35.4879, 06 Mar 2025, 09:00:01
 11.3843, 4.00113,  235.774,  35.4926, 06 Mar 2025, 09:10:01
 11.3856, 4.00135,  236.021,  35.4935, 06 Mar 2025, 09:20:01
 11.3847, 4.00128,  236.145,  35.4936, 06 Mar 2025, 09:30:01
 11.3691, 3.99970,  236.145,  35.4929, 06 Mar 2025, 09:40:01
 11.3627, 3.99908,  236.268,  35.4929, 06 Mar 2025, 09:50:01
 11.3666, 3.99915,  236.639,  35.4896, 06 Mar 2025, 10:00:01
 11.3723, 3.99995,  236.886,  35.4920, 06 Mar 2025, 10:10:01
 11.3687, 3.99959,  236.886,  35.4919, 06 Mar 2025, 10:20:01
 11.3717, 4.00011,  236.886,  35.4941, 06 Mar 2025, 10:30:01
 11.3763, 4.00065,  236.763,  35.4951, 06 Mar 2025, 10:40:01
 11.3767, 4.00068,  236.886,  35.4950, 06 Mar 2025, 10:50:01
 11.3784, 4.00088,  237.010,  35.4953, 06 Mar 2025, 11:00:01
 11.3810, 4.00119,  237.010,  35.4959, 06 Mar 2025, 11:10:01
 11.3843, 4.00156,  237.133,  35.4963, 06 Mar 2025, 11:20:01
 11.3922, 4.00229,  237.381,  35.4958, 06 Mar 2025, 11:30:01
 11.3944, 4.00262,  237.628,  35.4969, 06 Mar 2025, 11:40:01
 11.3939, 4.00252,  237.875,  35.4963, 06 Mar 2025, 11:50:01
 11.3941, 4.00253,  238.122,  35.4961, 06 Mar 2025, 12:00:01
 11.3936, 4.00253,  238.246,  35.4965, 06 Mar 2025, 12:10:01
 11.3976, 4.00278,  238.493,  35.4950, 06 Mar 2025, 12:20:01
 11.3948, 4.00262,  238.617,  35.4961, 06 Mar 2025, 12:30:01
 11.3902, 4.00200,  238.740,  35.4943, 06 Mar 2025, 12:40:01
 11.3927, 4.00229,  238.987,  35.4946, 06 Mar 2025, 12:50:01
 11.3946, 4.00259,  239.111,  35.4957, 06 Mar 2025, 13:00:01
 11.4053, 4.00362,  239.358,  35.4956, 06 Mar 2025, 13:10:01
 11.4031, 4.00339,  239.605,  35.4953, 06 Mar 2025, 13:20:01
 11.3994, 4.00317,  239.605,  35.4967, 06 Mar 2025, 13:30:01
 11.4028, 4.00343,  239.605,  35.4960, 06 Mar 2025, 13:40:01
 11.3993, 4.00309,  239.605,  35.4960, 06 Mar 2025, 13:50:01
 11.3966, 4.00287,  239.482,  35.4964, 06 Mar 2025, 14:00:01
 11.3855, 4.00178,  239.234,  35.4964, 06 Mar 2025, 14:10:01
 11.3854, 4.00165,  238.987,  35.4953, 06 Mar 2025, 14:20:01
 11.3837, 4.00150,  238.740,  35.4956, 06 Mar 2025, 14:30:01
 11.3839, 4.00138,  238.493,  35.4943, 06 Mar 2025, 14:40:01
 11.3844, 4.00156,  238.369,  35.4957, 06 Mar 2025, 14:50:01
 11.3847, 4.00164,  237.999,  35.4963, 06 Mar 2025, 15:00:01
 11.3862, 4.00172,  237.628,  35.4958, 06 Mar 2025, 15:10:01
 11.3857, 4.00165,  237.133,  35.4958, 06 Mar 2025, 15:20:01
 11.3857, 4.00173,  236.763,  35.4968, 06 Mar 2025, 15:30:01
 11.3861, 4.00171,  236.515,  35.4963, 06 Mar 2025, 15:40:01
 11.3857, 4.00168,  236.145,  35.4966, 06 Mar 2025, 15:50:01
 11.3845, 4.00150,  235.898,  35.4961, 06 Mar 2025, 16:00:01
 11.3883, 4.00176,  235.527,  35.4952, 06 Mar 2025, 16:10:01
 11.3899, 4.00200,  235.403,  35.4961, 06 Mar 2025, 16:20:01
 11.3919, 4.00209,  235.032,  35.4952, 06 Mar 2025, 16:30:01
 11.3907, 4.00201,  234.785,  35.4957, 06 Mar 2025, 16:40:01
 11.3867, 4.00160,  234.414,  35.4956, 06 Mar 2025, 16:50:01
 11.3825, 4.00116,  234.167,  35.4954, 06 Mar 2025, 17:00:01
 11.3842, 4.00140,  233.920,  35.4962, 06 Mar 2025, 17:10:01
 11.3842, 4.00140,  233.673,  35.4964, 06 Mar 2025, 17:20:01
 11.3857, 4.00153,  233.549,  35.4963, 06 Mar 2025, 17:30:01
 11.3866, 4.00161,  233.426,  35.4962, 06 Mar 2025, 17:40:01
 11.3847, 4.00142,  233.179,  35.4963, 06 Mar 2025, 17:50:01
 11.3930, 4.00230,  233.055,  35.4971, 06 Mar 2025, 18:00:01
 11.3951, 4.00241,  233.055,  35.4962, 06 Mar 2025, 18:10:01
 11.3946, 4.00252,  233.179,  35.4977, 06 Mar 2025, 18:20:01
 11.3996, 4.00256,  233.302,  35.4932, 06 Mar 2025, 18:30:01
 11.4284, 4.00532,  233.302,  35.4929, 06 Mar 2025, 18:40:01
 11.4222, 4.00499,  233.549,  35.4955, 06 Mar 2025, 18:50:01
 11.4230, 4.00503,  233.673,  35.4951, 06 Mar 2025, 19:00:01
 11.4193, 4.00473,  233.797,  35.4956, 06 Mar 2025, 19:10:01
 11.4236, 4.00501,  233.920,  35.4942, 06 Mar 2025, 19:20:01
 11.4329, 4.00592,  234.044,  35.4942, 06 Mar 2025, 19:30:01
 11.4363, 4.00642,  234.044,  35.4959, 06 Mar 2025, 19:40:01
 11.4366, 4.00641,  234.291,  35.4954, 06 Mar 2025, 19:50:01
 11.4361, 4.00647,  234.414,  35.4964, 06 Mar 2025, 20:00:01
 11.4427, 4.00724,  234.538,  35.4977, 06 Mar 2025, 20:10:01
 11.4609, 4.00951,  234.662,  35.5026, 06 Mar 2025, 20:20:01
 11.4713, 4.01153,  234.909,  35.5125, 06 Mar 2025, 20:30:01
 11.4519, 4.00903,  235.032,  35.5063, 06 Mar 2025, 20:40:01
 11.4498, 4.00835,  235.156,  35.5016, 06 Mar 2025, 20:50:01
 11.4676, 4.01009,  235.280,  35.5016, 06 Mar 2025, 21:00:01
 11.4904, 4.01300,  235.403,  35.5085, 06 Mar 2025, 21:10:01
 11.5094, 4.01525,  235.527,  35.5125, 06 Mar 2025, 21:20:01
 11.4531, 4.00725,  235.527,  35.4873, 06 Mar 2025, 21:30:01
 11.4067, 4.00118,  235.527,  35.4718, 06 Mar 2025, 21:40:01
 11.3616, 3.99629,  235.527,  35.4666, 06 Mar 2025, 21:50:01
 11.3875, 4.00169,  235.527,  35.4952, 06 Mar 2025, 22:00:01
 11.2908, 3.98882,  235.774,  35.4603, 06 Mar 2025, 22:10:01
 11.1597, 3.97030,  235.403,  35.4023, 06 Mar 2025, 22:20:01
 11.1150, 3.96648,  235.527,  35.4071, 06 Mar 2025, 22:30:01
 11.1546, 3.97095,  235.403,  35.4136, 06 Mar 2025, 22:40:01
 11.1789, 3.97345,  235.403,  35.4152, 06 Mar 2025, 22:50:01
 11.1923, 3.97520,  235.156,  35.4198, 06 Mar 2025, 23:00:01
 11.1750, 3.97283,  235.032,  35.4129, 06 Mar 2025, 23:10:01
 11.1940, 3.97530,  234.909,  35.4193, 06 Mar 2025, 23:20:01
 11.2020, 3.97692,  234.662,  35.4278, 06 Mar 2025, 23:30:01
 11.2251, 3.97877,  234.538,  35.4241, 06 Mar 2025, 23:40:01
 11.2177, 3.97850,  234.414,  35.4286, 06 Mar 2025, 23:50:01
 11.2201, 3.97849,  234.291,  35.4262, 07 Mar 2025, 00:00:01
 11.1781, 3.97340,  234.167,  35.4160, 07 Mar 2025, 00:10:01
 11.2046, 3.97628,  234.044,  35.4193, 07 Mar 2025, 00:20:01
 11.2869, 3.98691,  233.797,  35.4460, 07 Mar 2025, 00:30:01
 11.5216, 4.01381,  233.302,  35.4875, 07 Mar 2025, 00:40:01
 11.5388, 4.01742,  233.426,  35.5067, 07 Mar 2025, 00:50:01
 11.5889, 4.02275,  233.179,  35.5114, 07 Mar 2025, 01:00:01
 11.6032, 4.02417,  232.931,  35.5118, 07 Mar 2025, 01:10:01
 11.6390, 4.02881,  232.684,  35.5234, 07 Mar 2025, 01:20:01
 11.6087, 4.02657,  232.684,  35.5303, 07 Mar 2025, 01:30:01
 11.5558, 4.01922,  232.561,  35.5085, 07 Mar 2025, 01:40:02
 11.5438, 4.01740,  232.313,  35.5022, 07 Mar 2025, 01:50:02
 11.5304, 4.01610,  232.437,  35.5021, 07 Mar 2025, 02:00:02
 11.5697, 4.01992,  232.190,  35.5023, 07 Mar 2025, 02:10:02
 11.5846, 4.02217,  232.190,  35.5102, 07 Mar 2025, 02:20:02
 11.6181, 4.02614,  232.313,  35.5172, 07 Mar 2025, 02:30:02
 11.6791, 4.03381,  232.190,  35.5345, 07 Mar 2025, 02:40:02
 11.5724, 4.02269,  232.190,  35.5270, 07 Mar 2025, 02:50:02
 11.4285, 4.00364,  232.066,  35.4767, 07 Mar 2025, 03:00:02
 11.4440, 4.00737,  231.943,  35.4989, 07 Mar 2025, 03:10:02
 11.4795, 4.00959,  231.943,  35.4868, 07 Mar 2025, 03:20:02
 11.6311, 4.02549,  231.695,  35.4987, 07 Mar 2025, 03:30:02
 11.6294, 4.02666,  231.819,  35.5118, 07 Mar 2025, 03:40:02
 11.6331, 4.02801,  231.819,  35.5215, 07 Mar 2025, 03:50:02
 11.6823, 4.03326,  231.695,  35.5262, 07 Mar 2025, 04:00:02
 11.7017, 4.03617,  231.695,  35.5363, 07 Mar 2025, 04:10:02
 11.6692, 4.03242,  231.572,  35.5305, 07 Mar 2025, 04:20:02
 11.6924, 4.03438,  231.572,  35.5276, 07 Mar 2025, 04:30:02
 11.6855, 4.03393,  231.695,  35.5298, 07 Mar 2025, 04:40:02
 11.6067, 4.02575,  231.572,  35.5246, 07 Mar 2025, 04:50:02
 11.5897, 4.02550,  231.572,  35.5385, 07 Mar 2025, 05:00:02
 11.5305, 4.01535,  231.572,  35.4950, 07 Mar 2025, 05:10:02
 11.7063, 4.03189,  231.325,  35.4900, 07 Mar 2025, 05:20:02
 11.7057, 4.03626,  231.448,  35.5335, 07 Mar 2025, 05:30:02
 11.5088, 4.01415,  231.572,  35.5039, 07 Mar 2025, 05:40:02
 11.4908, 4.01071,  231.325,  35.4873, 07 Mar 2025, 05:50:02
 11.5569, 4.01840,  231.325,  35.4999, 07 Mar 2025, 06:00:02
 11.5617, 4.01866,  231.325,  35.4979, 07 Mar 2025, 06:10:02
 11.5651, 4.01999,  231.448,  35.5077, 07 Mar 2025, 06:20:02
 11.4855, 4.01088,  231.448,  35.4940, 07 Mar 2025, 06:30:02
 11.4825, 4.01010,  231.572,  35.4891, 07 Mar 2025, 06:40:02
 11.4875, 4.01044,  231.572,  35.4877, 07 Mar 2025, 06:50:02
 11.4836, 4.01026,  231.695,  35.4896, 07 Mar 2025, 07:00:02
 11.4759, 4.00921,  231.695,  35.4866, 07 Mar 2025, 07:10:02
 11.5157, 4.01254,  231.695,  35.4813, 07 Mar 2025, 07:20:02
 11.5030, 4.01287,  231.943,  35.4967, 07 Mar 2025, 07:30:02
 11.5519, 4.01747,  231.943,  35.4953, 07 Mar 2025, 07:40:02
 11.6956, 4.03545,  232.066,  35.5349, 07 Mar 2025, 07:50:02
 11.5985, 4.02549,  232.190,  35.5297, 07 Mar 2025, 08:00:02
 11.5239, 4.01667,  232.437,  35.5140, 07 Mar 2025, 08:10:02
 11.6827, 4.02902,  232.313,  35.4838, 07 Mar 2025, 08:20:02
 11.5289, 4.01970,  232.684,  35.5390, 07 Mar 2025, 08:30:02
 11.3041, 3.98806,  232.561,  35.4414, 07 Mar 2025, 08:40:02
 11.6409, 4.01682,  232.190,  35.4037, 07 Mar 2025, 08:50:02
 11.5704, 4.01741,  232.931,  35.4765, 07 Mar 2025, 09:00:02
 11.2901, 3.98534,  232.931,  35.4277, 07 Mar 2025, 09:10:02
 11.2855, 3.98444,  233.055,  35.4231, 07 Mar 2025, 09:20:02
 11.3016, 3.98965,  233.302,  35.4593, 07 Mar 2025, 09:30:02
 11.2729, 3.98277,  233.179,  35.4186, 07 Mar 2025, 09:40:02
 11.2788, 3.98353,  233.179,  35.4205, 07 Mar 2025, 09:50:02
 11.2767, 3.98333,  233.302,  35.4204, 07 Mar 2025, 10:00:02
 11.2723, 3.98271,  233.302,  35.4185, 07 Mar 2025, 10:10:02
 11.2667, 3.98187,  233.426,  35.4155, 07 Mar 2025, 10:20:02
 11.2721, 3.98264,  233.302,  35.4180, 07 Mar 2025, 10:30:02
 11.2659, 3.98263,  233.302,  35.4238, 07 Mar 2025, 10:40:02
 11.2605, 3.98128,  233.302,  35.4156, 07 Mar 2025, 10:50:02
 11.3703, 3.99415,  233.302,  35.4380, 07 Mar 2025, 11:00:02
 11.3973, 3.99940,  233.302,  35.4641, 07 Mar 2025, 11:10:02
 11.3594, 3.99276,  233.302,  35.4347, 07 Mar 2025, 11:20:02
 11.3710, 3.99557,  233.426,  35.4513, 07 Mar 2025, 11:30:02
 11.2652, 3.98221,  233.302,  35.4203, 07 Mar 2025, 11:40:02
 11.4955, 4.00806,  233.055,  35.4558, 07 Mar 2025, 11:50:02
 11.4767, 4.00739,  233.179,  35.4672, 07 Mar 2025, 12:00:02
 11.4839, 4.00801,  233.055,  35.4664, 07 Mar 2025, 12:10:02
 11.4767, 4.00754,  232.931,  35.4687, 07 Mar 2025, 12:20:02
 11.4419, 4.00364,  232.808,  35.4636, 07 Mar 2025, 12:30:02
 11.4125, 3.99987,  232.808,  35.4544, 07 Mar 2025, 12:40:02
 11.4932, 4.01132,  232.684,  35.4904, 07 Mar 2025, 12:50:02
 11.3832, 3.99645,  232.684,  35.4487, 07 Mar 2025, 13:00:02
 11.4741, 4.00508,  232.437,  35.4471, 07 Mar 2025, 13:10:02
 11.4116, 3.99985,  232.437,  35.4552, 07 Mar 2025, 13:20:02
 11.4105, 3.99945,  232.437,  35.4524, 07 Mar 2025, 13:30:02
 11.3935, 3.99837,  232.313,  35.4580, 07 Mar 2025, 13:40:02
 11.3815, 3.99830,  232.190,  35.4689, 07 Mar 2025, 13:50:02
 11.4274, 3.99579,  232.066,  35.4001, 07 Mar 2025, 14:00:02
 11.4841, 4.00831,  232.066,  35.4696, 07 Mar 2025, 14:10:02
 11.4393, 4.00299,  232.066,  35.4600, 07 Mar 2025, 14:20:02
 11.4039, 3.99927,  231.943,  35.4571, 07 Mar 2025, 14:30:02
 11.3807, 3.99545,  231.819,  35.4416, 07 Mar 2025, 14:40:02
 11.3641, 3.99345,  231.695,  35.4377, 07 Mar 2025, 14:50:02
 11.3993, 3.99691,  231.695,  35.4383, 07 Mar 2025, 15:00:02
 11.3946, 3.99610,  231.572,  35.4348, 07 Mar 2025, 15:10:02
 11.3845, 3.99607,  231.572,  35.4442, 07 Mar 2025, 15:20:02
 11.3793, 3.99525,  231.572,  35.4410, 07 Mar 2025, 15:30:02
 11.4164, 3.99864,  231.448,  35.4391, 07 Mar 2025, 15:40:02
 11.4331, 4.00518,  231.695,  35.4877, 07 Mar 2025, 15:50:02
 11.3960, 3.99694,  231.448,  35.4418, 07 Mar 2025, 16:00:02
 11.3851, 3.99519,  231.325,  35.4350, 07 Mar 2025, 16:10:02
 11.4005, 3.99798,  231.325,  35.4479, 07 Mar 2025, 16:20:02
 11.3841, 3.99827,  231.325,  35.4665, 07 Mar 2025, 16:30:02
 11.4597, 4.00318,  231.201,  35.4427, 07 Mar 2025, 16:40:02
 11.4230, 4.00059,  231.325,  35.4522, 07 Mar 2025, 16:50:02
 11.4444, 4.00223,  231.201,  35.4479, 07 Mar 2025, 17:00:02
 11.4163, 3.99983,  231.325,  35.4511, 07 Mar 2025, 17:10:02
 11.3625, 3.99334,  231.201,  35.4384, 07 Mar 2025, 17:20:02
 11.4127, 3.99642,  231.078,  35.4208, 07 Mar 2025, 17:30:02
 11.5496, 4.01589,  231.201,  35.4822, 07 Mar 2025, 17:40:02
 11.5453, 4.01559,  231.201,  35.4834, 07 Mar 2025, 17:50:02
 11.5615, 4.01743,  231.201,  35.4860, 07 Mar 2025, 18:00:02
 11.5570, 4.01667,  231.201,  35.4828, 07 Mar 2025, 18:10:02
 11.5630, 4.01732,  231.325,  35.4834, 07 Mar 2025, 18:20:02
 11.5750, 4.01838,  231.325,  35.4824, 07 Mar 2025, 18:30:02
 11.5693, 4.01789,  231.448,  35.4830, 07 Mar 2025, 18:40:02
 11.5627, 4.01748,  231.448,  35.4852, 07 Mar 2025, 18:50:02
 11.5593, 4.01667,  231.572,  35.4804, 07 Mar 2025, 19:00:02
 11.5658, 4.01743,  231.572,  35.4817, 07 Mar 2025, 19:10:02
 11.5529, 4.01643,  231.695,  35.4841, 07 Mar 2025, 19:20:02
 11.5462, 4.01522,  231.819,  35.4786, 07 Mar 2025, 19:30:02
 11.5461, 4.01522,  231.819,  35.4787, 07 Mar 2025, 19:40:02
 11.5540, 4.01601,  232.066,  35.4788, 07 Mar 2025, 19:50:02
 11.5501, 4.01559,  232.190,  35.4783, 07 Mar 2025, 20:00:02
 11.5585, 4.01597,  232.313,  35.4740, 07 Mar 2025, 20:10:02
 11.5563, 4.01656,  232.313,  35.4819, 07 Mar 2025, 20:20:02
 11.5757, 4.01885,  232.437,  35.4859, 07 Mar 2025, 20:30:02
 11.5712, 4.01839,  232.684,  35.4855, 07 Mar 2025, 20:40:02
 11.5602, 4.01701,  232.931,  35.4823, 07 Mar 2025, 20:50:02
 11.5645, 4.01742,  232.931,  35.4823, 07 Mar 2025, 21:00:02
 11.5689, 4.01781,  232.931,  35.4819, 07 Mar 2025, 21:10:02
 11.5667, 4.01770,  233.179,  35.4828, 07 Mar 2025, 21:20:02
 11.5750, 4.01876,  233.179,  35.4853, 07 Mar 2025, 21:30:02
 11.5840, 4.01943,  233.179,  35.4833, 07 Mar 2025, 21:40:02
 11.5949, 4.02094,  233.179,  35.4878, 07 Mar 2025, 21:50:02
 11.5940, 4.02107,  233.302,  35.4899, 07 Mar 2025, 22:00:02
 11.5991, 4.02156,  233.302,  35.4898, 07 Mar 2025, 22:10:02
 11.5993, 4.02149,  233.426,  35.4889, 07 Mar 2025, 22:20:02
 11.5973, 4.02142,  233.426,  35.4901, 07 Mar 2025, 22:30:02
 11.5966, 4.02126,  233.426,  35.4892, 07 Mar 2025, 22:40:02
 11.6034, 4.02164,  233.426,  35.4864, 07 Mar 2025, 22:50:02
 11.6039, 4.02208,  233.426,  35.4903, 07 Mar 2025, 23:00:02
 11.5962, 4.02102,  233.302,  35.4873, 07 Mar 2025, 23:10:02
 11.5947, 4.02090,  233.426,  35.4875, 07 Mar 2025, 23:20:02
 11.5916, 4.02061,  233.426,  35.4876, 07 Mar 2025, 23:30:02
 11.5840, 4.01972,  233.302,  35.4861, 07 Mar 2025, 23:40:02
