odissea/data/moor/raw/ce25007/microcat/5509_data.asc
* Sea-Bird SBE37 Data File:
* FileName = C:\CE25007_recovery_data\5509_data.asc
* Software Version 1.59
* Temperature SN = 5509
* Conductivity SN = 5509
* System UpLoad Time = May 13 2025 15:26:35
* ds
* SBE37-SM V 2.6b  SERIAL NO. 5509    13 May 2025  15:26:50
*END*
[from data line 32002]
 11.9757, 4.06833,  244.549,  35.5844, 03 Feb 2025, 05:10:02
 11.9769, 4.06854,  244.796,  35.5852, 03 Feb 2025, 05:20:02
 11.9787, 4.06889,  245.538,  35.5865, 03 Feb 2025, 05:30:02
 11.9788, 4.06893,  246.155,  35.5866, 03 Feb 2025, 05:40:02
 11.9790, 4.06899,  247.021,  35.5866, 03 Feb 2025, 05:50:02
 11.9748, 4.06856,  248.009,  35.5859, 03 Feb 2025, 06:00:02
 11.9594, 4.06678,  248.998,  35.5828, 03 Feb 2025, 06:10:02
 11.9726, 4.06836,  249.369,  35.5855, 03 Feb 2025, 06:20:02
 11.9706, 4.06786,  250.234,  35.5821, 03 Feb 2025, 06:30:02
 11.9708, 4.06795,  250.975,  35.5825, 03 Feb 2025, 06:40:02
 11.9072, 4.06029,  251.717,  35.5679, 03 Feb 2025, 06:50:02
 11.9492, 4.06611,  252.706,  35.5843, 03 Feb 2025, 07:00:02
 11.9550, 4.06624,  254.189,  35.5794, 03 Feb 2025, 07:10:02
 11.9302, 4.06353,  255.301,  35.5761, 03 Feb 2025, 07:20:02
 11.9406, 4.06477,  256.290,  35.5779, 03 Feb 2025, 07:30:02
 11.9444, 4.06549,  257.155,  35.5809, 03 Feb 2025, 07:40:02
 11.9334, 4.06401,  257.773,  35.5766, 03 Feb 2025, 07:50:02
 11.9680, 4.06795,  257.773,  35.5822, 03 Feb 2025, 08:00:02
 11.9202, 4.06327,  257.773,  35.5820, 03 Feb 2025, 08:10:02
 11.8987, 4.05859,  257.896,  35.5566, 03 Feb 2025, 08:20:02
 11.9623, 4.06754,  257.649,  35.5837, 03 Feb 2025, 08:30:02
 11.8936, 4.05808,  257.278,  35.5568, 03 Feb 2025, 08:40:02
 11.9393, 4.06324,  256.043,  35.5642, 03 Feb 2025, 08:50:02
 11.9146, 4.06104,  254.807,  35.5668, 03 Feb 2025, 09:00:02
 11.9060, 4.05998,  253.694,  35.5651, 03 Feb 2025, 09:10:02
 11.9009, 4.05970,  251.964,  35.5680, 03 Feb 2025, 09:20:02
 11.9093, 4.06036,  250.728,  35.5670, 03 Feb 2025, 09:30:02
 11.9065, 4.05991,  249.245,  35.5659, 03 Feb 2025, 09:40:02
 11.8822, 4.05648,  247.391,  35.5563, 03 Feb 2025, 09:50:02
 11.8911, 4.05775,  245.661,  35.5610, 03 Feb 2025, 10:00:02
 11.8958, 4.05810,  244.178,  35.5606, 03 Feb 2025, 10:10:02
 11.9212, 4.06026,  242.201,  35.5584, 03 Feb 2025, 10:20:02
 11.9473, 4.06389,  240.470,  35.5698, 03 Feb 2025, 10:30:02
 11.9540, 4.06559,  239.605,  35.5804, 03 Feb 2025, 10:40:02
 11.9768, 4.06787,  238.369,  35.5815, 03 Feb 2025, 10:50:02
 11.9727, 4.06741,  237.381,  35.5814, 03 Feb 2025, 11:00:02
 11.9573, 4.06529,  236.268,  35.5758, 03 Feb 2025, 11:10:02
 11.9562, 4.06495,  235.156,  35.5740, 03 Feb 2025, 11:20:02
 11.9614, 4.06560,  234.414,  35.5757, 03 Feb 2025, 11:30:02
 11.9458, 4.06356,  233.673,  35.5710, 03 Feb 2025, 11:40:02
 11.9612, 4.06564,  233.179,  35.5769, 03 Feb 2025, 11:50:02
 11.9483, 4.06410,  232.808,  35.5743, 03 Feb 2025, 12:00:02
 11.9410, 4.06279,  232.437,  35.5686, 03 Feb 2025, 12:10:02
 11.9228, 4.06129,  232.190,  35.5714, 03 Feb 2025, 12:20:02
 11.9478, 4.06377,  231.695,  35.5720, 03 Feb 2025, 12:30:02
 11.9448, 4.06343,  231.572,  35.5716, 03 Feb 2025, 12:40:02
 11.9542, 4.06389,  231.572,  35.5671, 03 Feb 2025, 12:50:02
 11.9677, 4.06541,  231.448,  35.5692, 03 Feb 2025, 13:00:02
 11.9571, 4.06448,  231.325,  35.5703, 03 Feb 2025, 13:10:02
 11.9293, 4.06162,  231.325,  35.5688, 03 Feb 2025, 13:20:02
 11.9593, 4.06451,  231.325,  35.5685, 03 Feb 2025, 13:30:02
 11.9434, 4.06295,  231.201,  35.5684, 03 Feb 2025, 13:40:02
 11.9636, 4.06517,  231.325,  35.5708, 03 Feb 2025, 13:50:02
 11.9649, 4.06525,  231.325,  35.5704, 03 Feb 2025, 14:00:02
 11.9550, 4.06431,  231.572,  35.5705, 03 Feb 2025, 14:10:02
 11.9696, 4.06562,  231.695,  35.5693, 03 Feb 2025, 14:20:02
 11.9576, 4.06515,  231.943,  35.5761, 03 Feb 2025, 14:30:02
 11.9461, 4.06398,  232.313,  35.5754, 03 Feb 2025, 14:40:02
 11.9293, 4.06148,  232.561,  35.5669, 03 Feb 2025, 14:50:02
 11.9066, 4.05845,  233.055,  35.5587, 03 Feb 2025, 15:00:02
 11.8686, 4.05392,  233.549,  35.5503, 03 Feb 2025, 15:10:02
 11.8256, 4.04857,  234.167,  35.5386, 03 Feb 2025, 15:20:02
 11.7502, 4.03909,  234.909,  35.5172, 03 Feb 2025, 15:30:02
 11.6617, 4.02879,  235.898,  35.5000, 03 Feb 2025, 15:40:02
 11.6579, 4.02856,  237.010,  35.5009, 03 Feb 2025, 15:50:02
 11.6396, 4.02568,  238.122,  35.4896, 03 Feb 2025, 16:00:02
 11.6408, 4.02586,  239.358,  35.4896, 03 Feb 2025, 16:10:02
 11.6559, 4.02848,  240.965,  35.5003, 03 Feb 2025, 16:20:02
 11.6526, 4.02893,  243.066,  35.5070, 03 Feb 2025, 16:30:02
 11.6617, 4.02936,  245.538,  35.5014, 03 Feb 2025, 16:40:02
 11.6483, 4.02908,  247.886,  35.5104, 03 Feb 2025, 16:50:02
 11.6397, 4.02814,  250.357,  35.5083, 03 Feb 2025, 17:00:02
 11.6429, 4.02806,  252.706,  35.5034, 03 Feb 2025, 17:10:02
 11.6140, 4.02575,  254.683,  35.5074, 03 Feb 2025, 17:20:02
 11.6161, 4.02550,  256.908,  35.5019, 03 Feb 2025, 17:30:02
 11.6122, 4.02547,  259.132,  35.5044, 03 Feb 2025, 17:40:02
 11.6376, 4.02814,  261.481,  35.5054, 03 Feb 2025, 17:50:02
 11.6287, 4.02745,  263.582,  35.5062, 03 Feb 2025, 18:00:02
 11.6568, 4.03000,  265.683,  35.5035, 03 Feb 2025, 18:10:02
 11.6006, 4.02478,  267.907,  35.5048, 03 Feb 2025, 18:20:02
 11.6257, 4.02748,  270.750,  35.5062, 03 Feb 2025, 18:30:02
 11.5936, 4.02434,  273.469,  35.5047, 03 Feb 2025, 18:40:02
 11.5931, 4.02445,  275.446,  35.5054, 03 Feb 2025, 18:50:02
 11.5951, 4.02487,  277.918,  35.5065, 03 Feb 2025, 19:00:02
 11.5916, 4.02446,  279.772,  35.5050, 03 Feb 2025, 19:10:02
 11.6341, 4.02895,  281.255,  35.5080, 03 Feb 2025, 19:20:02
 11.6141, 4.02731,  282.244,  35.5105, 03 Feb 2025, 19:30:02
 11.6491, 4.03122,  282.861,  35.5153, 03 Feb 2025, 19:40:02
 11.6759, 4.03380,  283.232,  35.5149, 03 Feb 2025, 19:50:02
 11.6691, 4.03310,  283.356,  35.5144, 03 Feb 2025, 20:00:02
 11.6591, 4.03180,  283.974,  35.5109, 03 Feb 2025, 20:10:02
 11.6546, 4.03144,  284.097,  35.5116, 03 Feb 2025, 20:20:02
 11.6987, 4.03625,  283.727,  35.5170, 03 Feb 2025, 20:30:02
 11.7646, 4.04278,  283.850,  35.5181, 03 Feb 2025, 20:40:02
 11.7821, 4.04394,  283.109,  35.5131, 03 Feb 2025, 20:50:02
 11.8284, 4.05121,  281.626,  35.5409, 03 Feb 2025, 21:00:02
 11.8619, 4.05805,  279.895,  35.5768, 03 Feb 2025, 21:10:02
 11.8716, 4.05579,  277.918,  35.5462, 03 Feb 2025, 21:20:02
 11.8903, 4.05801,  275.817,  35.5511, 03 Feb 2025, 21:30:02
 11.9723, 4.06654,  273.716,  35.5573, 03 Feb 2025, 21:40:02
 11.9709, 4.06681,  271.121,  35.5624, 03 Feb 2025, 21:50:02
 11.9774, 4.06759,  268.772,  35.5649, 03 Feb 2025, 22:00:02
 11.9406, 4.06353,  265.683,  35.5616, 03 Feb 2025, 22:10:02
 11.9161, 4.05984,  262.840,  35.5501, 03 Feb 2025, 22:20:02
 11.9242, 4.06092,  259.750,  35.5543, 03 Feb 2025, 22:30:02
 11.9261, 4.06149,  256.908,  35.5593, 03 Feb 2025, 22:40:02
 11.8763, 4.05611,  254.436,  35.5552, 03 Feb 2025, 22:50:02
 11.9048, 4.05875,  251.841,  35.5550, 03 Feb 2025, 23:00:02
 11.9242, 4.06072,  249.616,  35.5568, 03 Feb 2025, 23:10:02
 11.9228, 4.06064,  247.268,  35.5584, 03 Feb 2025, 23:20:02
 11.9148, 4.05960,  245.661,  35.5565, 03 Feb 2025, 23:30:02
 11.9166, 4.06019,  244.178,  35.5612, 03 Feb 2025, 23:40:02
 11.9091, 4.05791,  242.942,  35.5466, 03 Feb 2025, 23:50:02
 11.9189, 4.05921,  241.212,  35.5508, 04 Feb 2025, 00:00:02
 11.9425, 4.06276,  239.976,  35.5635, 04 Feb 2025, 00:10:02
 11.9349, 4.06202,  238.987,  35.5640, 04 Feb 2025, 00:20:02
 11.9896, 4.06814,  237.751,  35.5722, 04 Feb 2025, 00:30:02
 11.9931, 4.06848,  236.639,  35.5727, 04 Feb 2025, 00:40:02
 11.9885, 4.06833,  235.898,  35.5760, 04 Feb 2025, 00:50:02
 11.9846, 4.06762,  235.403,  35.5729, 04 Feb 2025, 01:00:02
 11.9828, 4.06726,  234.785,  35.5714, 04 Feb 2025, 01:10:02
 11.9891, 4.06786,  234.291,  35.5715, 04 Feb 2025, 01:20:02
 11.9980, 4.06893,  234.044,  35.5736, 04 Feb 2025, 01:30:02
 11.9889, 4.06780,  233.549,  35.5714, 04 Feb 2025, 01:40:02
 11.9767, 4.06664,  233.426,  35.5718, 04 Feb 2025, 01:50:02
 11.9338, 4.06172,  233.426,  35.5645, 04 Feb 2025, 02:00:02
 11.9290, 4.06126,  233.549,  35.5646, 04 Feb 2025, 02:10:02
 11.9324, 4.06154,  233.549,  35.5641, 04 Feb 2025, 02:20:02
 11.9602, 4.06599,  233.549,  35.5811, 04 Feb 2025, 02:30:02
 11.9647, 4.06643,  233.549,  35.5811, 04 Feb 2025, 02:40:02
 11.9585, 4.06597,  233.797,  35.5824, 04 Feb 2025, 02:50:02
 11.9725, 4.06761,  234.167,  35.5849, 04 Feb 2025, 03:00:02
 11.9674, 4.06719,  234.538,  35.5855, 04 Feb 2025, 03:10:02
 11.9662, 4.06695,  235.032,  35.5841, 04 Feb 2025, 03:20:02
 11.9635, 4.06668,  235.774,  35.5837, 04 Feb 2025, 03:30:02
 11.9646, 4.06682,  236.392,  35.5838, 04 Feb 2025, 03:40:02
 11.9623, 4.06662,  237.010,  35.5837, 04 Feb 2025, 03:50:02
 11.9608, 4.06649,  237.875,  35.5835, 04 Feb 2025, 04:00:02
 11.9453, 4.06468,  238.987,  35.5801, 04 Feb 2025, 04:10:02
 11.9431, 4.06434,  239.605,  35.5786, 04 Feb 2025, 04:20:02
 11.9037, 4.05955,  240.965,  35.5687, 04 Feb 2025, 04:30:02
 11.9194, 4.06177,  242.448,  35.5748, 04 Feb 2025, 04:40:02
 11.9318, 4.06352,  244.302,  35.5793, 04 Feb 2025, 04:50:02
 11.9275, 4.06325,  246.403,  35.5798, 04 Feb 2025, 05:00:02
 11.9239, 4.06297,  248.256,  35.5797, 04 Feb 2025, 05:10:02
 11.9248, 4.06314,  250.110,  35.5797, 04 Feb 2025, 05:20:02
 11.9254, 4.06324,  252.088,  35.5792, 04 Feb 2025, 05:30:02
 11.9228, 4.06309,  253.694,  35.5795, 04 Feb 2025, 05:40:02
 11.9228, 4.06314,  255.054,  35.5794, 04 Feb 2025, 05:50:02
 11.9218, 4.06306,  255.919,  35.5792, 04 Feb 2025, 06:00:02
 11.9250, 4.06334,  256.537,  35.5786, 04 Feb 2025, 06:10:02
 11.9247, 4.06317,  257.155,  35.5770, 04 Feb 2025, 06:20:02
 11.9438, 4.06523,  258.144,  35.5785, 04 Feb 2025, 06:30:02
 11.9385, 4.06471,  259.750,  35.5777, 04 Feb 2025, 06:40:02
 11.7973, 4.04760,  261.233,  35.5442, 04 Feb 2025, 06:50:02
 11.8056, 4.04858,  262.593,  35.5453, 04 Feb 2025, 07:00:02
 11.8226, 4.05109,  263.582,  35.5532, 04 Feb 2025, 07:10:02
 11.8199, 4.05103,  264.447,  35.5549, 04 Feb 2025, 07:20:02
 11.7731, 4.04618,  265.065,  35.5517, 04 Feb 2025, 07:30:02
 11.8267, 4.05225,  265.559,  35.5598, 04 Feb 2025, 07:40:02
 11.7557, 4.04363,  266.301,  35.5427, 04 Feb 2025, 07:50:02
 11.7773, 4.04623,  266.795,  35.5474, 04 Feb 2025, 08:00:02
 11.6867, 4.03568,  267.536,  35.5300, 04 Feb 2025, 08:10:02
 11.6911, 4.03562,  267.907,  35.5250, 04 Feb 2025, 08:20:02
 11.6391, 4.02994,  268.649,  35.5185, 04 Feb 2025, 08:30:02
 11.6375, 4.03027,  269.143,  35.5231, 04 Feb 2025, 08:40:02
 11.5755, 4.02270,  269.514,  35.5076, 04 Feb 2025, 08:50:02
 11.5722, 4.02240,  269.761,  35.5077, 04 Feb 2025, 09:00:02
 11.5813, 4.02328,  268.772,  35.5081, 04 Feb 2025, 09:10:02
 11.5725, 4.02232,  267.042,  35.5078, 04 Feb 2025, 09:20:02
 11.5051, 4.01496,  264.941,  35.5007, 04 Feb 2025, 09:30:02
 11.4788, 4.01224,  261.604,  35.5005, 04 Feb 2025, 09:40:02
 11.5272, 4.01751,  259.256,  35.5072, 04 Feb 2025, 09:50:02
 11.5681, 4.02114,  255.795,  35.5054, 04 Feb 2025, 10:00:02
 11.6056, 4.02509,  252.706,  35.5098, 04 Feb 2025, 10:10:02
 11.6048, 4.02406,  249.616,  35.5018, 04 Feb 2025, 10:20:02
 11.6309, 4.02897,  247.268,  35.5263, 04 Feb 2025, 10:30:01
 11.6495, 4.03100,  244.920,  35.5295, 04 Feb 2025, 10:40:01
 11.6612, 4.03142,  243.189,  35.5232, 04 Feb 2025, 10:50:01
 11.6608, 4.03196,  241.583,  35.5296, 04 Feb 2025, 11:00:01
 11.7099, 4.03726,  239.852,  35.5356, 04 Feb 2025, 11:10:01
 11.6835, 4.03352,  238.369,  35.5247, 04 Feb 2025, 11:20:01
 11.6554, 4.03133,  237.257,  35.5305, 04 Feb 2025, 11:30:01
 11.6489, 4.02992,  236.268,  35.5233, 04 Feb 2025, 11:40:01
 11.6508, 4.03045,  235.403,  35.5270, 04 Feb 2025, 11:50:01
 11.6642, 4.03185,  234.414,  35.5284, 04 Feb 2025, 12:00:01
 11.6497, 4.03060,  233.797,  35.5303, 04 Feb 2025, 12:10:01
 11.6664, 4.03185,  233.426,  35.5268, 04 Feb 2025, 12:20:01
 11.7071, 4.03459,  233.055,  35.5150, 04 Feb 2025, 12:30:01
 11.7402, 4.04037,  232.808,  35.5403, 04 Feb 2025, 12:40:01
 11.7421, 4.04096,  232.561,  35.5444, 04 Feb 2025, 12:50:01
 11.7589, 4.04228,  232.066,  35.5415, 04 Feb 2025, 13:00:01
 11.7688, 4.04366,  231.819,  35.5457, 04 Feb 2025, 13:10:01
 11.7639, 4.04276,  231.819,  35.5416, 04 Feb 2025, 13:20:01
 11.7504, 4.04148,  231.448,  35.5421, 04 Feb 2025, 13:30:01
 11.7371, 4.03945,  231.448,  35.5348, 04 Feb 2025, 13:40:01
 11.7777, 4.04368,  231.448,  35.5376, 04 Feb 2025, 13:50:01
 11.8219, 4.04963,  231.325,  35.5538, 04 Feb 2025, 14:00:01
 11.8122, 4.04916,  231.201,  35.5585, 04 Feb 2025, 14:10:01
 11.8088, 4.04789,  231.078,  35.5494, 04 Feb 2025, 14:20:01
 11.7837, 4.04485,  231.078,  35.5435, 04 Feb 2025, 14:30:01
 11.7661, 4.04338,  231.078,  35.5459, 04 Feb 2025, 14:40:01
 11.7657, 4.04305,  231.201,  35.5430, 04 Feb 2025, 14:50:01
 11.7938, 4.04586,  230.954,  35.5438, 04 Feb 2025, 15:00:01
 11.8093, 4.04845,  231.078,  35.5544, 04 Feb 2025, 15:10:01
 11.7894, 4.04605,  230.954,  35.5499, 04 Feb 2025, 15:20:01
 11.7665, 4.04432,  231.078,  35.5547, 04 Feb 2025, 15:30:01
 11.7494, 4.04106,  231.078,  35.5390, 04 Feb 2025, 15:40:01
 11.7459, 4.04057,  230.954,  35.5376, 04 Feb 2025, 15:50:01
 11.7589, 4.04188,  231.201,  35.5380, 04 Feb 2025, 16:00:01
 11.7539, 4.04155,  231.325,  35.5394, 04 Feb 2025, 16:10:01
 11.7502, 4.04090,  231.325,  35.5366, 04 Feb 2025, 16:20:01
 11.8043, 4.04718,  231.325,  35.5466, 04 Feb 2025, 16:30:01
 11.7931, 4.04658,  231.572,  35.5513, 04 Feb 2025, 16:40:01
 11.7753, 4.04384,  231.695,  35.5413, 04 Feb 2025, 16:50:01
 11.7672, 4.04390,  231.695,  35.5497, 04 Feb 2025, 17:00:01
 11.7684, 4.04468,  231.943,  35.5561, 04 Feb 2025, 17:10:01
 11.6840, 4.03477,  232.190,  35.5392, 04 Feb 2025, 17:20:01
 11.6802, 4.03356,  232.313,  35.5309, 04 Feb 2025, 17:30:01
 11.6635, 4.03214,  232.808,  35.5327, 04 Feb 2025, 17:40:01
 11.6555, 4.03089,  233.426,  35.5278, 04 Feb 2025, 17:50:01
 11.6471, 4.03007,  234.044,  35.5274, 04 Feb 2025, 18:00:01
 11.6542, 4.03055,  234.538,  35.5252, 04 Feb 2025, 18:10:01
 11.6824, 4.03368,  235.280,  35.5287, 04 Feb 2025, 18:20:01
 11.6947, 4.03484,  236.021,  35.5280, 04 Feb 2025, 18:30:01
 11.7220, 4.03765,  236.639,  35.5293, 04 Feb 2025, 18:40:01
 11.7308, 4.03884,  237.628,  35.5321, 04 Feb 2025, 18:50:01
 11.7356, 4.03941,  238.740,  35.5326, 04 Feb 2025, 19:00:01
 11.7580, 4.04151,  239.729,  35.5314, 04 Feb 2025, 19:10:01
 11.7808, 4.04491,  240.718,  35.5426, 04 Feb 2025, 19:20:01
 11.7279, 4.03990,  241.830,  35.5434, 04 Feb 2025, 19:30:01
 11.7064, 4.03670,  243.066,  35.5320, 04 Feb 2025, 19:40:01
 11.7275, 4.03985,  244.549,  35.5421, 04 Feb 2025, 19:50:01
 11.7544, 4.04241,  245.661,  35.5411, 04 Feb 2025, 20:00:01
 11.7597, 4.04315,  247.144,  35.5426, 04 Feb 2025, 20:10:01
 11.7292, 4.03964,  248.627,  35.5366, 04 Feb 2025, 20:20:01
 11.6856, 4.03494,  249.987,  35.5315, 04 Feb 2025, 20:30:01
 11.6167, 4.02639,  251.223,  35.5127, 04 Feb 2025, 20:40:01
 11.6437, 4.02995,  252.458,  35.5214, 04 Feb 2025, 20:50:01
 11.6698, 4.03225,  253.447,  35.5186, 04 Feb 2025, 21:00:01
 11.7556, 4.04207,  253.818,  35.5330, 04 Feb 2025, 21:10:01
 11.7394, 4.04043,  253.447,  35.5325, 04 Feb 2025, 21:20:01
 11.8067, 4.04836,  252.829,  35.5464, 04 Feb 2025, 21:30:01
 11.8206, 4.05060,  251.841,  35.5555, 04 Feb 2025, 21:40:01
 11.8883, 4.05802,  251.346,  35.5638, 04 Feb 2025, 21:50:01
 11.9198, 4.06178,  250.852,  35.5708, 04 Feb 2025, 22:00:01
 11.9182, 4.06195,  250.357,  35.5742, 04 Feb 2025, 22:10:01
 11.9326, 4.06353,  248.998,  35.5765, 04 Feb 2025, 22:20:01
 11.9384, 4.06412,  247.762,  35.5773, 04 Feb 2025, 22:30:01
 11.9415, 4.06453,  247.268,  35.5786, 04 Feb 2025, 22:40:01
 11.9470, 4.06503,  246.032,  35.5788, 04 Feb 2025, 22:50:01
 11.9299, 4.06303,  244.549,  35.5762, 04 Feb 2025, 23:00:01
 11.9426, 4.06429,  243.066,  35.5771, 04 Feb 2025, 23:10:01
 11.9566, 4.06612,  242.324,  35.5819, 04 Feb 2025, 23:20:01
 11.9576, 4.06618,  241.336,  35.5820, 04 Feb 2025, 23:30:01
 11.9582, 4.06628,  240.223,  35.5829, 04 Feb 2025, 23:40:01
 11.9588, 4.06623,  239.234,  35.5823, 04 Feb 2025, 23:50:01
 11.9581, 4.06618,  238.246,  35.5829, 05 Feb 2025, 00:00:01
 11.9576, 4.06605,  237.504,  35.5824, 05 Feb 2025, 00:10:01
 11.9574, 4.06594,  236.392,  35.5820, 05 Feb 2025, 00:20:01
 11.9572, 4.06590,  235.898,  35.5820, 05 Feb 2025, 00:30:01
