odissea/data/moor/raw/ce25007/microcat/5510_data.asc
* Sea-Bird SBE37 Data File:
* FileName = C:\CE25007_recovery_data\5510_data.asc
* Software Version 1.59
* Temperature SN = 5510
* Conductivity SN = 5510
* System UpLoad Time = May 13 2025 17:59:09
* ds
* SBE37-SM V 2.6b  SERIAL NO. 5510    13 May 2025  17:59:55
*END*
[from data line 5510]
 10.7175, 3.94053,  493.458,  35.4154, 03 Aug 2024, 05:50:01
 10.7232, 3.94040,  493.458,  35.4086, 03 Aug 2024, 06:00:01
 10.7423, 3.94205,  493.334,  35.4067, 03 Aug 2024, 06:10:01
 10.7306, 3.94292,  493.334,  35.4268, 03 Aug 2024, 06:20:01
 10.6698, 3.93810,  493.334,  35.4371, 03 Aug 2024, 06:30:01
 10.6254, 3.93063,  493.334,  35.4049, 03 Aug 2024, 06:40:01
 10.6130, 3.92954,  493.087,  35.4060, 03 Aug 2024, 06:50:01
 10.5967, 3.92757,  493.087,  35.4019, 03 Aug 2024, 07:00:01
 10.5915, 3.92680,  492.963,  35.3993, 03 Aug 2024, 07:10:01
 10.5954, 3.92711,  492.963,  35.3986, 03 Aug 2024, 07:20:01
 10.5909, 3.92683,  492.963,  35.4001, 03 Aug 2024, 07:30:01
 10.5933, 3.92710,  492.840,  35.4006, 03 Aug 2024, 07:40:01
 10.5883, 3.92723,  492.840,  35.4067, 03 Aug 2024, 07:50:01
 10.5833, 3.92593,  492.840,  35.3985, 03 Aug 2024, 08:00:01
 10.5724, 3.92653,  492.716,  35.4151, 03 Aug 2024, 08:10:01
 10.5253, 3.92022,  492.840,  35.3970, 03 Aug 2024, 08:20:01
 10.5105, 3.91892,  492.716,  35.3983, 03 Aug 2024, 08:30:01
 10.5065, 3.91817,  492.593,  35.3947, 03 Aug 2024, 08:40:01
 10.5213, 3.91947,  492.593,  35.3935, 03 Aug 2024, 08:50:01
 10.5208, 3.92016,  492.593,  35.4009, 03 Aug 2024, 09:00:01
 10.5217, 3.92008,  492.593,  35.3992, 03 Aug 2024, 09:10:01
 10.5861, 3.92519,  492.593,  35.3884, 03 Aug 2024, 09:20:01
 10.6308, 3.93213,  492.593,  35.4151, 03 Aug 2024, 09:30:01
 10.6008, 3.92888,  492.716,  35.4113, 03 Aug 2024, 09:40:01
 10.5842, 3.92631,  492.716,  35.4015, 03 Aug 2024, 09:50:01
 10.5413, 3.92144,  492.593,  35.3940, 03 Aug 2024, 10:00:01
 10.5490, 3.92251,  492.593,  35.3973, 03 Aug 2024, 10:10:01
 10.5567, 3.92380,  492.593,  35.4029, 03 Aug 2024, 10:20:01
 10.5509, 3.92324,  492.593,  35.4028, 03 Aug 2024, 10:30:01
 10.5526, 3.92335,  492.469,  35.4023, 03 Aug 2024, 10:40:01
 10.5627, 3.92385,  492.469,  35.3976, 03 Aug 2024, 10:50:01
 10.5910, 3.92768,  492.469,  35.4088, 03 Aug 2024, 11:00:01
 10.5952, 3.92918,  492.593,  35.4198, 03 Aug 2024, 11:10:01
 10.5752, 3.92791,  492.469,  35.4264, 03 Aug 2024, 11:20:01
 10.5886, 3.92871,  492.469,  35.4215, 03 Aug 2024, 11:30:01
 10.5581, 3.92578,  492.469,  35.4215, 03 Aug 2024, 11:40:01
 10.6532, 3.93367,  492.346,  35.4090, 03 Aug 2024, 11:50:01
 10.6526, 3.93412,  492.469,  35.4141, 03 Aug 2024, 12:00:01
 10.6549, 3.93433,  492.593,  35.4139, 03 Aug 2024, 12:10:01
 10.6035, 3.92895,  492.716,  35.4094, 03 Aug 2024, 12:20:01
 10.6459, 3.93364,  492.593,  35.4157, 03 Aug 2024, 12:30:01
 10.6462, 3.93339,  492.716,  35.4128, 03 Aug 2024, 12:40:01
 10.6402, 3.93293,  492.840,  35.4139, 03 Aug 2024, 12:50:01
 10.6475, 3.93414,  492.840,  35.4191, 03 Aug 2024, 13:00:01
 10.6425, 3.93326,  492.963,  35.4150, 03 Aug 2024, 13:10:01
 10.6928, 3.93577,  492.963,  35.3916, 03 Aug 2024, 13:20:01
 10.6989, 3.93848,  493.087,  35.4129, 03 Aug 2024, 13:30:01
 10.6989, 3.93845,  493.211,  35.4126, 03 Aug 2024, 13:40:01
 10.6981, 3.93841,  493.334,  35.4129, 03 Aug 2024, 13:50:01
 10.7024, 3.93884,  493.458,  35.4130, 03 Aug 2024, 14:00:01
 10.7076, 3.93931,  493.458,  35.4127, 03 Aug 2024, 14:10:01
 10.6995, 3.93933,  493.581,  35.4207, 03 Aug 2024, 14:20:01
 10.6854, 3.94064,  493.705,  35.4474, 03 Aug 2024, 14:30:01
 10.6533, 3.93497,  493.705,  35.4214, 03 Aug 2024, 14:40:01
 10.7335, 3.94332,  493.705,  35.4278, 03 Aug 2024, 14:50:01
 10.7360, 3.94374,  493.829,  35.4296, 03 Aug 2024, 15:00:01
 10.7536, 3.94435,  493.952,  35.4187, 03 Aug 2024, 15:10:01
 10.7340, 3.94328,  494.076,  35.4268, 03 Aug 2024, 15:20:01
 10.7202, 3.94281,  494.076,  35.4354, 03 Aug 2024, 15:30:01
 10.6836, 3.93772,  494.076,  35.4196, 03 Aug 2024, 15:40:01
 10.7121, 3.93889,  494.076,  35.4038, 03 Aug 2024, 15:50:01
 10.6321, 3.93252,  494.199,  35.4170, 03 Aug 2024, 16:00:01
 10.7002, 3.93737,  494.076,  35.4001, 03 Aug 2024, 16:10:01
 10.7012, 3.93909,  494.076,  35.4164, 03 Aug 2024, 16:20:01
 10.6825, 3.93828,  494.199,  35.4262, 03 Aug 2024, 16:30:01
 10.6355, 3.93237,  494.076,  35.4123, 03 Aug 2024, 16:40:01
 10.6536, 3.93381,  494.076,  35.4093, 03 Aug 2024, 16:50:01
 10.6906, 3.93722,  493.952,  35.4079, 03 Aug 2024, 17:00:01
 10.6688, 3.93705,  494.076,  35.4272, 03 Aug 2024, 17:10:01
 10.6638, 3.93568,  493.952,  35.4183, 03 Aug 2024, 17:20:01
 10.6443, 3.93422,  493.952,  35.4225, 03 Aug 2024, 17:30:01
 10.6450, 3.93465,  493.952,  35.4261, 03 Aug 2024, 17:40:01
 10.6398, 3.93269,  493.952,  35.4114, 03 Aug 2024, 17:50:01
 10.6402, 3.93233,  493.829,  35.4075, 03 Aug 2024, 18:00:01
 10.6407, 3.93229,  493.829,  35.4066, 03 Aug 2024, 18:10:01
 10.6447, 3.93257,  493.829,  35.4055, 03 Aug 2024, 18:20:01
 10.6373, 3.93247,  493.705,  35.4117, 03 Aug 2024, 18:30:01
 10.6393, 3.93240,  493.581,  35.4091, 03 Aug 2024, 18:40:01
 10.6450, 3.93325,  493.581,  35.4122, 03 Aug 2024, 18:50:01
 10.6490, 3.93360,  493.458,  35.4119, 03 Aug 2024, 19:00:01
 10.6501, 3.93397,  493.458,  35.4145, 03 Aug 2024, 19:10:01
 10.6505, 3.93416,  493.458,  35.4161, 03 Aug 2024, 19:20:01
 10.6498, 3.93406,  493.458,  35.4157, 03 Aug 2024, 19:30:01
 10.6472, 3.93390,  493.334,  35.4167, 03 Aug 2024, 19:40:01
 10.6522, 3.93413,  493.211,  35.4142, 03 Aug 2024, 19:50:01
 10.6602, 3.93511,  493.087,  35.4164, 03 Aug 2024, 20:00:01
 10.6790, 3.93649,  493.087,  35.4121, 03 Aug 2024, 20:10:01
 10.7009, 3.94027,  493.087,  35.4290, 03 Aug 2024, 20:20:01
 10.6782, 3.93868,  493.087,  35.4349, 03 Aug 2024, 20:30:01
 10.6634, 3.93658,  493.087,  35.4281, 03 Aug 2024, 20:40:01
 10.6503, 3.93448,  492.963,  35.4197, 03 Aug 2024, 20:50:01
 10.6516, 3.93443,  492.963,  35.4180, 03 Aug 2024, 21:00:01
 10.6487, 3.93429,  492.963,  35.4193, 03 Aug 2024, 21:10:01
 10.6483, 3.93411,  492.963,  35.4179, 03 Aug 2024, 21:20:01
 10.6456, 3.93335,  492.963,  35.4129, 03 Aug 2024, 21:30:01
 10.6509, 3.93435,  492.963,  35.4178, 03 Aug 2024, 21:40:01
 10.7450, 3.94299,  492.963,  35.4137, 03 Aug 2024, 21:50:01
 10.6905, 3.94208,  492.963,  35.4573, 03 Aug 2024, 22:00:01
 10.6411, 3.93524,  493.087,  35.4362, 03 Aug 2024, 22:10:01
 10.5457, 3.92274,  493.087,  35.4026, 03 Aug 2024, 22:20:01
 10.5507, 3.92361,  492.963,  35.4066, 03 Aug 2024, 22:30:01
 10.5536, 3.92374,  492.840,  35.4051, 03 Aug 2024, 22:40:01
 10.5530, 3.92336,  492.963,  35.4018, 03 Aug 2024, 22:50:01
 10.5527, 3.92344,  492.840,  35.4030, 03 Aug 2024, 23:00:01
 10.5457, 3.92266,  492.840,  35.4019, 03 Aug 2024, 23:10:01
 10.5486, 3.92298,  492.716,  35.4024, 03 Aug 2024, 23:20:01
 10.5843, 3.92646,  492.716,  35.4029, 03 Aug 2024, 23:30:01
 10.6319, 3.93097,  492.593,  35.4023, 03 Aug 2024, 23:40:01
 10.6444, 3.93387,  492.593,  35.4194, 03 Aug 2024, 23:50:01
 10.6450, 3.93349,  492.593,  35.4150, 04 Aug 2024, 00:00:01
 10.6759, 3.93628,  492.469,  35.4133, 04 Aug 2024, 00:10:00
 10.6915, 3.93728,  492.593,  35.4082, 04 Aug 2024, 00:20:00
 10.6887, 3.93787,  492.593,  35.4169, 04 Aug 2024, 00:30:00
 10.7060, 3.93977,  492.469,  35.4193, 04 Aug 2024, 00:40:01
 10.7085, 3.94023,  492.469,  35.4215, 04 Aug 2024, 00:50:01
 10.6937, 3.93899,  492.593,  35.4233, 04 Aug 2024, 01:00:01
 10.6877, 3.93830,  492.593,  35.4221, 04 Aug 2024, 01:10:01
 10.6181, 3.93331,  492.840,  35.4391, 04 Aug 2024, 01:20:01
 10.6164, 3.93173,  492.716,  35.4249, 04 Aug 2024, 01:30:01
 10.5690, 3.92598,  492.963,  35.4128, 04 Aug 2024, 01:40:01
 10.6095, 3.92973,  492.840,  35.4114, 04 Aug 2024, 01:50:01
 10.6108, 3.92941,  493.087,  35.4068, 04 Aug 2024, 02:00:01
 10.6155, 3.93024,  493.087,  35.4106, 04 Aug 2024, 02:10:01
 10.5900, 3.92596,  493.211,  35.3921, 04 Aug 2024, 02:20:01
 10.5960, 3.92732,  493.334,  35.4000, 04 Aug 2024, 02:30:01
 10.6090, 3.92969,  493.334,  35.4113, 04 Aug 2024, 02:40:01
 10.6073, 3.92939,  493.458,  35.4098, 04 Aug 2024, 02:50:01
 10.5942, 3.92964,  493.458,  35.4250, 04 Aug 2024, 03:00:01
 10.6715, 3.93646,  493.581,  35.4189, 04 Aug 2024, 03:10:01
 10.6678, 3.93533,  493.705,  35.4110, 04 Aug 2024, 03:20:01
 10.6877, 3.93736,  493.705,  35.4122, 04 Aug 2024, 03:30:01
 10.6859, 3.93832,  493.829,  35.4235, 04 Aug 2024, 03:40:01
 10.6252, 3.93167,  493.952,  35.4153, 04 Aug 2024, 03:50:01
 10.6391, 3.93159,  493.952,  35.4010, 04 Aug 2024, 04:00:01
 10.6426, 3.93149,  494.076,  35.3966, 04 Aug 2024, 04:10:01
 10.6938, 3.93808,  494.076,  35.4134, 04 Aug 2024, 04:20:01
 10.6891, 3.93864,  494.076,  35.4235, 04 Aug 2024, 04:30:01
 10.6924, 3.93805,  494.076,  35.4144, 04 Aug 2024, 04:40:01
 10.6783, 3.93722,  494.076,  35.4197, 04 Aug 2024, 04:50:01
 10.6809, 3.93766,  494.076,  35.4216, 04 Aug 2024, 05:00:01
 10.6443, 3.93400,  494.076,  35.4202, 04 Aug 2024, 05:10:01
 10.6729, 3.93340,  493.952,  35.3866, 04 Aug 2024, 05:20:01
 10.7585, 3.94470,  493.952,  35.4174, 04 Aug 2024, 05:30:01
 10.7110, 3.94376,  493.952,  35.4539, 04 Aug 2024, 05:40:01
 10.6314, 3.93210,  493.952,  35.4136, 04 Aug 2024, 05:50:01
 10.6051, 3.92846,  493.829,  35.4024, 04 Aug 2024, 06:00:01
 10.6125, 3.92900,  493.829,  35.4007, 04 Aug 2024, 06:10:01
 10.6135, 3.92927,  493.581,  35.4026, 04 Aug 2024, 06:20:01
 10.6508, 3.93079,  493.581,  35.3818, 04 Aug 2024, 06:30:01
 10.6305, 3.93220,  493.581,  35.4156, 04 Aug 2024, 06:40:01
 10.6179, 3.93036,  493.458,  35.4094, 04 Aug 2024, 06:50:01
 10.5889, 3.92656,  493.458,  35.3991, 04 Aug 2024, 07:00:01
 10.5981, 3.92722,  493.334,  35.3969, 04 Aug 2024, 07:10:01
 10.5978, 3.92739,  493.334,  35.3990, 04 Aug 2024, 07:20:01
 10.5963, 3.92720,  493.211,  35.3985, 04 Aug 2024, 07:30:01
 10.6048, 3.92816,  493.087,  35.4000, 04 Aug 2024, 07:40:01
 10.6358, 3.93137,  492.963,  35.4024, 04 Aug 2024, 07:50:01
 10.6453, 3.93307,  492.963,  35.4104, 04 Aug 2024, 08:00:01
 10.6504, 3.93405,  492.963,  35.4153, 04 Aug 2024, 08:10:01
 10.6483, 3.93387,  492.840,  35.4156, 04 Aug 2024, 08:20:01
 10.6291, 3.93109,  492.840,  35.4062, 04 Aug 2024, 08:30:01
 10.6306, 3.93176,  492.716,  35.4115, 04 Aug 2024, 08:40:01
 10.6160, 3.92983,  492.716,  35.4062, 04 Aug 2024, 08:50:01
 10.6207, 3.93025,  492.593,  35.4059, 04 Aug 2024, 09:00:01
 10.6495, 3.93379,  492.593,  35.4137, 04 Aug 2024, 09:10:01
 10.6529, 3.93402,  492.593,  35.4127, 04 Aug 2024, 09:20:01
 10.6390, 3.93330,  492.593,  35.4189, 04 Aug 2024, 09:30:01
 10.6041, 3.92904,  492.593,  35.4098, 04 Aug 2024, 09:40:01
 10.6083, 3.92933,  492.469,  35.4087, 04 Aug 2024, 09:50:01
 10.6068, 3.92934,  492.469,  35.4103, 04 Aug 2024, 10:00:01
 10.6093, 3.92938,  492.469,  35.4082, 04 Aug 2024, 10:10:01
 10.6140, 3.92998,  492.469,  35.4097, 04 Aug 2024, 10:20:01
 10.6128, 3.93022,  492.469,  35.4133, 04 Aug 2024, 10:30:01
 10.6203, 3.93123,  492.469,  35.4162, 04 Aug 2024, 10:40:01
 10.6170, 3.93064,  492.469,  35.4135, 04 Aug 2024, 10:50:01
 10.6319, 3.93232,  492.469,  35.4160, 04 Aug 2024, 11:00:01
 10.6331, 3.93339,  492.469,  35.4256, 04 Aug 2024, 11:10:01
 10.6203, 3.93128,  492.469,  35.4167, 04 Aug 2024, 11:20:01
 10.6224, 3.93127,  492.469,  35.4146, 04 Aug 2024, 11:30:01
 10.6221, 3.93134,  492.469,  35.4156, 04 Aug 2024, 11:40:01
 10.6241, 3.93157,  492.469,  35.4160, 04 Aug 2024, 11:50:01
 10.6279, 3.93202,  492.469,  35.4168, 04 Aug 2024, 12:00:01
 10.6340, 3.93256,  492.346,  35.4164, 04 Aug 2024, 12:10:01
 10.6372, 3.93324,  492.469,  35.4201, 04 Aug 2024, 12:20:01
 10.6519, 3.93478,  492.469,  35.4214, 04 Aug 2024, 12:30:01
 10.6580, 3.93576,  492.469,  35.4254, 04 Aug 2024, 12:40:01
 10.6629, 3.93618,  492.593,  35.4248, 04 Aug 2024, 12:50:01
 10.6775, 3.93751,  492.593,  35.4240, 04 Aug 2024, 13:00:01
 10.6906, 3.93913,  492.716,  35.4276, 04 Aug 2024, 13:10:01
 10.7052, 3.94071,  492.716,  35.4294, 04 Aug 2024, 13:20:01
 10.7008, 3.94051,  492.840,  35.4316, 04 Aug 2024, 13:30:01
 10.6970, 3.93992,  492.963,  35.4293, 04 Aug 2024, 13:40:01
 10.6704, 3.93732,  493.087,  35.4288, 04 Aug 2024, 13:50:01
 10.6800, 3.93794,  493.211,  35.4257, 04 Aug 2024, 14:00:01
 10.6960, 3.93956,  493.334,  35.4264, 04 Aug 2024, 14:10:01
 10.6700, 3.93793,  493.581,  35.4351, 04 Aug 2024, 14:20:01
 10.6625, 3.93620,  493.705,  35.4249, 04 Aug 2024, 14:30:01
 10.6805, 3.93779,  493.705,  35.4235, 04 Aug 2024, 14:40:01
 10.6940, 3.93896,  493.952,  35.4221, 04 Aug 2024, 14:50:01
 10.6949, 3.93982,  494.076,  35.4298, 04 Aug 2024, 15:00:01
 10.6685, 3.93733,  494.323,  35.4302, 04 Aug 2024, 15:10:01
 10.6856, 3.93858,  494.323,  35.4262, 04 Aug 2024, 15:20:01
 10.7039, 3.94063,  494.447,  35.4291, 04 Aug 2024, 15:30:01
 10.7094, 3.94093,  494.570,  35.4267, 04 Aug 2024, 15:40:01
 10.7137, 3.94172,  494.817,  35.4304, 04 Aug 2024, 15:50:01
 10.6954, 3.93978,  494.817,  35.4286, 04 Aug 2024, 16:00:01
 10.6820, 3.93835,  494.941,  35.4271, 04 Aug 2024, 16:10:01
 10.6789, 3.93796,  494.941,  35.4262, 04 Aug 2024, 16:20:01
 10.6612, 3.93659,  494.941,  35.4295, 04 Aug 2024, 16:30:01
 10.6530, 3.93534,  494.941,  35.4249, 04 Aug 2024, 16:40:01
 10.6464, 3.93501,  494.941,  35.4279, 04 Aug 2024, 16:50:01
 10.6617, 3.93602,  494.941,  35.4233, 04 Aug 2024, 17:00:01
 10.6720, 3.93759,  494.941,  35.4291, 04 Aug 2024, 17:10:01
 10.6866, 3.93850,  494.817,  35.4242, 04 Aug 2024, 17:20:01
 10.6714, 3.93753,  494.817,  35.4292, 04 Aug 2024, 17:30:01
 10.6492, 3.93505,  494.694,  35.4257, 04 Aug 2024, 17:40:01
 10.6519, 3.93500,  494.570,  35.4227, 04 Aug 2024, 17:50:01
 10.6603, 3.93580,  494.447,  35.4227, 04 Aug 2024, 18:00:01
 10.6515, 3.93522,  494.447,  35.4253, 04 Aug 2024, 18:10:01
 10.6747, 3.93701,  494.323,  35.4210, 04 Aug 2024, 18:20:01
 10.6769, 3.93736,  494.323,  35.4224, 04 Aug 2024, 18:30:01
 10.7057, 3.94057,  494.076,  35.4269, 04 Aug 2024, 18:40:01
 10.7069, 3.94075,  494.076,  35.4275, 04 Aug 2024, 18:50:01
 10.7048, 3.94040,  493.952,  35.4261, 04 Aug 2024, 19:00:01
 10.7043, 3.94035,  493.829,  35.4261, 04 Aug 2024, 19:10:01
 10.7252, 3.94236,  493.705,  35.4262, 04 Aug 2024, 19:20:01
 10.7013, 3.94038,  493.705,  35.4294, 04 Aug 2024, 19:30:01
 10.6924, 3.93940,  493.581,  35.4282, 04 Aug 2024, 19:40:01
 10.7017, 3.93980,  493.334,  35.4234, 04 Aug 2024, 19:50:01
 10.7214, 3.94182,  493.334,  35.4246, 04 Aug 2024, 20:00:01
 10.7432, 3.94451,  493.211,  35.4306, 04 Aug 2024, 20:10:01
 10.7621, 3.94681,  493.211,  35.4355, 04 Aug 2024, 20:20:01
 10.7498, 3.94562,  493.087,  35.4354, 04 Aug 2024, 20:30:01
 10.7438, 3.94482,  493.087,  35.4332, 04 Aug 2024, 20:40:01
 10.7409, 3.94454,  493.087,  35.4332, 04 Aug 2024, 20:50:01
 10.6978, 3.93991,  493.087,  35.4283, 04 Aug 2024, 21:00:01
 10.6898, 3.93898,  492.963,  35.4268, 04 Aug 2024, 21:10:01
 10.6877, 3.93880,  492.963,  35.4270, 04 Aug 2024, 21:20:01
 10.6826, 3.93827,  493.211,  35.4265, 04 Aug 2024, 21:30:01
 10.6889, 3.93894,  493.087,  35.4272, 04 Aug 2024, 21:40:01
 10.6933, 3.93941,  493.211,  35.4276, 04 Aug 2024, 21:50:01
 10.6956, 3.93964,  493.087,  35.4278, 04 Aug 2024, 22:00:01
 10.6979, 3.94001,  493.211,  35.4292, 04 Aug 2024, 22:10:01
 10.7001, 3.94027,  493.334,  35.4296, 04 Aug 2024, 22:20:01
 10.6999, 3.94038,  493.334,  35.4309, 04 Aug 2024, 22:30:01
 10.6536, 3.93588,  493.334,  35.4304, 04 Aug 2024, 22:40:01
 10.6472, 3.93490,  493.334,  35.4268, 04 Aug 2024, 22:50:01
 10.6497, 3.93513,  493.211,  35.4267, 04 Aug 2024, 23:00:01
 10.6556, 3.93565,  493.211,  35.4262, 04 Aug 2024, 23:10:01
 10.6627, 3.93637,  493.211,  35.4266, 04 Aug 2024, 23:20:01
 10.6559, 3.93628,  493.211,  35.4323, 04 Aug 2024, 23:30:01
 10.6482, 3.93524,  493.211,  35.4293, 04 Aug 2024, 23:40:01
 10.6451, 3.93480,  492.963,  35.4280, 04 Aug 2024, 23:50:01
 10.6559, 3.93580,  492.963,  35.4276, 05 Aug 2024, 00:00:01
 10.6531, 3.93572,  492.963,  35.4295, 05 Aug 2024, 00:10:01
 10.6988, 3.93996,  492.840,  35.4280, 05 Aug 2024, 00:20:01
 10.7031, 3.94079,  492.840,  35.4322, 05 Aug 2024, 00:30:01
 10.6529, 3.93750,  492.840,  35.4476, 05 Aug 2024, 00:40:01
 10.6412, 3.93497,  492.716,  35.4336, 05 Aug 2024, 00:50:01
 10.6351, 3.93383,  492.716,  35.4280, 05 Aug 2024, 01:00:01
 10.6417, 3.93422,  492.716,  35.4255, 05 Aug 2024, 01:10:01
 10.6609, 3.93645,  492.593,  35.4294, 05 Aug 2024, 01:20:01
