odissea/data/moor/raw/ce25007/microcat/5510_data.asc
* Sea-Bird SBE37 Data File:
* FileName = C:\CE25007_recovery_data\5510_data.asc
* Software Version 1.59
* Temperature SN = 5510
* Conductivity SN = 5510
* System UpLoad Time = May 13 2025 17:59:09
* ds
* SBE37-SM V 2.6b  SERIAL NO. 5510    13 May 2025  17:59:55
*END*
[from data line 8395]
 10.2848, 3.89160,  524.973,  35.3262, 23 Aug 2024, 06:40:01
 10.2472, 3.88739,  525.344,  35.3198, 23 Aug 2024, 06:50:01
 10.1908, 3.88050,  525.468,  35.3045, 23 Aug 2024, 07:00:01
 10.2012, 3.88133,  525.220,  35.3029, 23 Aug 2024, 07:10:01
 10.2694, 3.88970,  524.602,  35.3220, 23 Aug 2024, 07:20:01
 10.2758, 3.89016,  523.614,  35.3209, 23 Aug 2024, 07:30:01
 10.3241, 3.89579,  522.254,  35.3318, 23 Aug 2024, 07:40:01
 10.4746, 3.91179,  520.400,  35.3487, 23 Aug 2024, 07:50:01
 10.4852, 3.91383,  518.794,  35.3598, 23 Aug 2024, 08:00:01
 10.4957, 3.91465,  517.311,  35.3586, 23 Aug 2024, 08:10:01
 10.5164, 3.91651,  515.828,  35.3580, 23 Aug 2024, 08:20:01
 10.4450, 3.90831,  513.850,  35.3451, 23 Aug 2024, 08:30:01
 10.5348, 3.91639,  511.749,  35.3408, 23 Aug 2024, 08:40:01
 10.5094, 3.91456,  509.648,  35.3478, 23 Aug 2024, 08:50:01
 10.5842, 3.92244,  507.300,  35.3560, 23 Aug 2024, 09:00:01
 10.6512, 3.93100,  505.199,  35.3784, 23 Aug 2024, 09:10:01
 10.5924, 3.92392,  503.221,  35.3648, 23 Aug 2024, 09:20:01
 10.6848, 3.93353,  501.368,  35.3731, 23 Aug 2024, 09:30:01
 10.6787, 3.93378,  499.884,  35.3822, 23 Aug 2024, 09:40:01
 10.6797, 3.93278,  498.649,  35.3717, 23 Aug 2024, 09:50:01
 10.6674, 3.93220,  497.660,  35.3782, 23 Aug 2024, 10:00:01
 10.6439, 3.92900,  496.671,  35.3691, 23 Aug 2024, 10:10:01
 10.6269, 3.92667,  496.177,  35.3623, 23 Aug 2024, 10:20:01
 10.6341, 3.92792,  495.559,  35.3682, 23 Aug 2024, 10:30:01
 10.6629, 3.93181,  495.064,  35.3798, 23 Aug 2024, 10:40:01
 10.7171, 3.93649,  494.570,  35.3747, 23 Aug 2024, 10:50:01
 10.6985, 3.93611,  494.447,  35.3889, 23 Aug 2024, 11:00:01
 10.6311, 3.92941,  494.076,  35.3868, 23 Aug 2024, 11:10:01
 10.6971, 3.93644,  493.458,  35.3940, 23 Aug 2024, 11:20:01
 10.6198, 3.92702,  493.334,  35.3740, 23 Aug 2024, 11:30:01
 10.5876, 3.92295,  493.211,  35.3641, 23 Aug 2024, 11:40:01
 10.5817, 3.92371,  492.963,  35.3776, 23 Aug 2024, 11:50:01
 10.5562, 3.91947,  492.840,  35.3596, 23 Aug 2024, 12:00:01
 10.5942, 3.92483,  492.840,  35.3769, 23 Aug 2024, 12:10:01
 10.5088, 3.91469,  492.840,  35.3572, 23 Aug 2024, 12:20:01
 10.5155, 3.91540,  492.840,  35.3579, 23 Aug 2024, 12:30:01
 10.5080, 3.91433,  492.840,  35.3544, 23 Aug 2024, 12:40:01
 10.5201, 3.91565,  492.593,  35.3561, 23 Aug 2024, 12:50:01
 10.5040, 3.91355,  492.840,  35.3504, 23 Aug 2024, 13:00:01
 10.5083, 3.91409,  492.963,  35.3516, 23 Aug 2024, 13:10:01
 10.5043, 3.91435,  492.963,  35.3581, 23 Aug 2024, 13:20:01
 10.5002, 3.91410,  493.087,  35.3595, 23 Aug 2024, 13:30:01
 10.5227, 3.91599,  493.087,  35.3568, 23 Aug 2024, 13:40:01
 10.5194, 3.91636,  493.334,  35.3636, 23 Aug 2024, 13:50:01
 10.5102, 3.91498,  493.581,  35.3585, 23 Aug 2024, 14:00:01
 10.5011, 3.91355,  493.829,  35.3527, 23 Aug 2024, 14:10:01
 10.5200, 3.91518,  494.076,  35.3508, 23 Aug 2024, 14:20:01
 10.5624, 3.92101,  494.323,  35.3685, 23 Aug 2024, 14:30:01
 10.5743, 3.92245,  494.694,  35.3713, 23 Aug 2024, 14:40:01
 10.4822, 3.91295,  495.435,  35.3642, 23 Aug 2024, 14:50:01
 10.4810, 3.91191,  495.930,  35.3547, 23 Aug 2024, 15:00:01
 10.4852, 3.91232,  496.548,  35.3545, 23 Aug 2024, 15:10:01
 10.5309, 3.91846,  497.289,  35.3719, 23 Aug 2024, 15:20:01
 10.4847, 3.91252,  498.154,  35.3563, 23 Aug 2024, 15:30:01
 10.4614, 3.91055,  499.267,  35.3584, 23 Aug 2024, 15:40:01
 10.4597, 3.91047,  500.255,  35.3588, 23 Aug 2024, 15:50:01
 10.4727, 3.91249,  501.368,  35.3661, 23 Aug 2024, 16:00:01
 10.4767, 3.91359,  502.480,  35.3729, 23 Aug 2024, 16:10:01
 10.4612, 3.91140,  503.839,  35.3651, 23 Aug 2024, 16:20:01
 10.4295, 3.90680,  505.446,  35.3486, 23 Aug 2024, 16:30:01
 10.4453, 3.90825,  506.929,  35.3473, 23 Aug 2024, 16:40:01
 10.4692, 3.91093,  508.289,  35.3507, 23 Aug 2024, 16:50:01
 10.5473, 3.92134,  509.648,  35.3796, 23 Aug 2024, 17:00:01
 10.5171, 3.91780,  511.378,  35.3723, 23 Aug 2024, 17:10:01
 10.4885, 3.91538,  513.109,  35.3748, 23 Aug 2024, 17:20:01
 10.4970, 3.91553,  514.715,  35.3674, 23 Aug 2024, 17:30:01
 10.4996, 3.91602,  516.322,  35.3690, 23 Aug 2024, 17:40:01
 10.5317, 3.91915,  517.929,  35.3689, 23 Aug 2024, 17:50:01
 10.5479, 3.92160,  519.412,  35.3772, 23 Aug 2024, 18:00:01
 10.4612, 3.90871,  521.389,  35.3302, 23 Aug 2024, 18:10:01
 10.5419, 3.92071,  523.243,  35.3724, 23 Aug 2024, 18:20:01
 10.4422, 3.91022,  525.220,  35.3621, 23 Aug 2024, 18:30:01
 10.3838, 3.90226,  527.074,  35.3373, 23 Aug 2024, 18:40:01
 10.3791, 3.90180,  528.557,  35.3365, 23 Aug 2024, 18:50:01
 10.3788, 3.90207,  529.793,  35.3390, 23 Aug 2024, 19:00:01
 10.3468, 3.89846,  530.782,  35.3330, 23 Aug 2024, 19:10:01
 10.3438, 3.89851,  531.153,  35.3363, 23 Aug 2024, 19:20:01
 10.4243, 3.90745,  531.029,  35.3488, 23 Aug 2024, 19:30:01
 10.4515, 3.91102,  530.782,  35.3587, 23 Aug 2024, 19:40:01
 10.4513, 3.91131,  530.411,  35.3620, 23 Aug 2024, 19:50:01
 10.3828, 3.90415,  529.793,  35.3562, 23 Aug 2024, 20:00:01
 10.4955, 3.91617,  528.063,  35.3693, 23 Aug 2024, 20:10:01
 10.5624, 3.92488,  525.715,  35.3935, 23 Aug 2024, 20:20:01
 10.6066, 3.93033,  523.366,  35.4067, 23 Aug 2024, 20:30:01
 10.6361, 3.93131,  521.265,  35.3890, 23 Aug 2024, 20:40:01
 10.6886, 3.93908,  518.670,  35.4175, 23 Aug 2024, 20:50:01
 10.7345, 3.94504,  515.951,  35.4342, 23 Aug 2024, 21:00:01
 10.7794, 3.94920,  513.109,  35.4339, 23 Aug 2024, 21:10:01
 10.7456, 3.94500,  510.637,  35.4255, 23 Aug 2024, 21:20:01
 10.8305, 3.95422,  507.918,  35.4372, 23 Aug 2024, 21:30:01
 10.8758, 3.95855,  505.322,  35.4380, 23 Aug 2024, 21:40:01
 10.9127, 3.96319,  502.974,  35.4499, 23 Aug 2024, 21:50:01
 10.9276, 3.96458,  500.873,  35.4504, 23 Aug 2024, 22:00:01
 10.9687, 3.96902,  499.143,  35.4559, 23 Aug 2024, 22:10:01
 10.9626, 3.96841,  497.660,  35.4564, 23 Aug 2024, 22:20:01
 10.9746, 3.96936,  496.424,  35.4548, 23 Aug 2024, 22:30:01
 10.9742, 3.96950,  495.312,  35.4571, 23 Aug 2024, 22:40:01
 10.9751, 3.96947,  494.447,  35.4563, 23 Aug 2024, 22:50:01
 10.9645, 3.96846,  493.829,  35.4567, 23 Aug 2024, 23:00:01
 10.9494, 3.96643,  493.458,  35.4512, 23 Aug 2024, 23:10:01
 10.9522, 3.96693,  493.087,  35.4536, 23 Aug 2024, 23:20:01
 10.9935, 3.97104,  492.840,  35.4550, 23 Aug 2024, 23:30:01
 10.9944, 3.97142,  492.593,  35.4580, 23 Aug 2024, 23:40:01
 10.9499, 3.96734,  492.593,  35.4602, 23 Aug 2024, 23:50:01
 10.8930, 3.96096,  492.593,  35.4512, 24 Aug 2024, 00:00:01
 10.8777, 3.95873,  492.469,  35.4437, 24 Aug 2024, 00:10:01
 10.8978, 3.96092,  492.469,  35.4462, 24 Aug 2024, 00:20:01
 10.9145, 3.96267,  492.346,  35.4477, 24 Aug 2024, 00:30:01
 10.9060, 3.96189,  492.469,  35.4480, 24 Aug 2024, 00:40:01
 10.9157, 3.96322,  492.593,  35.4519, 24 Aug 2024, 00:50:01
 10.9293, 3.96457,  492.469,  35.4524, 24 Aug 2024, 01:00:01
 10.9497, 3.96654,  492.593,  35.4523, 24 Aug 2024, 01:10:02
 10.9182, 3.96452,  492.593,  35.4625, 24 Aug 2024, 01:20:02
 10.8902, 3.96075,  492.593,  35.4518, 24 Aug 2024, 01:30:01
 10.8144, 3.95260,  492.593,  35.4433, 24 Aug 2024, 01:40:01
 10.8396, 3.95420,  492.346,  35.4351, 24 Aug 2024, 01:50:01
 10.8826, 3.95878,  492.469,  35.4395, 24 Aug 2024, 02:00:01
 10.8868, 3.96015,  492.840,  35.4490, 24 Aug 2024, 02:10:01
 10.8864, 3.95960,  492.840,  35.4439, 24 Aug 2024, 02:20:01
 10.8810, 3.95943,  492.963,  35.4473, 24 Aug 2024, 02:30:01
 10.8845, 3.95966,  493.087,  35.4462, 24 Aug 2024, 02:40:01
 10.8448, 3.95500,  493.458,  35.4376, 24 Aug 2024, 02:50:01
 10.8734, 3.95776,  493.581,  35.4376, 24 Aug 2024, 03:00:01
 10.7507, 3.94372,  494.076,  35.4151, 24 Aug 2024, 03:10:01
 10.7413, 3.94778,  494.323,  35.4648, 24 Aug 2024, 03:20:01
 10.7121, 3.93899,  494.817,  35.4045, 24 Aug 2024, 03:30:01
 10.7845, 3.94676,  495.188,  35.4125, 24 Aug 2024, 03:40:01
 10.8047, 3.95004,  495.930,  35.4255, 24 Aug 2024, 03:50:01
 10.7058, 3.93838,  496.918,  35.4035, 24 Aug 2024, 04:00:01
 10.7557, 3.94097,  497.536,  35.3811, 24 Aug 2024, 04:10:01
 10.8507, 3.95308,  498.278,  35.4106, 24 Aug 2024, 04:20:01
 10.8376, 3.95566,  499.019,  35.4487, 24 Aug 2024, 04:30:01
 10.7938, 3.95022,  499.761,  35.4361, 24 Aug 2024, 04:40:01
 10.7961, 3.95091,  500.750,  35.4404, 24 Aug 2024, 04:50:01
 10.8268, 3.95361,  501.738,  35.4374, 24 Aug 2024, 05:00:01
 10.8186, 3.94980,  502.851,  35.4067, 24 Aug 2024, 05:10:01
 10.8491, 3.95539,  503.839,  35.4328, 24 Aug 2024, 05:20:01
 10.8921, 3.96122,  504.828,  35.4493, 24 Aug 2024, 05:30:01
 10.8868, 3.96063,  506.435,  35.4478, 24 Aug 2024, 05:40:01
 10.8775, 3.95968,  507.547,  35.4467, 24 Aug 2024, 05:50:01
 10.8712, 3.95931,  508.412,  35.4487, 24 Aug 2024, 06:00:01
 10.8377, 3.95550,  509.524,  35.4424, 24 Aug 2024, 06:10:01
 10.8465, 3.95664,  510.760,  35.4448, 24 Aug 2024, 06:20:01
 10.8517, 3.95709,  511.873,  35.4438, 24 Aug 2024, 06:30:01
 10.7873, 3.94965,  513.109,  35.4308, 24 Aug 2024, 06:40:01
 10.8725, 3.95833,  513.974,  35.4352, 24 Aug 2024, 06:50:01
 10.8728, 3.95936,  514.839,  35.4448, 24 Aug 2024, 07:00:01
 10.8402, 3.95724,  515.580,  35.4547, 24 Aug 2024, 07:10:01
 10.8362, 3.95566,  515.457,  35.4428, 24 Aug 2024, 07:20:01
 10.8441, 3.95652,  515.086,  35.4440, 24 Aug 2024, 07:30:01
 10.8555, 3.95773,  514.962,  35.4451, 24 Aug 2024, 07:40:01
 10.8528, 3.95739,  514.592,  35.4445, 24 Aug 2024, 07:50:01
 10.8652, 3.95872,  514.097,  35.4461, 24 Aug 2024, 08:00:01
 10.8779, 3.95849,  513.232,  35.4319, 24 Aug 2024, 08:10:01
 10.8540, 3.95764,  511.996,  35.4470, 24 Aug 2024, 08:20:01
 10.8464, 3.95698,  510.760,  35.4483, 24 Aug 2024, 08:30:01
 10.8556, 3.95752,  509.895,  35.4452, 24 Aug 2024, 08:40:01
 10.9019, 3.96227,  508.783,  35.4486, 24 Aug 2024, 08:50:01
 10.9034, 3.96236,  507.671,  35.4485, 24 Aug 2024, 09:00:01
 10.8900, 3.96074,  506.558,  35.4457, 24 Aug 2024, 09:10:01
 10.8618, 3.95748,  505.322,  35.4408, 24 Aug 2024, 09:20:01
 10.8873, 3.96062,  504.087,  35.4482, 24 Aug 2024, 09:30:01
 10.8882, 3.96088,  502.974,  35.4504, 24 Aug 2024, 09:40:01
 10.8382, 3.95532,  501.862,  35.4435, 24 Aug 2024, 09:50:01
 10.8390, 3.95518,  500.750,  35.4418, 24 Aug 2024, 10:00:01
 10.8955, 3.96107,  499.637,  35.4468, 24 Aug 2024, 10:10:01
 10.9342, 3.96538,  498.896,  35.4529, 24 Aug 2024, 10:20:01
 10.9261, 3.96433,  498.154,  35.4505, 24 Aug 2024, 10:30:01
 10.9424, 3.96635,  497.413,  35.4554, 24 Aug 2024, 10:40:01
 10.9495, 3.96693,  496.795,  35.4546, 24 Aug 2024, 10:50:01
 10.9417, 3.96644,  496.053,  35.4575, 24 Aug 2024, 11:00:01
 10.9060, 3.96267,  495.682,  35.4544, 24 Aug 2024, 11:10:01
 10.8766, 3.95973,  495.312,  35.4535, 24 Aug 2024, 11:20:01
 10.8932, 3.96074,  494.817,  35.4478, 24 Aug 2024, 11:30:01
 10.9066, 3.96237,  494.447,  35.4514, 24 Aug 2024, 11:40:01
 10.9135, 3.96311,  494.076,  35.4523, 24 Aug 2024, 11:50:01
 10.8985, 3.96149,  493.829,  35.4507, 24 Aug 2024, 12:00:01
 10.9317, 3.96508,  493.458,  35.4547, 24 Aug 2024, 12:10:01
 10.9562, 3.96761,  493.458,  35.4564, 24 Aug 2024, 12:20:01
 10.9402, 3.96603,  493.334,  35.4561, 24 Aug 2024, 12:30:01
 10.9110, 3.96279,  493.211,  35.4519, 24 Aug 2024, 12:40:01
 10.9078, 3.96248,  493.211,  35.4519, 24 Aug 2024, 12:50:01
 10.9206, 3.96357,  493.211,  35.4504, 24 Aug 2024, 13:00:01
 10.9521, 3.96721,  493.087,  35.4565, 24 Aug 2024, 13:10:01
 10.9570, 3.96787,  492.963,  35.4584, 24 Aug 2024, 13:20:01
 10.9193, 3.96389,  493.087,  35.4549, 24 Aug 2024, 13:30:01
 10.9120, 3.96305,  493.087,  35.4536, 24 Aug 2024, 13:40:01
 10.9070, 3.96222,  493.087,  35.4501, 24 Aug 2024, 13:50:01
 10.9336, 3.96505,  493.211,  35.4527, 24 Aug 2024, 14:00:01
 10.9138, 3.96353,  493.334,  35.4565, 24 Aug 2024, 14:10:01
 10.8822, 3.96082,  493.581,  35.4598, 24 Aug 2024, 14:20:01
 10.9214, 3.96301,  493.829,  35.4438, 24 Aug 2024, 14:30:01
 10.9178, 3.96324,  494.199,  35.4494, 24 Aug 2024, 14:40:01
 10.9214, 3.96406,  494.447,  35.4540, 24 Aug 2024, 14:50:01
 10.9215, 3.96413,  494.570,  35.4546, 24 Aug 2024, 15:00:01
 10.9063, 3.96279,  494.817,  35.4557, 24 Aug 2024, 15:10:01
 10.9089, 3.96278,  495.188,  35.4529, 24 Aug 2024, 15:20:01
 10.9107, 3.96300,  495.435,  35.4533, 24 Aug 2024, 15:30:01
 10.8954, 3.96138,  495.930,  35.4516, 24 Aug 2024, 15:40:01
 10.8174, 3.95338,  496.795,  35.4464, 24 Aug 2024, 15:50:01
 10.8511, 3.95617,  497.413,  35.4415, 24 Aug 2024, 16:00:01
 10.8603, 3.95730,  498.154,  35.4436, 24 Aug 2024, 16:10:01
 10.7973, 3.95025,  498.896,  35.4335, 24 Aug 2024, 16:20:01
 10.7888, 3.94915,  499.390,  35.4304, 24 Aug 2024, 16:30:01
 10.8013, 3.95045,  500.255,  35.4310, 24 Aug 2024, 16:40:01
 10.8119, 3.95167,  501.120,  35.4326, 24 Aug 2024, 16:50:01
 10.7679, 3.94800,  501.862,  35.4379, 24 Aug 2024, 17:00:01
 10.8024, 3.95068,  502.480,  35.4313, 24 Aug 2024, 17:10:01
 10.8254, 3.95346,  503.469,  35.4365, 24 Aug 2024, 17:20:01
 10.8371, 3.95525,  504.457,  35.4427, 24 Aug 2024, 17:30:01
 10.8497, 3.95611,  505.322,  35.4388, 24 Aug 2024, 17:40:01
 10.8578, 3.95641,  506.187,  35.4336, 24 Aug 2024, 17:50:01
 10.8633, 3.95725,  507.423,  35.4361, 24 Aug 2024, 18:00:01
 10.8760, 3.95815,  508.536,  35.4324, 24 Aug 2024, 18:10:01
 10.8244, 3.95353,  509.648,  35.4354, 24 Aug 2024, 18:20:01
 10.8539, 3.95770,  510.884,  35.4482, 24 Aug 2024, 18:30:01
 10.8558, 3.95706,  512.120,  35.4394, 24 Aug 2024, 18:40:01
 10.8434, 3.95608,  512.861,  35.4412, 24 Aug 2024, 18:50:01
 10.8520, 3.95688,  513.479,  35.4407, 24 Aug 2024, 19:00:01
 10.8499, 3.95706,  513.850,  35.4443, 24 Aug 2024, 19:10:01
 10.8569, 3.95820,  514.221,  35.4488, 24 Aug 2024, 19:20:01
 10.8517, 3.95775,  514.592,  35.4492, 24 Aug 2024, 19:30:01
 10.8504, 3.95755,  514.839,  35.4483, 24 Aug 2024, 19:40:01
 10.8104, 3.95329,  515.457,  35.4439, 24 Aug 2024, 19:50:01
 10.8149, 3.95380,  515.828,  35.4446, 24 Aug 2024, 20:00:01
 10.8139, 3.95357,  515.704,  35.4433, 24 Aug 2024, 20:10:01
 10.8254, 3.95466,  515.210,  35.4433, 24 Aug 2024, 20:20:01
 10.8141, 3.95368,  514.962,  35.4445, 24 Aug 2024, 20:30:01
 10.7623, 3.94670,  514.221,  35.4248, 24 Aug 2024, 20:40:01
 10.7276, 3.94256,  513.479,  35.4171, 24 Aug 2024, 20:50:01
 10.7329, 3.94324,  512.738,  35.4192, 24 Aug 2024, 21:00:01
 10.7438, 3.94398,  511.625,  35.4166, 24 Aug 2024, 21:10:01
 10.7347, 3.94321,  510.142,  35.4183, 24 Aug 2024, 21:20:01
 10.7372, 3.94328,  508.659,  35.4172, 24 Aug 2024, 21:30:01
 10.6972, 3.93937,  507.423,  35.4171, 24 Aug 2024, 21:40:01
 10.6590, 3.93423,  506.187,  35.4029, 24 Aug 2024, 21:50:01
 10.6803, 3.93640,  504.952,  35.4047, 24 Aug 2024, 22:00:01
 10.7544, 3.94433,  503.469,  35.4135, 24 Aug 2024, 22:10:01
 10.7971, 3.94955,  502.109,  35.4252, 24 Aug 2024, 22:20:01
 10.7902, 3.94877,  501.120,  35.4245, 24 Aug 2024, 22:30:01
 10.7670, 3.94678,  500.255,  35.4273, 24 Aug 2024, 22:40:01
 10.7198, 3.94119,  499.267,  35.4172, 24 Aug 2024, 22:50:01
 10.7294, 3.94221,  498.278,  35.4186, 24 Aug 2024, 23:00:01
 10.7876, 3.94873,  497.166,  35.4283, 24 Aug 2024, 23:10:01
 10.7921, 3.94943,  496.300,  35.4314, 24 Aug 2024, 23:20:01
 10.7773, 3.94785,  495.435,  35.4302, 24 Aug 2024, 23:30:01
 10.7822, 3.94837,  494.941,  35.4309, 24 Aug 2024, 23:40:01
 10.7913, 3.94895,  494.447,  35.4282, 24 Aug 2024, 23:50:01
 10.7747, 3.94638,  493.952,  35.4187, 25 Aug 2024, 00:00:01
 10.7717, 3.94567,  493.458,  35.4146, 25 Aug 2024, 00:10:01
 10.7736, 3.94566,  493.211,  35.4128, 25 Aug 2024, 00:20:01
 10.7877, 3.94678,  492.963,  35.4106, 25 Aug 2024, 00:30:01
 10.8824, 3.95749,  492.469,  35.4268, 25 Aug 2024, 00:40:01
 10.7745, 3.94796,  492.593,  35.4353, 25 Aug 2024, 00:50:01
 10.7715, 3.94647,  492.346,  35.4234, 25 Aug 2024, 01:00:01
 10.7616, 3.94512,  492.222,  35.4194, 25 Aug 2024, 01:10:01
 10.7536, 3.94392,  492.222,  35.4151, 25 Aug 2024, 01:20:01
 10.7552, 3.94452,  492.222,  35.4196, 25 Aug 2024, 01:30:01
 10.7569, 3.94438,  492.098,  35.4166, 25 Aug 2024, 01:40:01
 10.7614, 3.94490,  492.222,  35.4174, 25 Aug 2024, 01:50:01
 10.7578, 3.94443,  492.098,  35.4162, 25 Aug 2024, 02:00:01
 10.7597, 3.94464,  492.222,  35.4164, 25 Aug 2024, 02:10:01
