odissea/data/moor/raw/ce25007/microcat/5510_data.asc
* Sea-Bird SBE37 Data File:
* FileName = C:\CE25007_recovery_data\5510_data.asc
* Software Version 1.59
* Temperature SN = 5510
* Conductivity SN = 5510
* System UpLoad Time = May 13 2025 17:59:09
* ds
* SBE37-SM V 2.6b  SERIAL NO. 5510    13 May 2025  17:59:55
*END*
[from data line 4199]
 10.4706, 3.91169,  492.469,  35.3641, 25 Jul 2024, 03:20:01
 10.4819, 3.91278,  492.716,  35.3640, 25 Jul 2024, 03:30:01
 10.5173, 3.91674,  492.963,  35.3696, 25 Jul 2024, 03:40:01
 10.5197, 3.91700,  493.334,  35.3698, 25 Jul 2024, 03:50:01
 10.5230, 3.91724,  493.705,  35.3688, 25 Jul 2024, 04:00:01
 10.5007, 3.91467,  494.076,  35.3643, 25 Jul 2024, 04:10:01
 10.4946, 3.91532,  494.570,  35.3765, 25 Jul 2024, 04:20:01
 10.5172, 3.91667,  495.188,  35.3680, 25 Jul 2024, 04:30:01
 10.5210, 3.91704,  495.806,  35.3678, 25 Jul 2024, 04:40:01
 10.5188, 3.91688,  496.424,  35.3680, 25 Jul 2024, 04:50:01
 10.5168, 3.91699,  497.042,  35.3708, 25 Jul 2024, 05:00:01
 10.5115, 3.91640,  497.907,  35.3696, 25 Jul 2024, 05:10:01
 10.4735, 3.91244,  498.896,  35.3659, 25 Jul 2024, 05:20:01
 10.4827, 3.91327,  499.761,  35.3650, 25 Jul 2024, 05:30:01
 10.4188, 3.90651,  500.873,  35.3581, 25 Jul 2024, 05:40:01
 10.4651, 3.91159,  501.738,  35.3642, 25 Jul 2024, 05:50:01
 10.4829, 3.91329,  502.851,  35.3637, 25 Jul 2024, 06:00:01
 10.5061, 3.91607,  503.963,  35.3688, 25 Jul 2024, 06:10:01
 10.4781, 3.91266,  505.199,  35.3609, 25 Jul 2024, 06:20:01
 10.4871, 3.91346,  505.940,  35.3599, 25 Jul 2024, 06:30:01
 10.4937, 3.91443,  506.682,  35.3630, 25 Jul 2024, 06:40:01
 10.4455, 3.90944,  507.547,  35.3589, 25 Jul 2024, 06:50:01
 10.4110, 3.90516,  508.041,  35.3488, 25 Jul 2024, 07:00:01
 10.4038, 3.90422,  508.412,  35.3461, 25 Jul 2024, 07:10:01
 10.4301, 3.90704,  508.659,  35.3490, 25 Jul 2024, 07:20:01
 10.4436, 3.90893,  508.783,  35.3550, 25 Jul 2024, 07:30:01
 10.4938, 3.91493,  508.659,  35.3671, 25 Jul 2024, 07:40:01
 10.4746, 3.91180,  508.412,  35.3542, 25 Jul 2024, 07:50:01
 10.5446, 3.92162,  507.918,  35.3858, 25 Jul 2024, 08:00:01
 10.5224, 3.91918,  507.300,  35.3829, 25 Jul 2024, 08:10:01
 10.5001, 3.91639,  506.558,  35.3767, 25 Jul 2024, 08:20:01
 10.5081, 3.91753,  505.570,  35.3809, 25 Jul 2024, 08:30:01
 10.4581, 3.91126,  504.704,  35.3663, 25 Jul 2024, 08:40:01
 10.5287, 3.91890,  503.469,  35.3757, 25 Jul 2024, 08:50:01
 10.6009, 3.92690,  502.480,  35.3869, 25 Jul 2024, 09:00:01
 10.5801, 3.92465,  501.615,  35.3848, 25 Jul 2024, 09:10:01
 10.5584, 3.92226,  500.626,  35.3821, 25 Jul 2024, 09:20:01
 10.5246, 3.91804,  499.637,  35.3727, 25 Jul 2024, 09:30:01
 10.5130, 3.91638,  498.525,  35.3677, 25 Jul 2024, 09:40:01
 10.4959, 3.91437,  497.536,  35.3644, 25 Jul 2024, 09:50:01
 10.4857, 3.91282,  496.671,  35.3590, 25 Jul 2024, 10:00:01
 10.4648, 3.91052,  495.930,  35.3563, 25 Jul 2024, 10:10:01
 10.4338, 3.90741,  495.312,  35.3552, 25 Jul 2024, 10:20:01
 10.4393, 3.90756,  494.570,  35.3517, 25 Jul 2024, 10:30:01
 10.3681, 3.90135,  494.199,  35.3580, 25 Jul 2024, 10:40:01
 10.3492, 3.89772,  493.829,  35.3397, 25 Jul 2024, 10:50:01
 10.3712, 3.89986,  493.458,  35.3403, 25 Jul 2024, 11:00:01
 10.4167, 3.90463,  492.963,  35.3447, 25 Jul 2024, 11:10:01
 10.4661, 3.91009,  492.716,  35.3521, 25 Jul 2024, 11:20:01
 10.4987, 3.91356,  492.716,  35.3556, 25 Jul 2024, 11:30:01
 10.4683, 3.91053,  492.593,  35.3545, 25 Jul 2024, 11:40:01
 10.4546, 3.90881,  492.469,  35.3504, 25 Jul 2024, 11:50:01
 10.4840, 3.91205,  492.222,  35.3548, 25 Jul 2024, 12:00:01
 10.5093, 3.91448,  492.222,  35.3549, 25 Jul 2024, 12:10:01
 10.4998, 3.91408,  492.098,  35.3601, 25 Jul 2024, 12:20:01
 10.4934, 3.91345,  492.098,  35.3599, 25 Jul 2024, 12:30:01
 10.4910, 3.91284,  491.975,  35.3562, 25 Jul 2024, 12:40:01
 10.4841, 3.91229,  491.975,  35.3573, 25 Jul 2024, 12:50:01
 10.4411, 3.90933,  491.975,  35.3690, 25 Jul 2024, 13:00:01
 10.3888, 3.90266,  491.975,  35.3522, 25 Jul 2024, 13:10:01
 10.4107, 3.90303,  491.851,  35.3348, 25 Jul 2024, 13:20:01
 10.4601, 3.90801,  491.975,  35.3373, 25 Jul 2024, 13:30:01
 10.4915, 3.91264,  491.851,  35.3537, 25 Jul 2024, 13:40:01
 10.5139, 3.91523,  491.975,  35.3581, 25 Jul 2024, 13:50:01
 10.5259, 3.91696,  491.975,  35.3640, 25 Jul 2024, 14:00:01
 10.5063, 3.91574,  492.098,  35.3706, 25 Jul 2024, 14:10:01
 10.4698, 3.91169,  492.098,  35.3650, 25 Jul 2024, 14:20:01
 10.4450, 3.90902,  492.222,  35.3620, 25 Jul 2024, 14:30:01
 10.4899, 3.91160,  492.222,  35.3446, 25 Jul 2024, 14:40:01
 10.4921, 3.91540,  492.469,  35.3807, 25 Jul 2024, 14:50:01
 10.5367, 3.91710,  492.593,  35.3547, 25 Jul 2024, 15:00:01
 10.6547, 3.93107,  492.840,  35.3812, 25 Jul 2024, 15:10:01
 10.6791, 3.93548,  493.334,  35.4018, 25 Jul 2024, 15:20:01
 10.7001, 3.93899,  493.705,  35.4166, 25 Jul 2024, 15:30:01
 10.7001, 3.93956,  494.076,  35.4222, 25 Jul 2024, 15:40:01
 10.6874, 3.93815,  494.570,  35.4200, 25 Jul 2024, 15:50:01
 10.6790, 3.93707,  494.941,  35.4171, 25 Jul 2024, 16:00:01
 10.6383, 3.93314,  495.682,  35.4166, 25 Jul 2024, 16:10:01
 10.6568, 3.93412,  496.300,  35.4083, 25 Jul 2024, 16:20:01
 10.6457, 3.93315,  497.166,  35.4089, 25 Jul 2024, 16:30:01
 10.6118, 3.93033,  498.154,  35.4129, 25 Jul 2024, 16:40:01
 10.5897, 3.92786,  499.019,  35.4090, 25 Jul 2024, 16:50:01
 10.6231, 3.93103,  500.008,  35.4082, 25 Jul 2024, 17:00:01
 10.6722, 3.93637,  500.997,  35.4140, 25 Jul 2024, 17:10:01
 10.7025, 3.94030,  502.233,  35.4236, 25 Jul 2024, 17:20:01
 10.7057, 3.94074,  503.345,  35.4245, 25 Jul 2024, 17:30:01
 10.7202, 3.94223,  504.457,  35.4250, 25 Jul 2024, 17:40:01
 10.6928, 3.94032,  505.940,  35.4316, 25 Jul 2024, 17:50:01
 10.6941, 3.94005,  507.176,  35.4271, 25 Jul 2024, 18:00:01
 10.6901, 3.93915,  508.412,  35.4213, 25 Jul 2024, 18:10:01
 10.6967, 3.94009,  509.648,  35.4238, 25 Jul 2024, 18:20:01
 10.7367, 3.94441,  510.884,  35.4280, 25 Jul 2024, 18:30:01
 10.7830, 3.94932,  512.120,  35.4321, 25 Jul 2024, 18:40:01
 10.7897, 3.95035,  513.109,  35.4355, 25 Jul 2024, 18:50:01
 10.7670, 3.94788,  513.850,  35.4323, 25 Jul 2024, 19:00:01
 10.7703, 3.94830,  514.221,  35.4332, 25 Jul 2024, 19:10:01
 10.7938, 3.95104,  514.221,  35.4380, 25 Jul 2024, 19:20:01
 10.7954, 3.95110,  514.468,  35.4369, 25 Jul 2024, 19:30:01
 10.7982, 3.95135,  514.592,  35.4367, 25 Jul 2024, 19:40:01
 10.7744, 3.94866,  514.221,  35.4328, 25 Jul 2024, 19:50:01
 10.7914, 3.95068,  513.232,  35.4371, 25 Jul 2024, 20:00:01
 10.7319, 3.94387,  512.367,  35.4266, 25 Jul 2024, 20:10:01
 10.7738, 3.94838,  511.007,  35.4320, 25 Jul 2024, 20:20:01
 10.8416, 3.95563,  509.772,  35.4398, 25 Jul 2024, 20:30:01
 10.8600, 3.95769,  508.412,  35.4433, 25 Jul 2024, 20:40:01
 10.8399, 3.95570,  507.053,  35.4434, 25 Jul 2024, 20:50:01
 10.8514, 3.95656,  505.693,  35.4415, 25 Jul 2024, 21:00:01
 10.8717, 3.95870,  504.457,  35.4439, 25 Jul 2024, 21:10:01
 10.8737, 3.95920,  502.851,  35.4477, 25 Jul 2024, 21:20:01
 10.8879, 3.96001,  501.244,  35.4428, 25 Jul 2024, 21:30:01
 10.8877, 3.96040,  499.884,  35.4475, 25 Jul 2024, 21:40:01
 10.8987, 3.96127,  498.772,  35.4461, 25 Jul 2024, 21:50:01
 10.8845, 3.96066,  497.907,  35.4540, 25 Jul 2024, 22:00:01
 10.8913, 3.96002,  496.918,  35.4415, 25 Jul 2024, 22:10:01
 10.8829, 3.95953,  496.177,  35.4450, 25 Jul 2024, 22:20:01
 10.8771, 3.95889,  495.312,  35.4446, 25 Jul 2024, 22:30:01
 10.8707, 3.95813,  494.570,  35.4435, 25 Jul 2024, 22:40:01
 10.8676, 3.95783,  494.076,  35.4437, 25 Jul 2024, 22:50:01
 10.8741, 3.95848,  493.705,  35.4441, 25 Jul 2024, 23:00:01
 10.8784, 3.95883,  493.334,  35.4436, 25 Jul 2024, 23:10:01
 10.8779, 3.95885,  493.211,  35.4444, 25 Jul 2024, 23:20:01
 10.8616, 3.95745,  492.963,  35.4462, 25 Jul 2024, 23:30:01
 10.8192, 3.95396,  492.840,  35.4522, 25 Jul 2024, 23:40:01
 10.8125, 3.95152,  492.593,  35.4343, 25 Jul 2024, 23:50:01
 10.8444, 3.95513,  492.469,  35.4398, 26 Jul 2024, 00:00:01
 10.8634, 3.95711,  492.469,  35.4413, 26 Jul 2024, 00:10:01
 10.8684, 3.95771,  492.346,  35.4425, 26 Jul 2024, 00:20:00
 10.8701, 3.95796,  492.222,  35.4434, 26 Jul 2024, 00:30:00
 10.8778, 3.95875,  492.098,  35.4440, 26 Jul 2024, 00:40:00
 10.8795, 3.95898,  492.098,  35.4446, 26 Jul 2024, 00:50:00
 10.8727, 3.95857,  491.975,  35.4471, 26 Jul 2024, 01:00:00
 10.8638, 3.95760,  491.975,  35.4460, 26 Jul 2024, 01:10:00
 10.8669, 3.95754,  491.975,  35.4424, 26 Jul 2024, 01:20:01
 10.8682, 3.95786,  491.851,  35.4444, 26 Jul 2024, 01:30:01
 10.8457, 3.95631,  491.851,  35.4506, 26 Jul 2024, 01:40:01
 10.7658, 3.94941,  491.851,  35.4586, 26 Jul 2024, 01:50:01
 10.7658, 3.94601,  491.851,  35.4245, 26 Jul 2024, 02:00:01
 10.8416, 3.95493,  491.728,  35.4408, 26 Jul 2024, 02:10:01
 10.8629, 3.95651,  491.851,  35.4360, 26 Jul 2024, 02:20:01
 10.8675, 3.95778,  491.851,  35.4443, 26 Jul 2024, 02:30:01
 10.8586, 3.95703,  491.851,  35.4454, 26 Jul 2024, 02:40:01
 10.8163, 3.95060,  491.975,  35.4217, 26 Jul 2024, 02:50:01
 10.7519, 3.94663,  491.975,  35.4441, 26 Jul 2024, 03:00:01
 10.6955, 3.93903,  491.975,  35.4222, 26 Jul 2024, 03:10:01
 10.7712, 3.94567,  491.975,  35.4158, 26 Jul 2024, 03:20:01
 10.6779, 3.94228,  492.346,  35.4717, 26 Jul 2024, 03:30:01
 10.6089, 3.93191,  492.346,  35.4342, 26 Jul 2024, 03:40:01
 10.5651, 3.92622,  492.469,  35.4192, 26 Jul 2024, 03:50:01
 10.5431, 3.92397,  492.593,  35.4177, 26 Jul 2024, 04:00:01
 10.5619, 3.92544,  492.840,  35.4142, 26 Jul 2024, 04:10:01
 10.5627, 3.92380,  493.211,  35.3968, 26 Jul 2024, 04:20:01
 10.5351, 3.92335,  493.581,  35.4188, 26 Jul 2024, 04:30:01
 10.5877, 3.92798,  494.076,  35.4143, 26 Jul 2024, 04:40:01
 10.5558, 3.92313,  494.447,  35.3962, 26 Jul 2024, 04:50:01
 10.5843, 3.92759,  494.941,  35.4133, 26 Jul 2024, 05:00:01
 10.5834, 3.92710,  495.682,  35.4089, 26 Jul 2024, 05:10:01
 10.5979, 3.92867,  496.177,  35.4105, 26 Jul 2024, 05:20:01
 10.6049, 3.92918,  497.042,  35.4085, 26 Jul 2024, 05:30:01
 10.6337, 3.93210,  497.783,  35.4097, 26 Jul 2024, 05:40:01
 10.7347, 3.94330,  498.278,  35.4244, 26 Jul 2024, 05:50:01
 10.7990, 3.95099,  499.019,  35.4392, 26 Jul 2024, 06:00:01
 10.7904, 3.95018,  499.761,  35.4390, 26 Jul 2024, 06:10:01
 10.8345, 3.95459,  500.626,  35.4403, 26 Jul 2024, 06:20:01
 10.8383, 3.95486,  501.491,  35.4390, 26 Jul 2024, 06:30:01
 10.8107, 3.95224,  502.356,  35.4389, 26 Jul 2024, 06:40:01
 10.7965, 3.95089,  503.098,  35.4388, 26 Jul 2024, 06:50:01
 10.7804, 3.94853,  503.963,  35.4303, 26 Jul 2024, 07:00:01
 10.8343, 3.95485,  504.704,  35.4413, 26 Jul 2024, 07:10:01
 10.8311, 3.95460,  505.446,  35.4415, 26 Jul 2024, 07:20:01
 10.8321, 3.95478,  505.817,  35.4422, 26 Jul 2024, 07:30:01
 10.8305, 3.95452,  506.187,  35.4410, 26 Jul 2024, 07:40:01
 10.8392, 3.95559,  506.435,  35.4432, 26 Jul 2024, 07:50:01
 10.8395, 3.95531,  506.682,  35.4400, 26 Jul 2024, 08:00:01
 10.8500, 3.95656,  506.682,  35.4424, 26 Jul 2024, 08:10:01
 10.8432, 3.95584,  506.435,  35.4418, 26 Jul 2024, 08:20:01
 10.8255, 3.95404,  506.187,  35.4410, 26 Jul 2024, 08:30:01
 10.8094, 3.95242,  505.940,  35.4404, 26 Jul 2024, 08:40:01
 10.8151, 3.95294,  505.446,  35.4403, 26 Jul 2024, 08:50:01
 10.7648, 3.94678,  504.952,  35.4273, 26 Jul 2024, 09:00:01
 10.7602, 3.94632,  504.210,  35.4275, 26 Jul 2024, 09:10:01
 10.7626, 3.94600,  503.345,  35.4224, 26 Jul 2024, 09:20:01
 10.7605, 3.94563,  502.480,  35.4211, 26 Jul 2024, 09:30:01
 10.7579, 3.94531,  501.491,  35.4208, 26 Jul 2024, 09:40:01
 10.7999, 3.94976,  500.626,  35.4253, 26 Jul 2024, 09:50:01
 10.8531, 3.95544,  499.761,  35.4312, 26 Jul 2024, 10:00:01
 10.8872, 3.95973,  498.896,  35.4417, 26 Jul 2024, 10:10:01
 10.8699, 3.95788,  498.154,  35.4402, 26 Jul 2024, 10:20:01
 10.8788, 3.95874,  497.413,  35.4406, 26 Jul 2024, 10:30:01
 10.8900, 3.95995,  496.671,  35.4422, 26 Jul 2024, 10:40:01
 10.8572, 3.95697,  496.053,  35.4443, 26 Jul 2024, 10:50:01
 10.8481, 3.95563,  495.312,  35.4399, 26 Jul 2024, 11:00:01
 10.8631, 3.95671,  494.817,  35.4365, 26 Jul 2024, 11:10:01
 10.8819, 3.95895,  494.199,  35.4411, 26 Jul 2024, 11:20:01
 10.8824, 3.95911,  493.829,  35.4424, 26 Jul 2024, 11:30:01
 10.8723, 3.95806,  493.581,  35.4417, 26 Jul 2024, 11:40:01
 10.8678, 3.95759,  493.211,  35.4415, 26 Jul 2024, 11:50:01
 10.8668, 3.95740,  492.963,  35.4407, 26 Jul 2024, 12:00:01
 10.8679, 3.95749,  492.840,  35.4406, 26 Jul 2024, 12:10:01
 10.8600, 3.95697,  492.716,  35.4430, 26 Jul 2024, 12:20:01
 10.8602, 3.95682,  492.593,  35.4414, 26 Jul 2024, 12:30:01
 10.8556, 3.95628,  492.469,  35.4405, 26 Jul 2024, 12:40:01
 10.8598, 3.95635,  492.346,  35.4372, 26 Jul 2024, 12:50:01
 10.8600, 3.95649,  492.222,  35.4384, 26 Jul 2024, 13:00:01
 10.8614, 3.95683,  492.222,  35.4405, 26 Jul 2024, 13:10:01
 10.8538, 3.95619,  492.098,  35.4415, 26 Jul 2024, 13:20:01
 10.8284, 3.95376,  492.098,  35.4416, 26 Jul 2024, 13:30:01
 10.8203, 3.95252,  491.975,  35.4371, 26 Jul 2024, 13:40:01
 10.8521, 3.95533,  491.975,  35.4346, 26 Jul 2024, 13:50:01
 10.8796, 3.95844,  491.851,  35.4392, 26 Jul 2024, 14:00:01
 10.9063, 3.96132,  491.851,  35.4423, 26 Jul 2024, 14:10:01
 10.8891, 3.95980,  491.975,  35.4436, 26 Jul 2024, 14:20:01
 10.8549, 3.95650,  491.975,  35.4436, 26 Jul 2024, 14:30:01
 10.8367, 3.95439,  491.975,  35.4400, 26 Jul 2024, 14:40:01
 10.8394, 3.95465,  491.975,  35.4400, 26 Jul 2024, 14:50:01
 10.8371, 3.95432,  492.098,  35.4389, 26 Jul 2024, 15:00:01
 10.8201, 3.95276,  492.222,  35.4396, 26 Jul 2024, 15:10:01
 10.8192, 3.95264,  492.346,  35.4392, 26 Jul 2024, 15:20:01
 10.8162, 3.95237,  492.469,  35.4393, 26 Jul 2024, 15:30:01
 10.8164, 3.95230,  492.593,  35.4384, 26 Jul 2024, 15:40:01
 10.8200, 3.95261,  492.840,  35.4379, 26 Jul 2024, 15:50:01
 10.8105, 3.95150,  493.087,  35.4358, 26 Jul 2024, 16:00:01
 10.7988, 3.95020,  493.458,  35.4339, 26 Jul 2024, 16:10:01
 10.7711, 3.94761,  493.829,  35.4345, 26 Jul 2024, 16:20:01
 10.7504, 3.94506,  494.199,  35.4288, 26 Jul 2024, 16:30:01
 10.7496, 3.94486,  494.570,  35.4274, 26 Jul 2024, 16:40:01
 10.7498, 3.94486,  495.064,  35.4269, 26 Jul 2024, 16:50:01
 10.7502, 3.94490,  495.559,  35.4267, 26 Jul 2024, 17:00:01
 10.7531, 3.94560,  496.300,  35.4306, 26 Jul 2024, 17:10:01
 10.7421, 3.94462,  496.918,  35.4311, 26 Jul 2024, 17:20:01
 10.7233, 3.94285,  497.536,  35.4313, 26 Jul 2024, 17:30:01
 10.7307, 3.94427,  498.154,  35.4381, 26 Jul 2024, 17:40:01
 10.7423, 3.94507,  498.896,  35.4346, 26 Jul 2024, 17:50:01
 10.7078, 3.94036,  499.761,  35.4202, 26 Jul 2024, 18:00:01
 10.7341, 3.94483,  500.379,  35.4394, 26 Jul 2024, 18:10:01
 10.7370, 3.94478,  501.120,  35.4358, 26 Jul 2024, 18:20:01
 10.6984, 3.94053,  501.862,  35.4301, 26 Jul 2024, 18:30:01
 10.7652, 3.94794,  502.727,  35.4396, 26 Jul 2024, 18:40:01
 10.7347, 3.94403,  503.716,  35.4294, 26 Jul 2024, 18:50:01
 10.7510, 3.94552,  504.334,  35.4283, 26 Jul 2024, 19:00:01
 10.7523, 3.94579,  504.952,  35.4295, 26 Jul 2024, 19:10:01
 10.7951, 3.95017,  505.570,  35.4318, 26 Jul 2024, 19:20:01
 10.7853, 3.94883,  506.187,  35.4276, 26 Jul 2024, 19:30:01
 10.8028, 3.95106,  506.558,  35.4329, 26 Jul 2024, 19:40:01
 10.8030, 3.95130,  506.929,  35.4349, 26 Jul 2024, 19:50:01
 10.8149, 3.95270,  507.053,  35.4374, 26 Jul 2024, 20:00:01
 10.8138, 3.95264,  507.053,  35.4379, 26 Jul 2024, 20:10:01
 10.8114, 3.95252,  507.053,  35.4390, 26 Jul 2024, 20:20:01
 10.8120, 3.95285,  506.805,  35.4418, 26 Jul 2024, 20:30:01
 10.8101, 3.95274,  506.435,  35.4427, 26 Jul 2024, 20:40:01
 10.8103, 3.95281,  505.817,  35.4435, 26 Jul 2024, 20:50:01
 10.8163, 3.95278,  505.199,  35.4377, 26 Jul 2024, 21:00:01
 10.9028, 3.96193,  504.457,  35.4462, 26 Jul 2024, 21:10:01
 10.9057, 3.96223,  503.839,  35.4467, 26 Jul 2024, 21:20:01
 10.8294, 3.95372,  503.221,  35.4354, 26 Jul 2024, 21:30:01
 10.8243, 3.95292,  502.356,  35.4326, 26 Jul 2024, 21:40:01
 10.8604, 3.95615,  501.368,  35.4306, 26 Jul 2024, 21:50:01
 10.9132, 3.96286,  500.502,  35.4472, 26 Jul 2024, 22:00:01
 10.9194, 3.96331,  499.390,  35.4463, 26 Jul 2024, 22:10:01
 10.9177, 3.96312,  498.401,  35.4464, 26 Jul 2024, 22:20:01
 10.9035, 3.96156,  497.536,  35.4449, 26 Jul 2024, 22:30:01
 10.8549, 3.95680,  496.795,  35.4444, 26 Jul 2024, 22:40:01
