odissea/data/moor/raw/ce25007/microcat/5510_data.asc
* Sea-Bird SBE37 Data File:
* FileName = C:\CE25007_recovery_data\5510_data.asc
* Software Version 1.59
* Temperature SN = 5510
* Conductivity SN = 5510
* System UpLoad Time = May 13 2025 17:59:09
* ds
* SBE37-SM V 2.6b  SERIAL NO. 5510    13 May 2025  17:59:55
*END*
[from data line 12330]
 10.8297, 3.95541,  508.907,  35.4495, 19 Sep 2024, 14:30:01
 10.8164, 3.95362,  511.131,  35.4434, 19 Sep 2024, 14:40:01
 10.7991, 3.95185,  513.356,  35.4413, 19 Sep 2024, 14:50:01
 10.7645, 3.94876,  515.704,  35.4427, 19 Sep 2024, 15:00:01
 10.7096, 3.94311,  518.299,  35.4379, 19 Sep 2024, 15:10:01
 10.6766, 3.93957,  521.142,  35.4329, 19 Sep 2024, 15:20:01
 10.6822, 3.94013,  524.108,  35.4318, 19 Sep 2024, 15:30:01
 10.6903, 3.94118,  527.074,  35.4333, 19 Sep 2024, 15:40:01
 10.5959, 3.93098,  530.411,  35.4204, 19 Sep 2024, 15:50:01
 10.5825, 3.92939,  533.624,  35.4159, 19 Sep 2024, 16:00:01
 10.5408, 3.92552,  536.838,  35.4159, 19 Sep 2024, 16:10:01
 10.5472, 3.92510,  539.309,  35.4043, 19 Sep 2024, 16:20:01
 10.5610, 3.92683,  541.658,  35.4074, 19 Sep 2024, 16:30:01
 10.5594, 3.92673,  543.512,  35.4071, 19 Sep 2024, 16:40:01
 10.5561, 3.92675,  544.624,  35.4100, 19 Sep 2024, 16:50:01
 10.5464, 3.92574,  545.118,  35.4090, 19 Sep 2024, 17:00:01
 10.5221, 3.92297,  545.736,  35.4043, 19 Sep 2024, 17:10:01
 10.5063, 3.92159,  545.489,  35.4058, 19 Sep 2024, 17:20:01
 10.5241, 3.92326,  544.624,  35.4058, 19 Sep 2024, 17:30:01
 10.5545, 3.92645,  543.141,  35.4092, 19 Sep 2024, 17:40:01
 10.5576, 3.92678,  541.658,  35.4102, 19 Sep 2024, 17:50:01
 10.5920, 3.93034,  539.804,  35.4136, 19 Sep 2024, 18:00:01
 10.6291, 3.93395,  537.703,  35.4150, 19 Sep 2024, 18:10:01
 10.6922, 3.94048,  535.725,  35.4205, 19 Sep 2024, 18:20:01
 10.7472, 3.94627,  533.872,  35.4264, 19 Sep 2024, 18:30:01
 10.7278, 3.94499,  531.523,  35.4333, 19 Sep 2024, 18:40:01
 10.7291, 3.94472,  528.557,  35.4307, 19 Sep 2024, 18:50:01
 10.7524, 3.94669,  525.591,  35.4292, 19 Sep 2024, 19:00:01
 10.7751, 3.94972,  522.996,  35.4389, 19 Sep 2024, 19:10:01
 10.7847, 3.95037,  520.647,  35.4372, 19 Sep 2024, 19:20:01
 10.7595, 3.94736,  518.052,  35.4325, 19 Sep 2024, 19:30:01
 10.7641, 3.94793,  515.333,  35.4349, 19 Sep 2024, 19:40:01
 10.7515, 3.94648,  512.614,  35.4338, 19 Sep 2024, 19:50:01
 10.8081, 3.95146,  509.895,  35.4303, 19 Sep 2024, 20:00:01
 10.8041, 3.95191,  507.053,  35.4399, 19 Sep 2024, 20:10:01
 10.8104, 3.95235,  504.457,  35.4394, 19 Sep 2024, 20:20:01
 10.8163, 3.95312,  502.233,  35.4424, 19 Sep 2024, 20:30:01
 10.8290, 3.95411,  500.626,  35.4408, 19 Sep 2024, 20:40:01
 10.8364, 3.95482,  499.143,  35.4414, 19 Sep 2024, 20:50:01
 10.8326, 3.95448,  497.783,  35.4423, 19 Sep 2024, 21:00:01
 10.8316, 3.95448,  496.671,  35.4437, 19 Sep 2024, 21:10:01
 10.8304, 3.95416,  495.806,  35.4421, 19 Sep 2024, 21:20:01
 10.8240, 3.95301,  495.188,  35.4370, 19 Sep 2024, 21:30:01
 10.8308, 3.95422,  494.570,  35.4428, 19 Sep 2024, 21:40:01
 10.8380, 3.95487,  494.199,  35.4426, 19 Sep 2024, 21:50:01
 10.8273, 3.95395,  493.829,  35.4438, 19 Sep 2024, 22:00:01
 10.8221, 3.95274,  493.705,  35.4368, 19 Sep 2024, 22:10:01
 10.8065, 3.95074,  493.458,  35.4319, 19 Sep 2024, 22:20:01
 10.8082, 3.95070,  493.211,  35.4300, 19 Sep 2024, 22:30:01
 10.8026, 3.95018,  493.087,  35.4302, 19 Sep 2024, 22:40:01
 10.8160, 3.95142,  492.963,  35.4298, 19 Sep 2024, 22:50:01
 10.8373, 3.95373,  492.963,  35.4324, 19 Sep 2024, 23:00:01
 10.8131, 3.95130,  492.963,  35.4314, 19 Sep 2024, 23:10:01
 10.8062, 3.95107,  492.840,  35.4358, 19 Sep 2024, 23:20:01
 10.8173, 3.95243,  492.716,  35.4388, 19 Sep 2024, 23:30:01
 10.8090, 3.95205,  492.840,  35.4429, 19 Sep 2024, 23:40:01
 10.8099, 3.95159,  492.840,  35.4374, 19 Sep 2024, 23:50:01
 10.8185, 3.95252,  492.840,  35.4384, 20 Sep 2024, 00:00:01
 10.8197, 3.95270,  493.087,  35.4390, 20 Sep 2024, 00:10:01
 10.8166, 3.95251,  493.087,  35.4401, 20 Sep 2024, 00:20:01
 10.8172, 3.95215,  493.211,  35.4358, 20 Sep 2024, 00:30:01
 10.8081, 3.95140,  493.334,  35.4370, 20 Sep 2024, 00:40:01
 10.8043, 3.95084,  493.581,  35.4350, 20 Sep 2024, 00:50:02
 10.8014, 3.95060,  493.952,  35.4352, 20 Sep 2024, 01:00:02
 10.7817, 3.94879,  494.323,  35.4359, 20 Sep 2024, 01:10:02
 10.7760, 3.94817,  494.941,  35.4349, 20 Sep 2024, 01:20:02
 10.7780, 3.94825,  495.435,  35.4336, 20 Sep 2024, 01:30:02
 10.7767, 3.94837,  496.053,  35.4358, 20 Sep 2024, 01:40:02
 10.7741, 3.94824,  496.795,  35.4366, 20 Sep 2024, 01:50:02
 10.7721, 3.94794,  497.413,  35.4353, 20 Sep 2024, 02:00:02
 10.7646, 3.94738,  498.525,  35.4364, 20 Sep 2024, 02:10:01
 10.7590, 3.94667,  499.761,  35.4341, 20 Sep 2024, 02:20:01
 10.7658, 3.94763,  500.997,  35.4367, 20 Sep 2024, 02:30:01
 10.7646, 3.94749,  502.356,  35.4358, 20 Sep 2024, 02:40:01
 10.7188, 3.94234,  504.087,  35.4276, 20 Sep 2024, 02:50:01
 10.7400, 3.94523,  505.940,  35.4353, 20 Sep 2024, 03:00:01
 10.6864, 3.93871,  507.918,  35.4207, 20 Sep 2024, 03:10:01
 10.6666, 3.93686,  510.019,  35.4203, 20 Sep 2024, 03:20:01
 10.6564, 3.93607,  511.996,  35.4213, 20 Sep 2024, 03:30:01
 10.6444, 3.93403,  514.097,  35.4115, 20 Sep 2024, 03:40:01
 10.7003, 3.94155,  516.198,  35.4321, 20 Sep 2024, 03:50:01
 10.6826, 3.93973,  518.546,  35.4299, 20 Sep 2024, 04:00:01
 10.6614, 3.93764,  520.895,  35.4283, 20 Sep 2024, 04:10:01
 10.6959, 3.94162,  523.490,  35.4338, 20 Sep 2024, 04:20:01
 10.6942, 3.94175,  526.333,  35.4355, 20 Sep 2024, 04:30:01
 10.7015, 3.94249,  528.804,  35.4348, 20 Sep 2024, 04:40:01
 10.7194, 3.94418,  531.276,  35.4334, 20 Sep 2024, 04:50:01
 10.7146, 3.94425,  533.254,  35.4379, 20 Sep 2024, 05:00:01
 10.7032, 3.94297,  534.984,  35.4352, 20 Sep 2024, 05:10:01
 10.7150, 3.94439,  536.467,  35.4375, 20 Sep 2024, 05:20:01
 10.6887, 3.94164,  537.826,  35.4346, 20 Sep 2024, 05:30:01
 10.6573, 3.93810,  539.186,  35.4288, 20 Sep 2024, 05:40:01
 10.6853, 3.94131,  540.175,  35.4336, 20 Sep 2024, 05:50:01
 10.6793, 3.94071,  540.669,  35.4331, 20 Sep 2024, 06:00:01
 10.6616, 3.93893,  540.298,  35.4325, 20 Sep 2024, 06:10:01
 10.6427, 3.93663,  539.062,  35.4282, 20 Sep 2024, 06:20:01
 10.5732, 3.92917,  537.456,  35.4210, 20 Sep 2024, 06:30:01
 10.5091, 3.92238,  535.725,  35.4154, 20 Sep 2024, 06:40:01
 10.5943, 3.93155,  533.748,  35.4262, 20 Sep 2024, 06:50:01
 10.6000, 3.93193,  531.523,  35.4255, 20 Sep 2024, 07:00:01
 10.6232, 3.93234,  529.052,  35.4083, 20 Sep 2024, 07:10:01
 10.6961, 3.93997,  526.085,  35.4159, 20 Sep 2024, 07:20:01
 10.7196, 3.94412,  523.243,  35.4362, 20 Sep 2024, 07:30:01
 10.7280, 3.94502,  520.400,  35.4384, 20 Sep 2024, 07:40:01
 10.7168, 3.94306,  517.805,  35.4306, 20 Sep 2024, 07:50:01
 10.7538, 3.94708,  515.333,  35.4364, 20 Sep 2024, 08:00:01
 10.7741, 3.94946,  513.232,  35.4416, 20 Sep 2024, 08:10:01
 10.7771, 3.94916,  510.637,  35.4368, 20 Sep 2024, 08:20:01
 10.7855, 3.95002,  508.165,  35.4384, 20 Sep 2024, 08:30:01
 10.8104, 3.95273,  505.693,  35.4427, 20 Sep 2024, 08:40:01
 10.7210, 3.94243,  503.963,  35.4264, 20 Sep 2024, 08:50:01
 10.7292, 3.94357,  501.862,  35.4309, 20 Sep 2024, 09:00:01
 10.7496, 3.94496,  500.132,  35.4259, 20 Sep 2024, 09:10:01
 10.7584, 3.94610,  498.772,  35.4294, 20 Sep 2024, 09:20:01
 10.6954, 3.94151,  497.783,  35.4446, 20 Sep 2024, 09:30:01
 10.6279, 3.93369,  497.042,  35.4316, 20 Sep 2024, 09:40:01
 10.6556, 3.93431,  496.177,  35.4114, 20 Sep 2024, 09:50:01
 10.6898, 3.93801,  495.682,  35.4158, 20 Sep 2024, 10:00:01
 10.7176, 3.94030,  495.312,  35.4121, 20 Sep 2024, 10:10:01
 10.8102, 3.94952,  494.694,  35.4156, 20 Sep 2024, 10:20:01
 10.8218, 3.95268,  494.447,  35.4362, 20 Sep 2024, 10:30:01
 10.8521, 3.95512,  494.199,  35.4315, 20 Sep 2024, 10:40:01
 10.8601, 3.95649,  493.952,  35.4376, 20 Sep 2024, 10:50:01
 10.8599, 3.95661,  493.705,  35.4391, 20 Sep 2024, 11:00:01
 10.8490, 3.95556,  493.705,  35.4391, 20 Sep 2024, 11:10:01
 10.8640, 3.95737,  493.705,  35.4427, 20 Sep 2024, 11:20:01
 10.8934, 3.96055,  493.581,  35.4463, 20 Sep 2024, 11:30:01
 10.8970, 3.96081,  493.705,  35.4454, 20 Sep 2024, 11:40:01
 10.8998, 3.96118,  493.581,  35.4464, 20 Sep 2024, 11:50:01
 10.8723, 3.95847,  493.705,  35.4458, 20 Sep 2024, 12:00:01
 10.8512, 3.95624,  493.829,  35.4437, 20 Sep 2024, 12:10:01
 10.8479, 3.95583,  493.952,  35.4427, 20 Sep 2024, 12:20:01
 10.7892, 3.94931,  494.323,  35.4339, 20 Sep 2024, 12:30:01
 10.7584, 3.94579,  494.570,  35.4282, 20 Sep 2024, 12:40:01
 10.7765, 3.94764,  494.694,  35.4292, 20 Sep 2024, 12:50:01
 10.7785, 3.94856,  494.941,  35.4364, 20 Sep 2024, 13:00:01
 10.7710, 3.94737,  495.188,  35.4316, 20 Sep 2024, 13:10:01
 10.7447, 3.94442,  495.435,  35.4273, 20 Sep 2024, 13:20:01
 10.7502, 3.94568,  495.930,  35.4344, 20 Sep 2024, 13:30:01
 10.7398, 3.94437,  496.548,  35.4310, 20 Sep 2024, 13:40:01
 10.7471, 3.94431,  497.166,  35.4231, 20 Sep 2024, 13:50:01
 10.7796, 3.94807,  497.783,  35.4292, 20 Sep 2024, 14:00:01
 10.8056, 3.95067,  498.649,  35.4298, 20 Sep 2024, 14:10:01
 10.7997, 3.95096,  499.761,  35.4379, 20 Sep 2024, 14:20:01
 10.7812, 3.94903,  501.120,  35.4358, 20 Sep 2024, 14:30:01
 10.7760, 3.94835,  502.603,  35.4333, 20 Sep 2024, 14:40:01
 10.7519, 3.94614,  503.963,  35.4338, 20 Sep 2024, 14:50:01
 10.6339, 3.93549,  505.570,  35.4401, 20 Sep 2024, 15:00:01
 10.5880, 3.92853,  507.423,  35.4136, 20 Sep 2024, 15:10:01
 10.5834, 3.92857,  509.401,  35.4176, 20 Sep 2024, 15:20:01
 10.5281, 3.92167,  511.749,  35.4005, 20 Sep 2024, 15:30:01
 10.5921, 3.92935,  514.468,  35.4148, 20 Sep 2024, 15:40:01
 10.5036, 3.92047,  516.816,  35.4099, 20 Sep 2024, 15:50:01
 10.5116, 3.92051,  518.794,  35.4016, 20 Sep 2024, 16:00:01
 10.5521, 3.92516,  521.142,  35.4083, 20 Sep 2024, 16:10:01
 10.4811, 3.91700,  523.737,  35.3935, 20 Sep 2024, 16:20:01
 10.4115, 3.91018,  526.333,  35.3909, 20 Sep 2024, 16:30:01
 10.4515, 3.91401,  528.681,  35.3898, 20 Sep 2024, 16:40:01
 10.4508, 3.91432,  530.905,  35.3926, 20 Sep 2024, 16:50:01
 10.4245, 3.91227,  533.006,  35.3965, 20 Sep 2024, 17:00:01
 10.4192, 3.91116,  534.613,  35.3897, 20 Sep 2024, 17:10:01
 10.4377, 3.91412,  536.838,  35.4006, 20 Sep 2024, 17:20:01
 10.4328, 3.91287,  538.815,  35.3919, 20 Sep 2024, 17:30:01
 10.4341, 3.91418,  539.927,  35.4034, 20 Sep 2024, 17:40:01
 10.4496, 3.91522,  540.545,  35.3986, 20 Sep 2024, 17:50:01
 10.4222, 3.91209,  540.669,  35.3934, 20 Sep 2024, 18:00:01
 10.4371, 3.91362,  540.669,  35.3945, 20 Sep 2024, 18:10:01
 10.4307, 3.91281,  540.051,  35.3928, 20 Sep 2024, 18:20:01
 10.4500, 3.91466,  538.444,  35.3935, 20 Sep 2024, 18:30:01
 10.4849, 3.91741,  536.714,  35.3882, 20 Sep 2024, 18:40:01
 10.5264, 3.92268,  535.478,  35.4018, 20 Sep 2024, 18:50:01
 10.5238, 3.92213,  533.624,  35.3996, 20 Sep 2024, 19:00:01
 10.5866, 3.92907,  531.153,  35.4099, 20 Sep 2024, 19:10:01
 10.5701, 3.92625,  528.557,  35.3986, 20 Sep 2024, 19:20:01
 10.5950, 3.92832,  526.085,  35.3964, 20 Sep 2024, 19:30:01
 10.5865, 3.92815,  523.366,  35.4042, 20 Sep 2024, 19:40:01
 10.6178, 3.93129,  520.030,  35.4070, 20 Sep 2024, 19:50:01
 10.6572, 3.93514,  516.816,  35.4091, 20 Sep 2024, 20:00:01
 10.7351, 3.94358,  513.974,  35.4199, 20 Sep 2024, 20:10:01
 10.6889, 3.93830,  511.131,  35.4127, 20 Sep 2024, 20:20:01
 10.7596, 3.94614,  508.412,  35.4244, 20 Sep 2024, 20:30:01
 10.7075, 3.94009,  506.311,  35.4149, 20 Sep 2024, 20:40:01
 10.6581, 3.93544,  504.334,  35.4168, 20 Sep 2024, 20:50:01
 10.6374, 3.93277,  501.862,  35.4110, 20 Sep 2024, 21:00:01
 10.6592, 3.93529,  499.884,  35.4162, 20 Sep 2024, 21:10:01
 10.6700, 3.93585,  498.401,  35.4120, 20 Sep 2024, 21:20:01
 10.7076, 3.94034,  497.413,  35.4213, 20 Sep 2024, 21:30:01
 10.7625, 3.94604,  496.424,  35.4259, 20 Sep 2024, 21:40:01
 10.7426, 3.94340,  495.806,  35.4189, 20 Sep 2024, 21:50:01
 10.7160, 3.94089,  495.312,  35.4196, 20 Sep 2024, 22:00:01
 10.6972, 3.93920,  494.817,  35.4210, 20 Sep 2024, 22:10:01
 10.6860, 3.93722,  494.447,  35.4121, 20 Sep 2024, 22:20:01
 10.7624, 3.94591,  494.076,  35.4258, 20 Sep 2024, 22:30:01
 10.7135, 3.94065,  493.829,  35.4203, 20 Sep 2024, 22:40:01
 10.6755, 3.93617,  493.581,  35.4121, 20 Sep 2024, 22:50:01
 10.7530, 3.94527,  493.087,  35.4288, 20 Sep 2024, 23:00:01
 10.7816, 3.94824,  492.963,  35.4311, 20 Sep 2024, 23:10:01
 10.7700, 3.94690,  492.963,  35.4288, 20 Sep 2024, 23:20:01
 10.7694, 3.94525,  492.840,  35.4129, 20 Sep 2024, 23:30:01
 10.8005, 3.94916,  492.716,  35.4222, 20 Sep 2024, 23:40:01
 10.7955, 3.94877,  492.593,  35.4232, 20 Sep 2024, 23:50:01
 10.7819, 3.94851,  492.469,  35.4337, 21 Sep 2024, 00:00:01
 10.7556, 3.94546,  492.469,  35.4285, 21 Sep 2024, 00:10:01
 10.7547, 3.94477,  492.469,  35.4225, 21 Sep 2024, 00:20:01
 10.7841, 3.94782,  492.469,  35.4247, 21 Sep 2024, 00:30:01
 10.8185, 3.95137,  492.593,  35.4270, 21 Sep 2024, 00:40:01
 10.8128, 3.94962,  492.716,  35.4149, 21 Sep 2024, 00:50:01
 10.7995, 3.95072,  492.840,  35.4387, 21 Sep 2024, 01:00:01
 10.7913, 3.94994,  493.087,  35.4387, 21 Sep 2024, 01:10:01
 10.7547, 3.94570,  493.334,  35.4314, 21 Sep 2024, 01:20:01
 10.7526, 3.94492,  493.705,  35.4254, 21 Sep 2024, 01:30:01
 10.7966, 3.94978,  493.952,  35.4316, 21 Sep 2024, 01:40:01
 10.7798, 3.94814,  494.447,  35.4312, 21 Sep 2024, 01:50:01
 10.7207, 3.94237,  494.941,  35.4301, 21 Sep 2024, 02:00:01
 10.6810, 3.93683,  495.435,  35.4126, 21 Sep 2024, 02:10:01
 10.6592, 3.93512,  496.177,  35.4161, 21 Sep 2024, 02:20:01
 10.6597, 3.93481,  496.795,  35.4122, 21 Sep 2024, 02:30:01
 10.6855, 3.93779,  497.660,  35.4169, 21 Sep 2024, 02:40:01
 10.6826, 3.93754,  498.772,  35.4167, 21 Sep 2024, 02:50:01
 10.6776, 3.93706,  500.008,  35.4161, 21 Sep 2024, 03:00:01
 10.6797, 3.93731,  501.244,  35.4161, 21 Sep 2024, 03:10:01
 10.7117, 3.94063,  502.480,  35.4180, 21 Sep 2024, 03:20:01
 10.6862, 3.93814,  504.087,  35.4169, 21 Sep 2024, 03:30:01
 10.6913, 3.93845,  505.446,  35.4145, 21 Sep 2024, 03:40:02
 10.7562, 3.94521,  507.053,  35.4190, 21 Sep 2024, 03:50:02
 10.7405, 3.94529,  508.783,  35.4341, 21 Sep 2024, 04:00:02
 10.7420, 3.94468,  510.513,  35.4258, 21 Sep 2024, 04:10:02
 10.7351, 3.94388,  512.367,  35.4236, 21 Sep 2024, 04:20:02
 10.6386, 3.93740,  514.221,  35.4509, 21 Sep 2024, 04:30:02
 10.5927, 3.92856,  516.075,  35.4055, 21 Sep 2024, 04:40:02
 10.6191, 3.93201,  518.052,  35.4139, 21 Sep 2024, 04:50:02
 10.6319, 3.93293,  520.153,  35.4098, 21 Sep 2024, 05:00:01
 10.5692, 3.92552,  522.625,  35.3947, 21 Sep 2024, 05:10:01
 10.5798, 3.92852,  524.602,  35.4138, 21 Sep 2024, 05:20:01
 10.5369, 3.92378,  526.703,  35.4066, 21 Sep 2024, 05:30:01
 10.5376, 3.92378,  528.186,  35.4053, 21 Sep 2024, 05:40:01
 10.5095, 3.92047,  529.299,  35.3986, 21 Sep 2024, 05:50:01
 10.5063, 3.92001,  530.658,  35.3964, 21 Sep 2024, 06:00:01
 10.5167, 3.92126,  531.894,  35.3984, 21 Sep 2024, 06:10:01
 10.5694, 3.92635,  532.388,  35.3985, 21 Sep 2024, 06:20:01
 10.5960, 3.92991,  532.759,  35.4085, 21 Sep 2024, 06:30:01
 10.5894, 3.92869,  532.636,  35.4027, 21 Sep 2024, 06:40:01
 10.6193, 3.93232,  532.265,  35.4105, 21 Sep 2024, 06:50:01
 10.6389, 3.93338,  531.647,  35.4025, 21 Sep 2024, 07:00:01
 10.6272, 3.93376,  530.782,  35.4180, 21 Sep 2024, 07:10:01
 10.6223, 3.93289,  529.299,  35.4146, 21 Sep 2024, 07:20:01
 10.6158, 3.93166,  527.939,  35.4091, 21 Sep 2024, 07:30:01
 10.6952, 3.94023,  526.580,  35.4192, 21 Sep 2024, 07:40:01
 10.7102, 3.94121,  524.602,  35.4154, 21 Sep 2024, 07:50:01
 10.6314, 3.93596,  522.378,  35.4398, 21 Sep 2024, 08:00:01
 10.5796, 3.92719,  519.906,  35.4027, 21 Sep 2024, 08:10:01
 10.5804, 3.92667,  517.311,  35.3978, 21 Sep 2024, 08:20:01
 10.5818, 3.92667,  514.592,  35.3977, 21 Sep 2024, 08:30:01
 10.6041, 3.92903,  511.749,  35.4012, 21 Sep 2024, 08:40:01
 10.6330, 3.93330,  509.401,  35.4172, 21 Sep 2024, 08:50:01
 10.6729, 3.93637,  507.176,  35.4106, 21 Sep 2024, 09:00:01
 10.7395, 3.94332,  505.075,  35.4170, 21 Sep 2024, 09:10:01
 10.7996, 3.95029,  502.974,  35.4298, 21 Sep 2024, 09:20:01
 10.8024, 3.95033,  501.368,  35.4282, 21 Sep 2024, 09:30:01
 10.7212, 3.94190,  499.884,  35.4227, 21 Sep 2024, 09:40:01
 10.7259, 3.94232,  498.401,  35.4230, 21 Sep 2024, 09:50:01
