odissea/data/moor/raw/ce25007/microcat/7923_data.cnv
* Sea-Bird SBE37SM-RS232  Data File:
* FileName = C:\CE25007_recovery_data\7923_data.hex
* Software version SeatermV2 2.8.0.119
* Temperature SN = 7923
* Conductivity SN = 7923
* System UpLoad Time = May 13 2025 15:08:31
* sample interval = 600 seconds
* <ApplicationData>
# nquan = 5
# nvalues = 46321                                 
# units = specified
# name 0 = tv290C: Temperature [ITS-90, deg C]
# name 1 = cond0S/m: Conductivity [S/m]
# name 2 = prdM: Pressure, Strain Gauge [db]
# name 3 = timeK: Time, Instrument [seconds]
# name 4 = flag:  0.000e+00
# span 0 =    11.1203,    17.1074                 
# span 1 =   0.011094,   4.352328                 
# span 2 =      0.787,    259.612                 
# span 3 =  772675201,  800467201                 
# span 4 = 0.0000e+00, 0.0000e+00                 
# interval = seconds: 600
# start_time = Jun 26 2024 00:00:01 [Instrument's time stamp, first data scan]
# bad_flag = -9.990e-29
*END*
[from data line 35429]
    11.4693   4.003605     77.266  793932601  0.000e+00
    11.4735   4.003978     77.272  793933201  0.000e+00
    11.4713   4.003767     77.201  793933801  0.000e+00
    11.4728   4.003859     77.974  793934401  0.000e+00
    11.4748   4.004062     77.857  793935001  0.000e+00
    11.4766   4.004365     78.507  793935601  0.000e+00
    11.4771   4.004400     78.466  793936201  0.000e+00
    11.4780   4.004456     78.677  793936801  0.000e+00
    11.4780   4.004506     79.140  793937401  0.000e+00
    11.4787   4.004598     80.076  793938001  0.000e+00
    11.4789   4.004619     80.498  793938601  0.000e+00
    11.4721   4.004085     81.200  793939201  0.000e+00
    11.4765   4.004479     82.330  793939801  0.000e+00
    11.4759   4.004493     82.629  793940401  0.000e+00
    11.4777   4.004655     83.191  793941001  0.000e+00
    11.4760   4.004507     83.477  793941601  0.000e+00
    11.4773   4.004676     84.062  793942201  0.000e+00
    11.4782   4.004810     84.877  793942801  0.000e+00
    11.4751   4.004522     85.561  793943401  0.000e+00
    11.4771   4.004748     86.048  793944001  0.000e+00
    11.4772   4.004776     86.610  793944601  0.000e+00
    11.4771   4.004811     87.013  793945201  0.000e+00
    11.4774   4.004896     87.224  793945801  0.000e+00
    11.4741   4.004551     87.599  793946401  0.000e+00
    11.4768   4.004811     87.528  793947001  0.000e+00
    11.4768   4.004769     87.359  793947601  0.000e+00
    11.4770   4.004811     87.388  793948201  0.000e+00
    11.4765   4.004692     86.797  793948801  0.000e+00
    11.4747   4.004417     86.053  793949401  0.000e+00
    11.4707   4.004030     85.767  793950001  0.000e+00
    11.4648   4.003201     85.462  793950601  0.000e+00
    11.4689   4.003728     84.882  793951201  0.000e+00
    11.4680   4.003713     84.320  793951801  0.000e+00
    11.4712   4.003966     83.618  793952401  0.000e+00
    11.4725   4.004092     82.816  793953001  0.000e+00
    11.4725   4.004064     82.166  793953601  0.000e+00
    11.4667   4.003248     80.995  793954201  0.000e+00
    11.4710   4.003698     80.807  793954801  0.000e+00
    11.4735   4.004000     80.011  793955401  0.000e+00
    11.4731   4.003866     79.538  793956001  0.000e+00
    11.4718   4.003754     79.473  793956601  0.000e+00
    11.4658   4.003135     78.648  793957201  0.000e+00
    11.4679   4.003374     78.770  793957801  0.000e+00
    11.4684   4.003402     78.226  793958401  0.000e+00
    11.4703   4.003570     78.016  793959001  0.000e+00
    11.4709   4.003669     78.133  793959601  0.000e+00
    11.4684   4.003240     77.810  793960201  0.000e+00
    11.4713   4.003704     77.781  793960801  0.000e+00
    11.4701   4.003528     77.571  793961401  0.000e+00
    11.4707   4.003556     77.318  793962001  0.000e+00
    11.4703   4.003584     77.740  793962601  0.000e+00
    11.4721   4.003795     77.857  793963201  0.000e+00
    11.4718   4.003704     77.810  793963801  0.000e+00
    11.4709   4.003493     77.641  793964401  0.000e+00
    11.4718   4.003605     77.857  793965001  0.000e+00
    11.4709   4.003507     77.997  793965601  0.000e+00
    11.4715   4.003662     77.974  793966201  0.000e+00
    11.4702   4.003620     77.927  793966801  0.000e+00
    11.4709   4.003549     77.787  793967401  0.000e+00
    11.4685   4.003233     77.899  793968001  0.000e+00
    11.4690   4.003310     77.852  793968601  0.000e+00
    11.4725   4.003774     77.997  793969201  0.000e+00
    11.4706   4.003528     78.016  793969801  0.000e+00
    11.4629   4.002586     77.834  793970401  0.000e+00
    11.4688   4.003380     77.646  793971001  0.000e+00
    11.4655   4.002888     77.787  793971601  0.000e+00
    11.4661   4.002909     77.693  793972201  0.000e+00
    11.4671   4.003078     77.758  793972801  0.000e+00
    11.4688   4.003254     77.459  793973401  0.000e+00
    11.4666   4.003085     77.646  793974001  0.000e+00
    11.4666   4.003085     77.599  793974601  0.000e+00
    11.4664   4.003022     77.412  793975201  0.000e+00
    11.4664   4.002895     77.576  793975801  0.000e+00
    11.4660   4.002916     77.459  793976401  0.000e+00
    11.4661   4.002881     77.272  793977001  0.000e+00
    11.4653   4.002881     77.412  793977601  0.000e+00
    11.4664   4.002966     77.594  793978201  0.000e+00
    11.4664   4.002902     77.412  793978801  0.000e+00
    11.4651   4.002748     77.529  793979401  0.000e+00
    11.4654   4.002769     77.805  793980001  0.000e+00
    11.4644   4.002677     77.763  793980601  0.000e+00
    11.4641   4.002713     77.974  793981201  0.000e+00
    11.4642   4.002692     78.648  793981801  0.000e+00
    11.4667   4.002973     78.911  793982401  0.000e+00
    11.4679   4.003072     79.309  793983001  0.000e+00
    11.4673   4.003079     79.912  793983601  0.000e+00
    11.4691   4.003255     80.409  793984201  0.000e+00
    11.4735   4.003691     81.135  793984801  0.000e+00
    11.4694   4.003340     81.364  793985401  0.000e+00
    11.4705   4.003487     82.020  793986001  0.000e+00
    11.4705   4.003502     82.681  793986601  0.000e+00
    11.4709   4.003593     83.448  793987201  0.000e+00
    11.4718   4.003720     84.245  793987801  0.000e+00
    11.4733   4.003826     84.900  793988401  0.000e+00
    11.4719   4.003869     85.720  793989001  0.000e+00
    11.4723   4.003939     86.334  793989601  0.000e+00
    11.4729   4.004024     86.891  793990201  0.000e+00
    11.4735   4.004080     87.055  793990801  0.000e+00
    11.4725   4.004080     87.172  793991401  0.000e+00
    11.4725   4.004038     87.013  793992001  0.000e+00
    11.4732   4.004115     86.919  793992601  0.000e+00
    11.4728   4.004122     86.428  793993201  0.000e+00
    11.4732   4.004101     86.024  793993801  0.000e+00
    11.4728   4.004058     85.631  793994401  0.000e+00
    11.4724   4.003995     85.116  793995001  0.000e+00
    11.4731   4.003988     84.390  793995601  0.000e+00
    11.4721   4.003861     83.735  793996201  0.000e+00
    11.4728   4.003917     83.097  793996801  0.000e+00
    11.4729   4.003945     82.400  793997401  0.000e+00
    11.4735   4.003944     81.879  793998001  0.000e+00
    11.4740   4.003979     81.369  793998601  0.000e+00
    11.4746   4.004000     80.690  793999201  0.000e+00
    11.4732   4.003902     80.264  793999801  0.000e+00
    11.4718   4.003726     79.795  794000401  0.000e+00
    11.4724   4.003761     79.350  794001001  0.000e+00
    11.4730   4.003838     79.004  794001601  0.000e+00
    11.4728   4.003810     78.817  794002201  0.000e+00
    11.4727   4.003739     78.419  794002801  0.000e+00
    11.4726   4.003753     78.044  794003401  0.000e+00
    11.4737   4.003823     77.834  794004001  0.000e+00
    11.4745   4.003865     77.646  794004601  0.000e+00
    11.4740   4.003830     77.594  794005201  0.000e+00
    11.4733   4.003704     77.435  794005801  0.000e+00
    11.4710   4.003479     77.383  794006401  0.000e+00
    11.4714   4.003521     77.435  794007001  0.000e+00
    11.4817   4.004561     77.225  794007601  0.000e+00
    11.4822   4.004836     77.313  794008201  0.000e+00
    11.4822   4.004765     77.295  794008801  0.000e+00
    11.4813   4.004589     77.337  794009401  0.000e+00
    11.4785   4.004231     77.295  794010001  0.000e+00
    11.4766   4.003992     77.318  794010601  0.000e+00
    11.4870   4.005264     77.412  794011201  0.000e+00
    11.4750   4.003802     77.407  794011801  0.000e+00
    11.4744   4.003781     77.365  794012401  0.000e+00
    11.4775   4.004055     77.407  794013001  0.000e+00
    11.4963   4.006481     77.149  794013601  0.000e+00
    11.5123   4.008288     77.243  794014201  0.000e+00
    11.5099   4.008253     77.389  794014801  0.000e+00
    11.5134   4.008373     77.243  794015401  0.000e+00
    11.5101   4.007944     77.219  794016001  0.000e+00
    11.5126   4.008295     77.266  794016601  0.000e+00
    11.5101   4.007923     77.219  794017201  0.000e+00
    11.5131   4.008373     77.261  794017801  0.000e+00
    11.5273   4.009991     77.261  794018401  0.000e+00
    11.5332   4.010638     77.144  794019001  0.000e+00
    11.5289   4.010033     77.144  794019601  0.000e+00
    11.5364   4.010912     77.097  794020201  0.000e+00
    11.5262   4.009758     77.074  794020801  0.000e+00
    11.5317   4.010413     77.191  794021401  0.000e+00
    11.5448   4.012052     77.337  794022001  0.000e+00
    11.5534   4.013030     77.495  794022601  0.000e+00
    11.5581   4.013727     77.701  794023201  0.000e+00
    11.5598   4.013917     77.888  794023801  0.000e+00
    11.5559   4.013586     78.151  794024401  0.000e+00
    11.5564   4.013622     78.479  794025001  0.000e+00
    11.5377   4.010463     78.900  794025601  0.000e+00
    11.5341   4.010913     79.270  794026201  0.000e+00
    11.5460   4.012419     79.626  794026801  0.000e+00
    11.5472   4.012567     80.329  794027401  0.000e+00
    11.5455   4.012384     80.797  794028001  0.000e+00
    11.5501   4.012947     81.499  794028601  0.000e+00
    11.5297   4.009817     82.202  794029201  0.000e+00
    11.5049   4.007601     82.811  794029801  0.000e+00
    11.4994   4.006912     83.472  794030401  0.000e+00
    11.5090   4.010008     84.245  794031001  0.000e+00
    11.4801   4.004817     84.994  794031601  0.000e+00
    11.5016   4.007244     85.462  794032201  0.000e+00
    11.4981   4.006920     85.790  794032801  0.000e+00
    11.5032   4.007546     85.860  794033401  0.000e+00
    11.5048   4.007898     86.066  794034001  0.000e+00
    11.4928   4.007258     85.977  794034601  0.000e+00
    11.4908   4.006280     85.819  794035201  0.000e+00
    11.4758   4.004663     85.743  794035801  0.000e+00
    11.4656   4.003524     85.603  794036401  0.000e+00
    11.4661   4.003559     85.912  794037001  0.000e+00
    11.4687   4.003833     85.678  794037601  0.000e+00
    11.4638   4.003320     85.421  794038201  0.000e+00
    11.4620   4.003151     85.233  794038801  0.000e+00
    11.4619   4.003130     84.783  794039401  0.000e+00
    11.4652   4.003341     84.437  794040001  0.000e+00
    11.4624   4.003066     83.945  794040601  0.000e+00
    11.4562   4.002427     83.337  794041201  0.000e+00
    11.4644   4.003200     82.751  794041801  0.000e+00
    11.4650   4.003241     82.025  794042401  0.000e+00
    11.4625   4.002974     81.229  794043001  0.000e+00
    11.4645   4.003114     80.503  794043601  0.000e+00
    11.4636   4.002981     80.152  794044201  0.000e+00
    11.4625   4.002812     79.707  794044801  0.000e+00
    11.4605   4.002671     79.210  794045401  0.000e+00
    11.4620   4.002629     78.794  794046001  0.000e+00
    11.4593   4.002481     78.442  794046601  0.000e+00
    11.4565   4.002242     78.349  794047201  0.000e+00
    11.4540   4.002038     78.138  794047801  0.000e+00
    11.4581   4.002565     77.899  794048401  0.000e+00
    11.4593   4.002607     77.740  794049001  0.000e+00
    11.4633   4.002931     77.787  794049601  0.000e+00
    11.4656   4.003184     77.576  794050201  0.000e+00
    11.4646   4.003099     77.599  794050801  0.000e+00
    11.4645   4.003071     77.716  794051401  0.000e+00
    11.4648   4.003120     77.599  794052001  0.000e+00
    11.4634   4.002966     77.763  794052601  0.000e+00
    11.4629   4.002909     77.787  794053201  0.000e+00
    11.4615   4.002790     77.904  794053801  0.000e+00
    11.4618   4.002804     78.016  794054401  0.000e+00
    11.4650   4.003135     78.349  794055001  0.000e+00
    11.4677   4.003388     78.419  794055601  0.000e+00
    11.4669   4.003296     78.203  794056201  0.000e+00
    11.4658   4.003205     78.302  794056801  0.000e+00
    11.4657   4.003240     78.208  794057401  0.000e+00
    11.4653   4.003177     78.302  794058001  0.000e+00
    11.4655   4.003170     78.185  794058601  0.000e+00
    11.4653   4.003191     78.068  794059201  0.000e+00
    11.4663   4.003247     78.115  794059801  0.000e+00
    11.4664   4.003282     78.016  794060401  0.000e+00
    11.4661   4.003212     77.781  794061001  0.000e+00
    11.4670   4.003402     77.740  794061601  0.000e+00
    11.4673   4.003373     77.623  794062201  0.000e+00
    11.4716   4.003858     77.266  794062801  0.000e+00
    11.4663   4.003275     77.342  794063401  0.000e+00
    11.4670   4.003310     77.266  794064001  0.000e+00
    11.4712   4.003732     76.991  794064601  0.000e+00
    11.4716   4.003795     77.056  794065201  0.000e+00
    11.4863   4.005834     77.219  794065801  0.000e+00
    11.4866   4.005285     77.014  794066401  0.000e+00
    11.4774   4.004477     77.219  794067001  0.000e+00
    11.4849   4.005433     77.173  794067601  0.000e+00
    11.4888   4.005764     77.506  794068201  0.000e+00
    11.4844   4.005525     77.594  794068801  0.000e+00
    11.4763   4.004456     78.115  794069401  0.000e+00
    11.4917   4.006341     78.343  794070001  0.000e+00
    11.5140   4.009077     78.619  794070601  0.000e+00
    11.5173   4.009224     78.765  794071201  0.000e+00
    11.5113   4.009288     78.924  794071801  0.000e+00
    11.4851   4.005357     79.585  794072401  0.000e+00
    11.4815   4.005083     80.123  794073001  0.000e+00
    11.4954   4.006721     80.849  794073601  0.000e+00
    11.4831   4.005569     81.669  794074201  0.000e+00
    11.4822   4.005316     82.371  794074801  0.000e+00
    11.5075   4.008298     83.121  794075401  0.000e+00
    11.5254   4.010380     83.781  794076001  0.000e+00
    11.5360   4.011591     84.708  794076601  0.000e+00
    11.5292   4.010979     85.153  794077201  0.000e+00
    11.5260   4.010536     86.042  794077801  0.000e+00
    11.5313   4.010958     86.253  794078401  0.000e+00
    11.5282   4.010634     86.610  794079001  0.000e+00
    11.5055   4.008018     86.722  794079601  0.000e+00
    11.5081   4.008468     86.698  794080201  0.000e+00
    11.5052   4.008130     86.493  794080801  0.000e+00
    11.4991   4.007300     86.516  794081401  0.000e+00
    11.5008   4.007588     86.019  794082001  0.000e+00
    11.5011   4.007497     85.884  794082601  0.000e+00
    11.5027   4.007827     85.298  794083201  0.000e+00
    11.4839   4.005612     85.345  794083801  0.000e+00
    11.4776   4.004789     85.041  794084401  0.000e+00
    11.4665   4.003334     85.228  794085001  0.000e+00
    11.4648   4.003025     84.877  794085601  0.000e+00
    11.4673   4.003573     83.964  794086201  0.000e+00
    11.4672   4.003643     82.868  794086801  0.000e+00
    11.4697   4.003895     81.697  794087401  0.000e+00
    11.4698   4.003832     81.224  794088001  0.000e+00
    11.4722   4.004049     79.918  794088601  0.000e+00
    11.4688   4.003719     79.421  794089201  0.000e+00
    11.4858   4.005321     79.023  794089801  0.000e+00
    11.4831   4.005131     78.437  794090401  0.000e+00
    11.4821   4.005040     78.180  794091001  0.000e+00
    11.4766   4.004456     78.250  794091601  0.000e+00
    11.4798   4.004850     77.740  794092201  0.000e+00
    11.4900   4.005736     77.899  794092801  0.000e+00
    11.4917   4.006059     77.670  794093401  0.000e+00
    11.4920   4.005996     77.992  794094001  0.000e+00
    11.5005   4.007051     77.618  794094601  0.000e+00
    11.4771   4.004632     77.828  794095201  0.000e+00
    11.5006   4.007072     77.266  794095801  0.000e+00
    11.4979   4.006776     77.266  794096401  0.000e+00
    11.5089   4.007937     77.430  794097001  0.000e+00
    11.5147   4.008711     77.524  794097601  0.000e+00
    11.5207   4.009477     77.758  794098201  0.000e+00
    11.5089   4.008092     77.519  794098801  0.000e+00
    11.5091   4.008000     77.828  794099401  0.000e+00
    11.5348   4.010779     77.852  794100001  0.000e+00
    11.5239   4.009822     77.922  794100601  0.000e+00
    11.5257   4.009618     77.261  794101201  0.000e+00
    11.5171   4.008943     78.390  794101801  0.000e+00
    11.5255   4.010019     77.612  794102401  0.000e+00
    11.5403   4.011637     77.607  794103001  0.000e+00
