odissea/data/moor/raw/ce25007/microcat/7923_data.cnv
* Sea-Bird SBE37SM-RS232  Data File:
* FileName = C:\CE25007_recovery_data\7923_data.hex
* Software version SeatermV2 2.8.0.119
* Temperature SN = 7923
* Conductivity SN = 7923
* System UpLoad Time = May 13 2025 15:08:31
* sample interval = 600 seconds
* <ApplicationData>
# nquan = 5
# nvalues = 46321                                 
# units = specified
# name 0 = tv290C: Temperature [ITS-90, deg C]
# name 1 = cond0S/m: Conductivity [S/m]
# name 2 = prdM: Pressure, Strain Gauge [db]
# name 3 = timeK: Time, Instrument [seconds]
# name 4 = flag:  0.000e+00
# span 0 =    11.1203,    17.1074                 
# span 1 =   0.011094,   4.352328                 
# span 2 =      0.787,    259.612                 
# span 3 =  772675201,  800467201                 
# span 4 = 0.0000e+00, 0.0000e+00                 
# interval = seconds: 600
# start_time = Jun 26 2024 00:00:01 [Instrument's time stamp, first data scan]
# bad_flag = -9.990e-29
*END*
[from data line 36858]
    11.5569   4.008675     78.034  794790001  0.000e+00
    11.5571   4.008584     78.081  794790601  0.000e+00
    11.5621   4.009449     77.917  794791201  0.000e+00
    11.5608   4.009224     78.216  794791801  0.000e+00
    11.5739   4.011074     78.356  794792401  0.000e+00
    11.5659   4.010181     78.286  794793001  0.000e+00
    11.5765   4.011363     78.497  794793601  0.000e+00
    11.5634   4.009716     78.432  794794201  0.000e+00
    11.5733   4.010870     78.590  794794801  0.000e+00
    11.5694   4.010701     78.567  794795401  0.000e+00
    11.5548   4.008281     78.637  794796001  0.000e+00
    11.5594   4.009118     78.731  794796601  0.000e+00
    11.5570   4.008570     78.801  794797201  0.000e+00
    11.5533   4.007958     78.853  794797801  0.000e+00
    11.5554   4.008366     78.877  794798401  0.000e+00
    11.5587   4.008872     78.877  794799001  0.000e+00
    11.5543   4.008190     78.778  794799601  0.000e+00
    11.5553   4.008310     78.877  794800201  0.000e+00
    11.5507   4.007691     78.666  794800801  0.000e+00
    11.5513   4.007747     78.713  794801401  0.000e+00
    11.5592   4.008900     78.708  794802001  0.000e+00
    11.5630   4.009456     78.713  794802601  0.000e+00
    11.5639   4.009569     78.549  794803201  0.000e+00
    11.5421   4.006530     78.619  794803801  0.000e+00
    11.5495   4.007318     78.549  794804401  0.000e+00
    11.5469   4.007015     78.380  794805001  0.000e+00
    11.5514   4.007655     78.291  794805601  0.000e+00
    11.5535   4.007923     78.291  794806201  0.000e+00
    11.5455   4.006952     78.245  794806801  0.000e+00
    11.5398   4.006270     78.221  794807401  0.000e+00
    11.5409   4.006361     78.245  794808001  0.000e+00
    11.5413   4.006368     78.151  794808601  0.000e+00
    11.5407   4.006340     78.104  794809201  0.000e+00
    11.5426   4.006516     77.917  794809801  0.000e+00
    11.5455   4.006818     77.893  794810401  0.000e+00
    11.5458   4.006881     77.823  794811001  0.000e+00
    11.5447   4.006776     77.612  794811601  0.000e+00
    11.5478   4.007135     77.724  794812201  0.000e+00
    11.5471   4.007156     77.701  794812801  0.000e+00
    11.5497   4.007451     77.519  794813401  0.000e+00
    11.5503   4.007528     77.495  794814001  0.000e+00
    11.5395   4.006101     77.378  794814601  0.000e+00
    11.5449   4.006783     77.373  794815201  0.000e+00
    11.5429   4.006466     77.402  794815801  0.000e+00
    11.5423   4.006558     77.167  794816401  0.000e+00
    11.5578   4.008618     77.191  794817001  0.000e+00
    11.5571   4.008569     77.261  794817601  0.000e+00
    11.5650   4.009575     77.074  794818201  0.000e+00
    11.5780   4.011418     77.139  794818801  0.000e+00
    11.5595   4.009153     77.092  794819401  0.000e+00
    11.5494   4.007556     77.003  794820001  0.000e+00
    11.5487   4.007282     76.933  794820601  0.000e+00
    11.5532   4.007859     76.980  794821201  0.000e+00
    11.5466   4.006930     76.840  794821801  0.000e+00
    11.5396   4.006312     77.074  794822401  0.000e+00
    11.5491   4.007409     76.985  794823001  0.000e+00
    11.5428   4.006656     76.933  794823601  0.000e+00
    11.5343   4.005538     76.840  794824201  0.000e+00
    11.5427   4.006804     76.863  794824801  0.000e+00
    11.5531   4.008210     76.975  794825401  0.000e+00
    11.5718   4.010701     76.886  794826001  0.000e+00
    11.5827   4.012164     76.858  794826601  0.000e+00
    11.5866   4.012706     76.899  794827201  0.000e+00
    11.5867   4.012741     76.980  794827801  0.000e+00
    11.5851   4.012523     76.905  794828401  0.000e+00
    11.5711   4.010757     76.834  794829001  0.000e+00
    11.5832   4.012340     76.905  794829601  0.000e+00
    11.5835   4.012382     76.951  794830201  0.000e+00
    11.5841   4.012417     77.045  794830801  0.000e+00
    11.5718   4.010750     76.881  794831401  0.000e+00
    11.5491   4.007479     76.998  794832001  0.000e+00
    11.5720   4.010848     77.022  794832601  0.000e+00
    11.5461   4.007099     77.027  794833201  0.000e+00
    11.5573   4.008625     77.097  794833801  0.000e+00
    11.5630   4.009202     77.284  794834401  0.000e+00
    11.5864   4.012706     77.279  794835001  0.000e+00
    11.5713   4.010961     77.326  794835601  0.000e+00
    11.5754   4.011285     77.396  794836201  0.000e+00
    11.5451   4.007381     77.448  794836801  0.000e+00
    11.5478   4.007479     77.607  794837401  0.000e+00
    11.5492   4.007725     77.495  794838001  0.000e+00
    11.5619   4.009231     77.747  794838601  0.000e+00
    11.5704   4.010483     77.800  794839201  0.000e+00
    11.5692   4.010237     77.818  794839801  0.000e+00
    11.5505   4.008344     77.917  794840401  0.000e+00
    11.5631   4.009470     78.010  794841001  0.000e+00
    11.5601   4.009350     78.081  794841601  0.000e+00
    11.5480   4.007465     78.104  794842201  0.000e+00
    11.5520   4.007979     78.315  794842801  0.000e+00
    11.5550   4.008309     78.216  794843401  0.000e+00
    11.5545   4.008387     78.239  794844001  0.000e+00
    11.5645   4.009604     78.291  794844601  0.000e+00
    11.5444   4.007149     78.450  794845201  0.000e+00
    11.5501   4.007191     78.502  794845801  0.000e+00
    11.5478   4.007494     78.385  794846401  0.000e+00
    11.5464   4.007388     78.549  794847001  0.000e+00
    11.5459   4.007233     78.309  794847601  0.000e+00
    11.5487   4.007627     78.403  794848201  0.000e+00
    11.5476   4.007479     78.333  794848801  0.000e+00
    11.5435   4.007008     78.408  794849401  0.000e+00
    11.5476   4.007536     78.473  794850001  0.000e+00
    11.5489   4.007733     78.273  794850601  0.000e+00
    11.5525   4.008077     78.362  794851201  0.000e+00
    11.5559   4.008513     78.268  794851801  0.000e+00
    11.5553   4.008415     78.268  794852401  0.000e+00
    11.5537   4.008288     78.005  794853001  0.000e+00
    11.5511   4.007915     77.940  794853601  0.000e+00
    11.5537   4.008098     77.911  794854201  0.000e+00
    11.5548   4.008415     77.776  794854801  0.000e+00
    11.5560   4.008584     77.841  794855401  0.000e+00
    11.5578   4.008837     77.841  794856001  0.000e+00
    11.5578   4.008830     77.776  794856601  0.000e+00
    11.5573   4.008696     77.659  794857201  0.000e+00
    11.5564   4.008612     77.659  794857801  0.000e+00
    11.5532   4.008225     77.659  794858401  0.000e+00
    11.5486   4.007606     77.495  794859001  0.000e+00
    11.5433   4.006938     77.420  794859601  0.000e+00
    11.5498   4.007690     77.448  794860201  0.000e+00
    11.5500   4.007739     77.495  794860801  0.000e+00
    11.5505   4.007838     77.402  794861401  0.000e+00
    11.5526   4.008168     77.308  794862001  0.000e+00
    11.5529   4.008154     77.355  794862601  0.000e+00
    11.5526   4.008161     77.279  794863201  0.000e+00
    11.5527   4.008119     77.238  794863801  0.000e+00
    11.5512   4.008063     77.378  794864401  0.000e+00
    11.5517   4.007971     77.238  794865001  0.000e+00
    11.5539   4.008189     77.186  794865601  0.000e+00
    11.5493   4.007655     77.308  794866201  0.000e+00
    11.5507   4.007676     77.167  794866801  0.000e+00
    11.5673   4.009266     77.303  794867401  0.000e+00
    11.5653   4.009188     77.326  794868001  0.000e+00
    11.5656   4.009336     77.045  794868601  0.000e+00
    11.5516   4.007999     77.068  794869201  0.000e+00
    11.5892   4.011911     77.191  794869801  0.000e+00
    11.5910   4.012185     77.256  794870401  0.000e+00
    11.5785   4.011031     77.326  794871001  0.000e+00
    11.5506   4.007901     77.326  794871601  0.000e+00
    11.5451   4.007177     77.097  794872201  0.000e+00
    11.6107   4.014191     77.349  794872801  0.000e+00
    11.5478   4.007606     77.232  794873401  0.000e+00
    11.5474   4.007535     77.331  794874001  0.000e+00
    11.5479   4.007578     77.402  794874601  0.000e+00
    11.5482   4.007634     77.378  794875201  0.000e+00
    11.5975   4.012516     77.466  794875801  0.000e+00
    11.5935   4.012938     77.443  794876401  0.000e+00
    11.5514   4.008000     77.448  794877001  0.000e+00
    11.6007   4.013325     77.565  794877601  0.000e+00
    11.6080   4.014332     77.555  794878201  0.000e+00
    11.6094   4.014416     77.654  794878801  0.000e+00
    11.5982   4.013128     77.677  794879401  0.000e+00
    11.6017   4.013705     77.930  794880001  0.000e+00
    11.5966   4.013269     77.982  794880601  0.000e+00
    11.5926   4.012995     77.841  794881201  0.000e+00
    11.6045   4.013980     77.976  794881801  0.000e+00
    11.6048   4.014149     77.976  794882401  0.000e+00
    11.6186   4.015592     78.140  794883001  0.000e+00
    11.6066   4.014367     78.263  794883601  0.000e+00
    11.6110   4.014691     78.398  794884201  0.000e+00
    11.6212   4.015859     78.445  794884801  0.000e+00
    11.6197   4.015676     78.655  794885401  0.000e+00
    11.6054   4.014219     78.702  794886001  0.000e+00
    11.5998   4.013720     78.754  794886601  0.000e+00
    11.6237   4.016247     78.871  794887201  0.000e+00
    11.6181   4.015705     79.100  794887801  0.000e+00
    11.6130   4.015296     79.054  794888401  0.000e+00
    11.5966   4.013628     79.082  794889001  0.000e+00
    11.5919   4.013080     79.106  794889601  0.000e+00
    11.6011   4.014079     79.194  794890201  0.000e+00
    11.6284   4.016873     79.311  794890801  0.000e+00
    11.6236   4.016423     79.264  794891401  0.000e+00
    11.6161   4.015627     79.217  794892001  0.000e+00
    11.5990   4.013840     79.217  794892601  0.000e+00
    11.6270   4.016676     79.147  794893201  0.000e+00
    11.6270   4.016563     78.936  794893801  0.000e+00
    11.6266   4.016507     79.124  794894401  0.000e+00
    11.6179   4.015817     78.960  794895001  0.000e+00
    11.6213   4.015993     79.142  794895601  0.000e+00
    11.6096   4.014923     78.702  794896201  0.000e+00
    11.6237   4.016423     78.773  794896801  0.000e+00
    11.6299   4.017133     78.562  794897401  0.000e+00
    11.6226   4.016211     78.609  794898001  0.000e+00
    11.6151   4.015331     78.450  794898601  0.000e+00
    11.6175   4.015451     78.351  794899201  0.000e+00
    11.6127   4.015022     78.286  794899801  0.000e+00
    11.6186   4.015676     78.239  794900401  0.000e+00
    11.6197   4.015817     78.117  794901001  0.000e+00
    11.6202   4.015866     77.883  794901601  0.000e+00
    11.6202   4.015972     77.976  794902201  0.000e+00
    11.6083   4.014479     77.724  794902801  0.000e+00
    11.6137   4.015211     77.677  794903401  0.000e+00
    11.6125   4.014986     77.578  794904001  0.000e+00
    11.6216   4.016211     77.555  794904601  0.000e+00
    11.6021   4.013938     77.654  794905201  0.000e+00
    11.6045   4.014092     77.490  794905801  0.000e+00
    11.6000   4.013663     77.344  794906401  0.000e+00
    11.6012   4.013776     77.630  794907001  0.000e+00
    11.5944   4.013100     77.508  794907601  0.000e+00
    11.5966   4.013318     77.531  794908201  0.000e+00
    11.6006   4.013755     77.771  794908801  0.000e+00
    11.6004   4.013726     77.625  794909401  0.000e+00
    11.6029   4.014071     77.326  794910001  0.000e+00
    11.5892   4.012495     77.396  794910601  0.000e+00
    11.5906   4.012650     77.490  794911201  0.000e+00
    11.5960   4.013227     77.344  794911801  0.000e+00
    11.5982   4.013628     77.115  794912401  0.000e+00
    11.6012   4.013902     77.022  794913001  0.000e+00
    11.5973   4.013438     76.899  794913601  0.000e+00
    11.5968   4.013353     77.279  794914201  0.000e+00
    11.5971   4.013431     77.022  794914801  0.000e+00
    11.6093   4.015155     77.087  794915401  0.000e+00
    11.5956   4.013367     77.162  794916001  0.000e+00
    11.5817   4.011742     77.115  794916601  0.000e+00
    11.5808   4.011587     77.139  794917201  0.000e+00
    11.5809   4.011615     76.998  794917801  0.000e+00
    11.5833   4.011911     77.256  794918401  0.000e+00
    11.5814   4.011742     77.420  794919001  0.000e+00
    11.5811   4.011679     77.162  794919601  0.000e+00
    11.5803   4.011566     77.162  794920201  0.000e+00
    11.5814   4.011721     77.607  794920801  0.000e+00
    11.5852   4.012242     77.513  794921401  0.000e+00
    11.5856   4.012248     76.998  794922001  0.000e+00
    11.5853   4.012234     77.040  794922601  0.000e+00
    11.5859   4.012291     77.396  794923201  0.000e+00
    11.5869   4.012432     77.490  794923801  0.000e+00
    11.5857   4.012340     77.209  794924401  0.000e+00
    11.5883   4.012551     77.513  794925001  0.000e+00
    11.5909   4.012910     77.490  794925601  0.000e+00
    11.5877   4.012467     77.438  794926201  0.000e+00
    11.5856   4.012242     77.420  794926801  0.000e+00
    11.5906   4.012854     77.654  794927401  0.000e+00
    11.5890   4.012741     77.677  794928001  0.000e+00
    11.5926   4.013107     77.958  794928601  0.000e+00
    11.5897   4.012805     77.935  794929201  0.000e+00
    11.5901   4.012868     77.987  794929801  0.000e+00
    11.5896   4.012826     78.146  794930401  0.000e+00
    11.5901   4.012840     78.075  794931001  0.000e+00
    11.5899   4.012854     78.304  794931601  0.000e+00
    11.5922   4.013143     78.286  794932201  0.000e+00
    11.5920   4.013164     78.380  794932801  0.000e+00
    11.5938   4.013319     78.637  794933401  0.000e+00
    11.5931   4.013234     78.661  794934001  0.000e+00
    11.5954   4.013410     78.637  794934601  0.000e+00
    11.5985   4.013804     78.754  794935201  0.000e+00
    11.6016   4.014142     78.848  794935801  0.000e+00
    11.6004   4.014065     78.684  794936401  0.000e+00
    11.6009   4.014156     78.609  794937001  0.000e+00
    11.6049   4.014409     78.731  794937601  0.000e+00
    11.6000   4.013994     78.942  794938201  0.000e+00
    11.5957   4.013600     78.754  794938801  0.000e+00
    11.5960   4.013593     78.596  794939401  0.000e+00
    11.5962   4.013614     78.614  794940001  0.000e+00
    11.5956   4.013579     78.520  794940601  0.000e+00
    11.5961   4.013614     78.309  794941201  0.000e+00
    11.5990   4.013903     78.146  794941801  0.000e+00
    11.5980   4.013804     78.421  794942401  0.000e+00
    11.5984   4.013860     78.211  794943001  0.000e+00
    11.5972   4.013677     78.239  794943601  0.000e+00
    11.5993   4.013938     77.911  794944201  0.000e+00
    11.6009   4.014071     77.888  794944801  0.000e+00
    11.6072   4.014655     77.742  794945401  0.000e+00
    11.6051   4.014564     77.649  794946001  0.000e+00
    11.6107   4.015099     77.677  794946601  0.000e+00
    11.6102   4.015099     77.724  794947201  0.000e+00
    11.6099   4.015120     77.701  794947801  0.000e+00
    11.6077   4.014789     77.485  794948401  0.000e+00
    11.6036   4.014381     77.232  794949001  0.000e+00
    11.6060   4.014655     77.537  794949601  0.000e+00
    11.6048   4.014486     77.180  794950201  0.000e+00
    11.6022   4.014149     77.344  794950801  0.000e+00
    11.6005   4.014029     77.186  794951401  0.000e+00
    11.6041   4.014416     77.157  794952001  0.000e+00
    11.6049   4.014557     77.162  794952601  0.000e+00
    11.6011   4.014078     77.022  794953201  0.000e+00
    11.6069   4.014796     77.022  794953801  0.000e+00
    11.6029   4.014268     77.092  794954401  0.000e+00
    11.6028   4.014254     77.186  794955001  0.000e+00
    11.6018   4.014226     77.115  794955601  0.000e+00
    11.6045   4.014521     77.068  794956201  0.000e+00
    11.6044   4.014479     76.905  794956801  0.000e+00
    11.6020   4.014219     77.022  794957401  0.000e+00
    11.6011   4.014078     77.022  794958001  0.000e+00
    11.6013   4.014162     76.759  794958601  0.000e+00
    11.6022   4.014268     77.209  794959201  0.000e+00
    11.6005   4.014113     76.863  794959801  0.000e+00
