odissea/data/moor/raw/ce25007/microcat/7923_data.cnv
* Sea-Bird SBE37SM-RS232  Data File:
* FileName = C:\CE25007_recovery_data\7923_data.hex
* Software version SeatermV2 2.8.0.119
* Temperature SN = 7923
* Conductivity SN = 7923
* System UpLoad Time = May 13 2025 15:08:31
* sample interval = 600 seconds
* <ApplicationData>
# nquan = 5
# nvalues = 46321                                 
# units = specified
# name 0 = tv290C: Temperature [ITS-90, deg C]
# name 1 = cond0S/m: Conductivity [S/m]
# name 2 = prdM: Pressure, Strain Gauge [db]
# name 3 = timeK: Time, Instrument [seconds]
# name 4 = flag:  0.000e+00
# span 0 =    11.1203,    17.1074                 
# span 1 =   0.011094,   4.352328                 
# span 2 =      0.787,    259.612                 
# span 3 =  772675201,  800467201                 
# span 4 = 0.0000e+00, 0.0000e+00                 
# interval = seconds: 600
# start_time = Jun 26 2024 00:00:01 [Instrument's time stamp, first data scan]
# bad_flag = -9.990e-29
*END*
[from data line 18572]
    13.2231   4.185151     78.832  783818401  0.000e+00
    13.5599   4.218613     78.866  783819001  0.000e+00
    13.5083   4.213644     78.900  783819601  0.000e+00
    13.4361   4.207000     78.906  783820201  0.000e+00
    13.3777   4.201449     78.959  783820801  0.000e+00
    13.3061   4.194490     79.165  783821401  0.000e+00
    13.2325   4.187872     79.533  783822001  0.000e+00
    13.2520   4.188416     79.792  783822601  0.000e+00
    13.2031   4.184651     80.154  783823201  0.000e+00
    12.8716   4.154183     80.190  783823801  0.000e+00
    12.8659   4.153791     80.343  783824401  0.000e+00
    13.1486   4.177038     80.735  783825001  0.000e+00
    12.8383   4.151115     81.467  783825601  0.000e+00
    12.8524   4.152493     82.298  783826201  0.000e+00
    12.8472   4.151437     83.141  783826801  0.000e+00
    13.1530   4.178226     83.715  783827401  0.000e+00
    13.7360   4.235635     84.404  783828001  0.000e+00
    13.8532   4.247475     85.520  783828601  0.000e+00
    13.7960   4.242342     86.638  783829201  0.000e+00
    13.6232   4.226232     87.604  783829801  0.000e+00
    13.3213   4.197697     88.947  783830401  0.000e+00
    13.0883   4.175733     90.277  783831001  0.000e+00
    12.9290   4.160041     91.806  783831601  0.000e+00
    12.8305   4.150478     93.551  783832201  0.000e+00
    12.6474   4.133436     95.413  783832801  0.000e+00
    12.6385   4.132198     97.146  783833401  0.000e+00
    12.5317   4.121935     99.119  783834001  0.000e+00
    12.4535   4.113702    101.244  783834601  0.000e+00
    12.4328   4.111627    102.959  783835201  0.000e+00
    12.4022   4.108658    104.815  783835801  0.000e+00
    12.4322   4.111557    106.677  783836401  0.000e+00
    12.4233   4.110926    108.463  783837001  0.000e+00
    12.5031   4.119009    110.079  783837601  0.000e+00
    12.5012   4.119102    111.806  783838201  0.000e+00
    12.5022   4.119366    113.393  783838801  0.000e+00
    12.4583   4.114795    114.752  783839401  0.000e+00
    12.4279   4.112364    116.022  783840001  0.000e+00
    12.4691   4.116360    116.871  783840601  0.000e+00
    12.4691   4.116637    116.842  783841201  0.000e+00
    12.5060   4.119887    116.678  783841801  0.000e+00
    12.4774   4.116743    116.069  783842401  0.000e+00
    12.5611   4.124788    115.103  783843001  0.000e+00
    12.5289   4.122204    113.973  783843601  0.000e+00
    12.6377   4.131250    112.381  783844201  0.000e+00
    12.7780   4.144651    110.331  783844801  0.000e+00
    13.4612   4.211546    107.895  783845401  0.000e+00
    13.3411   4.199568    105.687  783846001  0.000e+00
    12.7726   4.144862    103.879  783846601  0.000e+00
    13.2007   4.185118    101.818  783847201  0.000e+00
    13.2826   4.194757     99.856  783847801  0.000e+00
    13.6202   4.225517     97.413  783848401  0.000e+00
    13.7012   4.233690     94.883  783849001  0.000e+00
    13.8390   4.246974     92.446  783849601  0.000e+00
    13.7714   4.240559     90.595  783850201  0.000e+00
    13.8742   4.249846     88.762  783850801  0.000e+00
    13.9267   4.254731     87.281  783851401  0.000e+00
    13.9408   4.256172     85.916  783852001  0.000e+00
    13.9306   4.255090     84.839  783852601  0.000e+00
    13.9312   4.255039     83.668  783853201  0.000e+00
    13.9193   4.254001     82.644  783853801  0.000e+00
    13.9057   4.252545     81.824  783854401  0.000e+00
    13.9201   4.253842     81.262  783855001  0.000e+00
    13.9167   4.253575     80.647  783855601  0.000e+00
    13.8986   4.251579     80.115  783856201  0.000e+00
    13.9046   4.252494     79.623  783856801  0.000e+00
    13.8917   4.251197     79.412  783857401  0.000e+00
    13.7878   4.241461     79.318  783858001  0.000e+00
    13.7321   4.233935     79.244  783858601  0.000e+00
    13.8034   4.241576     79.050  783859201  0.000e+00
    13.7429   4.233849     78.846  783859801  0.000e+00
    13.7065   4.230886     78.775  783860401  0.000e+00
    13.6829   4.228636     78.858  783861001  0.000e+00
    13.6965   4.230038     78.764  783861601  0.000e+00
    13.6809   4.228528     78.758  783862201  0.000e+00
    13.6763   4.228111     78.811  783862801  0.000e+00
    13.6696   4.227450     78.864  783863401  0.000e+00
    13.6667   4.227162     78.952  783864001  0.000e+00
    13.6619   4.226688     79.303  783864601  0.000e+00
    13.6606   4.226616     79.590  783865201  0.000e+00
    13.6622   4.226774     79.842  783865801  0.000e+00
    13.6564   4.226336     80.193  783866401  0.000e+00
    13.6631   4.226947     80.872  783867001  0.000e+00
    13.6641   4.227084     81.762  783867601  0.000e+00
    13.6608   4.226776     82.752  783868201  0.000e+00
    13.4215   4.205531     83.285  783868801  0.000e+00
    13.6472   4.225217     84.105  783869401  0.000e+00
    13.5726   4.217732     84.912  783870001  0.000e+00
    13.5720   4.218658     85.521  783870601  0.000e+00
    13.6405   4.225131     86.435  783871201  0.000e+00
    13.6281   4.223925     87.295  783871801  0.000e+00
    13.5985   4.221001     87.904  783872401  0.000e+00
    13.6042   4.221741     88.466  783873001  0.000e+00
    13.5984   4.221131     88.917  783873601  0.000e+00
    13.6011   4.221318     89.660  783874201  0.000e+00
    13.5991   4.221225     90.691  783874801  0.000e+00
    13.5936   4.220923     91.657  783875401  0.000e+00
    13.5567   4.217850     92.400  783876001  0.000e+00
    13.2968   4.194374     93.596  783876601  0.000e+00
    13.4165   4.205378     95.171  783877201  0.000e+00
    13.1291   4.179176     96.934  783877801  0.000e+00
    13.1154   4.177789     98.568  783878401  0.000e+00
    13.4197   4.204641    100.201  783879001  0.000e+00
    12.7367   4.143514    101.859  783879601  0.000e+00
    12.7236   4.142132    103.364  783880201  0.000e+00
    12.7122   4.140942    105.167  783880801  0.000e+00
    12.8159   4.150498    107.205  783881401  0.000e+00
    12.7839   4.147967    109.085  783882001  0.000e+00
    12.6513   4.135593    110.039  783882601  0.000e+00
    12.6909   4.139584    111.075  783883201  0.000e+00
    12.6556   4.135879    112.270  783883801  0.000e+00
    12.5617   4.126481    112.843  783884401  0.000e+00
    12.5549   4.125619    112.591  783885001  0.000e+00
    12.5717   4.127170    111.936  783885601  0.000e+00
    12.7035   4.140873    111.005  783886201  0.000e+00
    12.7036   4.141001    110.045  783886801  0.000e+00
    12.7278   4.143553    108.634  783887401  0.000e+00
    12.6507   4.136155    106.976  783888001  0.000e+00
    12.6643   4.137223    105.196  783888601  0.000e+00
    12.6575   4.136631    103.586  783889201  0.000e+00
    12.7030   4.140328    101.988  783889801  0.000e+00
    12.8709   4.155112     99.915  783890401  0.000e+00
    13.0825   4.173977     97.843  783891001  0.000e+00
    12.9207   4.159750     95.764  783891601  0.000e+00
    13.1145   4.177086     93.627  783892201  0.000e+00
    12.9778   4.165084     91.841  783892801  0.000e+00
    13.5570   4.217619     90.143  783893401  0.000e+00
    13.6566   4.226850     88.783  783894001  0.000e+00
    13.6620   4.227640     87.107  783894601  0.000e+00
    13.6540   4.226540     85.773  783895201  0.000e+00
    13.6827   4.229112     84.385  783895801  0.000e+00
    13.6947   4.231377     83.261  783896401  0.000e+00
    13.6442   4.226467     82.324  783897001  0.000e+00
    13.7201   4.232879     81.323  783897601  0.000e+00
    13.7057   4.231742     80.638  783898201  0.000e+00
    13.7328   4.233828     80.210  783898801  0.000e+00
    13.7402   4.234317     79.859  783899401  0.000e+00
    13.8136   4.241216     79.495  783900001  0.000e+00
    13.8712   4.247833     79.308  783900601  0.000e+00
    13.8084   4.241605     79.067  783901201  0.000e+00
    13.8462   4.245024     78.716  783901801  0.000e+00
    13.7507   4.235949     78.324  783902401  0.000e+00
    13.7394   4.234690     78.143  783903001  0.000e+00
    13.6967   4.230584     77.839  783903601  0.000e+00
    13.7065   4.231461     77.845  783904201  0.000e+00
    13.6457   4.226134     77.664  783904801  0.000e+00
    13.7318   4.233942     77.523  783905401  0.000e+00
    13.5839   4.220286     77.483  783906001  0.000e+00
    13.6727   4.228520     77.459  783906601  0.000e+00
    13.6980   4.231072     77.593  783907201  0.000e+00
    13.6862   4.230037     77.711  783907801  0.000e+00
    13.6752   4.229131     77.757  783908401  0.000e+00
    13.5626   4.218627     77.834  783909001  0.000e+00
    13.5879   4.220063     77.957  783909601  0.000e+00
    13.4055   4.203399     78.221  783910201  0.000e+00
    13.5150   4.213730     78.257  783910801  0.000e+00
    13.5449   4.217047     78.602  783911401  0.000e+00
    13.4341   4.206770     78.906  783912001  0.000e+00
    13.3791   4.201607     79.217  783912601  0.000e+00
    13.3711   4.201041     79.785  783913201  0.000e+00
    13.3398   4.198124     80.547  783913801  0.000e+00
    13.4734   4.208902     81.530  783914401  0.000e+00
    13.2761   4.193102     82.654  783915001  0.000e+00
    13.4163   4.205481     83.474  783915601  0.000e+00
    13.4126   4.203107     84.410  783916201  0.000e+00
    13.3675   4.203209     85.247  783916801  0.000e+00
    13.4464   4.209607     86.225  783917401  0.000e+00
    13.2997   4.197625     87.577  783918001  0.000e+00
    12.7578   4.146739     89.089  783918601  0.000e+00
    12.7254   4.142533     90.495  783919201  0.000e+00
    12.6796   4.137930     91.829  783919801  0.000e+00
    12.8188   4.152619     93.322  783920401  0.000e+00
    12.7094   4.141787     94.810  783921001  0.000e+00
    12.6915   4.140226     96.062  783921601  0.000e+00
    12.6963   4.140925     96.607  783922201  0.000e+00
    12.6984   4.141096     97.046  783922801  0.000e+00
    12.7391   4.145181     98.001  783923401  0.000e+00
    12.7397   4.145603     99.453  783924001  0.000e+00
    12.6724   4.138269    100.957  783924601  0.000e+00
    12.6410   4.135084    102.157  783925201  0.000e+00
    12.6009   4.130784    103.352  783925801  0.000e+00
    12.5604   4.125915    104.347  783926401  0.000e+00
    12.5572   4.126086    104.862  783927001  0.000e+00
    12.5875   4.129681    105.003  783927601  0.000e+00
    12.6145   4.132493    104.974  783928201  0.000e+00
    12.6383   4.134936    105.436  783928801  0.000e+00
    12.6777   4.139204    105.694  783929401  0.000e+00
    12.7257   4.144579    106.157  783930001  0.000e+00
    12.9214   4.161676    106.619  783930601  0.000e+00
    12.9762   4.166204    106.514  783931201  0.000e+00
    12.8467   4.155799    105.343  783931801  0.000e+00
    12.8058   4.150647    103.715  783932401  0.000e+00
    13.2450   4.192415    102.181  783933001  0.000e+00
    13.5700   4.214737    100.951  783933601  0.000e+00
    13.0464   4.175566     99.540  783934201  0.000e+00
    12.9619   4.165708     97.755  783934801  0.000e+00
    12.9447   4.164229     96.267  783935401  0.000e+00
    13.6258   4.225552     94.903  783936001  0.000e+00
    13.6748   4.231935     93.531  783936601  0.000e+00
    13.7105   4.235336     91.738  783937201  0.000e+00
    13.8742   4.250466     89.759  783937801  0.000e+00
    13.8992   4.252958     87.826  783938401  0.000e+00
    13.8959   4.252806     86.180  783939001  0.000e+00
    13.8538   4.248483     84.798  783939601  0.000e+00
    13.8263   4.245545     83.540  783940201  0.000e+00
    13.8524   4.247791     82.627  783940801  0.000e+00
    13.8845   4.250556     81.556  783941401  0.000e+00
    13.9062   4.252602     80.841  783942001  0.000e+00
    13.8962   4.251759     80.232  783942601  0.000e+00
    13.9135   4.253121     79.740  783943201  0.000e+00
    13.9391   4.255859     79.406  783943801  0.000e+00
    13.9378   4.255794     79.101  783944401  0.000e+00
    13.9338   4.255441     78.867  783945001  0.000e+00
    13.9406   4.256060     78.586  783945601  0.000e+00
    13.9419   4.256204     78.422  783946201  0.000e+00
    13.9371   4.255484     78.258  783946801  0.000e+00
    13.9100   4.253055     78.188  783947401  0.000e+00
    13.9069   4.252911     78.147  783948001  0.000e+00
    13.8991   4.251989     77.984  783948601  0.000e+00
    13.9002   4.251974     77.820  783949201  0.000e+00
    13.8954   4.251657     77.937  783949801  0.000e+00
    13.8958   4.251614     77.843  783950401  0.000e+00
    13.8745   4.249763     77.866  783951001  0.000e+00
    13.8874   4.250966     77.773  783951601  0.000e+00
    13.9302   4.254734     77.866  783952201  0.000e+00
    13.9051   4.252464     77.994  783952801  0.000e+00
    13.9068   4.252601     78.007  783953401  0.000e+00
    13.9216   4.254064     78.024  783954001  0.000e+00
    13.8994   4.252018     78.054  783954601  0.000e+00
    13.8918   4.251420     78.224  783955201  0.000e+00
    13.9005   4.252075     78.482  783955801  0.000e+00
    13.9003   4.252133     78.703  783956401  0.000e+00
    13.8864   4.250887     79.014  783957001  0.000e+00
    13.8586   4.248481     79.529  783957601  0.000e+00
    13.8406   4.246854     80.191  783958201  0.000e+00
    13.7820   4.241952     80.994  783958801  0.000e+00
    13.8262   4.245609     81.743  783959401  0.000e+00
    13.7648   4.240009     82.539  783960001  0.000e+00
    13.7529   4.238311     83.453  783960601  0.000e+00
    13.2974   4.195273     84.602  783961201  0.000e+00
    13.3370   4.197316     85.822  783961801  0.000e+00
    13.3370   4.199682     87.074  783962401  0.000e+00
    13.1429   4.180203     88.515  783963001  0.000e+00
    13.0336   4.171922     89.879  783963601  0.000e+00
    13.0705   4.174418     91.191  783964201  0.000e+00
    12.9505   4.163691     92.456  783964801  0.000e+00
    12.8521   4.155095     93.551  783965401  0.000e+00
    12.8612   4.156231     95.173  783966001  0.000e+00
    12.8069   4.151736     96.953  783966601  0.000e+00
    12.7541   4.147178     98.879  783967201  0.000e+00
    12.6913   4.140948    100.624  783967801  0.000e+00
    12.6118   4.131196    101.947  783968401  0.000e+00
    12.5659   4.126569    102.801  783969001  0.000e+00
    12.5502   4.125061    103.738  783969601  0.000e+00
    12.5903   4.128278    104.464  783970201  0.000e+00
    12.6283   4.132415    105.272  783970801  0.000e+00
    12.6189   4.132265    105.700  783971401  0.000e+00
    12.6142   4.131439    105.466  783972001  0.000e+00
    12.8347   4.150304    105.155  783972601  0.000e+00
    12.7728   4.145048    104.857  783973201  0.000e+00
    12.9751   4.165746    104.564  783973801  0.000e+00
    12.9226   4.160325    103.862  783974401  0.000e+00
    12.7782   4.146274    102.644  783975001  0.000e+00
    12.9892   4.167145    101.631  783975601  0.000e+00
    13.0243   4.170869    101.028  783976201  0.000e+00
    13.1729   4.182784    100.278  783976801  0.000e+00
    13.0805   4.176366     99.300  783977401  0.000e+00
    13.3414   4.200496     98.070  783978001  0.000e+00
    13.1993   4.182503     96.501  783978601  0.000e+00
    13.4807   4.213292     94.586  783979201  0.000e+00
    13.7004   4.233761     92.372  783979801  0.000e+00
    13.6060   4.226348     90.321  783980401  0.000e+00
    13.8462   4.247952     88.758  783981001  0.000e+00
    13.8859   4.251503     87.545  783981601  0.000e+00
    13.9100   4.254190     86.314  783982201  0.000e+00
    13.8838   4.251552     85.056  783982801  0.000e+00
    13.9067   4.253829     84.049  783983401  0.000e+00
    13.9179   4.254945     83.253  783984001  0.000e+00
    13.9023   4.253468     82.661  783984601  0.000e+00
    13.8578   4.248734     81.888  783985201  0.000e+00
    13.8630   4.249282     81.392  783985801  0.000e+00
    13.9156   4.254382     80.958  783986401  0.000e+00
    13.9283   4.254843     80.349  783987001  0.000e+00
    13.9195   4.253632     79.921  783987601  0.000e+00
    13.9206   4.254122     79.476  783988201  0.000e+00
    13.9148   4.252472     79.312  783988801  0.000e+00
