odissea/data/moor/raw/ce25007/microcat/7923_data.cnv
* Sea-Bird SBE37SM-RS232  Data File:
* FileName = C:\CE25007_recovery_data\7923_data.hex
* Software version SeatermV2 2.8.0.119
* Temperature SN = 7923
* Conductivity SN = 7923
* System UpLoad Time = May 13 2025 15:08:31
* sample interval = 600 seconds
* <ApplicationData>
# nquan = 5
# nvalues = 46321                                 
# units = specified
# name 0 = tv290C: Temperature [ITS-90, deg C]
# name 1 = cond0S/m: Conductivity [S/m]
# name 2 = prdM: Pressure, Strain Gauge [db]
# name 3 = timeK: Time, Instrument [seconds]
# name 4 = flag:  0.000e+00
# span 0 =    11.1203,    17.1074                 
# span 1 =   0.011094,   4.352328                 
# span 2 =      0.787,    259.612                 
# span 3 =  772675201,  800467201                 
# span 4 = 0.0000e+00, 0.0000e+00                 
# interval = seconds: 600
# start_time = Jun 26 2024 00:00:01 [Instrument's time stamp, first data scan]
# bad_flag = -9.990e-29
*END*
[from data line 9429]
    12.8752   4.156360     80.624  778332601  0.000e+00
    12.8873   4.157602     80.770  778333201  0.000e+00
    12.9835   4.167902     81.039  778333801  0.000e+00
    12.9035   4.159238     81.320  778334401  0.000e+00
    12.9012   4.159316     81.561  778335001  0.000e+00
    12.9121   4.159680     81.894  778335601  0.000e+00
    12.9416   4.163294     82.351  778336201  0.000e+00
    12.7429   4.143328     82.790  778336801  0.000e+00
    12.7440   4.143093     83.129  778337401  0.000e+00
    12.6894   4.137955     83.533  778338001  0.000e+00
    12.7130   4.140186     83.955  778338601  0.000e+00
    12.7666   4.145639     84.417  778339201  0.000e+00
    12.7314   4.142402     84.488  778339801  0.000e+00
    12.7531   4.144598     84.435  778340401  0.000e+00
    12.7847   4.147415     84.558  778341001  0.000e+00
    12.7916   4.147714     84.693  778341601  0.000e+00
    12.7227   4.141127     85.073  778342201  0.000e+00
    12.7306   4.141825     85.261  778342801  0.000e+00
    12.7261   4.141448     85.307  778343401  0.000e+00
    12.7416   4.142552     85.360  778344001  0.000e+00
    12.7264   4.141041     85.313  778344601  0.000e+00
    12.7367   4.142388     85.419  778345201  0.000e+00
    12.8456   4.153650     85.460  778345801  0.000e+00
    13.0421   4.172078     85.512  778346401  0.000e+00
    12.9905   4.167189     85.489  778347001  0.000e+00
    13.1029   4.178120     85.454  778347601  0.000e+00
    13.0978   4.177756     85.606  778348201  0.000e+00
    13.0064   4.168561     85.547  778348801  0.000e+00
    13.0303   4.170812     85.541  778349401  0.000e+00
    12.7556   4.144028     85.407  778350001  0.000e+00
    12.7361   4.142224     85.302  778350601  0.000e+00
    12.7127   4.140599     85.143  778351201  0.000e+00
    12.7160   4.140991     84.980  778351801  0.000e+00
    12.7143   4.140863     84.886  778352401  0.000e+00
    12.6781   4.137478     85.102  778353001  0.000e+00
    12.6729   4.136452     85.196  778353601  0.000e+00
    12.6407   4.133482     85.202  778354201  0.000e+00
    12.6415   4.133475     85.061  778354801  0.000e+00
    12.6663   4.135683     84.921  778355401  0.000e+00
    12.6532   4.134508     84.640  778356001  0.000e+00
    12.6590   4.135063     84.312  778356601  0.000e+00
    12.6602   4.135148     83.931  778357201  0.000e+00
    12.6987   4.139074     83.674  778357801  0.000e+00
    12.7054   4.139416     83.510  778358401  0.000e+00
    12.6940   4.138055     83.446  778359001  0.000e+00
    12.6967   4.138910     83.393  778359601  0.000e+00
    12.6566   4.134692     83.188  778360201  0.000e+00
    12.6229   4.131388     82.883  778360801  0.000e+00
    12.6611   4.134970     82.678  778361401  0.000e+00
    12.7079   4.139558     82.573  778362001  0.000e+00
    12.7028   4.139202     82.427  778362601  0.000e+00
    12.6990   4.138824     82.175  778363201  0.000e+00
    12.6350   4.131750     81.871  778363801  0.000e+00
    12.6315   4.132092     81.642  778364401  0.000e+00
    12.6599   4.134841     81.408  778365001  0.000e+00
    12.6930   4.138011     81.075  778365601  0.000e+00
    12.6841   4.137199     80.893  778366201  0.000e+00
    12.7727   4.145409     80.905  778366801  0.000e+00
    12.6886   4.137591     80.881  778367401  0.000e+00
    12.7361   4.140141     80.630  778368001  0.000e+00
    12.6657   4.136657     80.395  778368601  0.000e+00
    12.6711   4.137120     80.237  778369201  0.000e+00
    12.6610   4.136280     80.091  778369801  0.000e+00
    12.6815   4.138673     79.997  778370401  0.000e+00
    12.6485   4.134164     79.956  778371001  0.000e+00
    12.6302   4.131557     79.863  778371601  0.000e+00
    12.7037   4.139927     79.810  778372201  0.000e+00
    12.8171   4.149189     79.576  778372801  0.000e+00
    12.8631   4.154468     79.465  778373401  0.000e+00
    12.7806   4.145045     79.535  778374001  0.000e+00
    12.7081   4.139564     79.617  778374601  0.000e+00
    12.7049   4.139179     79.453  778375201  0.000e+00
    12.7284   4.141010     79.412  778375801  0.000e+00
    13.3101   4.196611     79.430  778376401  0.000e+00
    12.9388   4.162172     79.687  778377001  0.000e+00
    12.9511   4.162957     79.611  778377601  0.000e+00
    13.1538   4.182053     79.693  778378201  0.000e+00
    12.9758   4.165472     79.810  778378801  0.000e+00
    13.0003   4.167994     79.903  778379401  0.000e+00
    12.9315   4.161265     80.126  778380001  0.000e+00
    12.9664   4.164779     80.196  778380601  0.000e+00
    12.9624   4.164422     80.313  778381201  0.000e+00
    12.9583   4.164015     80.530  778381801  0.000e+00
    12.9533   4.163501     80.805  778382401  0.000e+00
    12.9663   4.164665     81.133  778383001  0.000e+00
    12.9861   4.166573     81.478  778383601  0.000e+00
    12.9174   4.160116     81.695  778384201  0.000e+00
    12.9121   4.159216     82.005  778384801  0.000e+00
    12.9527   4.163373     82.427  778385401  0.000e+00
    12.8882   4.157096     82.942  778386001  0.000e+00
    12.8220   4.150788     83.457  778386601  0.000e+00
    12.8048   4.149019     83.867  778387201  0.000e+00
    12.8179   4.149212     84.008  778387801  0.000e+00
    12.8271   4.150724     84.242  778388401  0.000e+00
    12.8426   4.152537     84.593  778389001  0.000e+00
    12.8706   4.155413     85.202  778389601  0.000e+00
    12.8511   4.152173     85.501  778390201  0.000e+00
    12.8987   4.157826     85.641  778390801  0.000e+00
    12.9469   4.162674     86.057  778391401  0.000e+00
    12.9281   4.160960     86.238  778392001  0.000e+00
    12.8454   4.152680     86.162  778392601  0.000e+00
    12.9703   4.164782     86.273  778393201  0.000e+00
    12.9056   4.158647     86.215  778393801  0.000e+00
    12.7926   4.146467     85.922  778394401  0.000e+00
    12.8737   4.155955     85.665  778395001  0.000e+00
    12.8794   4.156626     85.618  778395601  0.000e+00
    12.9511   4.162924     85.729  778396201  0.000e+00
    12.8751   4.156270     85.805  778396801  0.000e+00
    12.8537   4.153943     85.782  778397401  0.000e+00
    12.8088   4.149619     85.764  778398001  0.000e+00
    12.8708   4.155613     85.905  778398601  0.000e+00
    12.8651   4.155020     85.823  778399201  0.000e+00
    12.7788   4.146902     85.629  778399801  0.000e+00
    12.7408   4.143401     85.278  778400401  0.000e+00
    12.7555   4.144969     84.698  778401001  0.000e+00
    12.7064   4.140221     84.248  778401601  0.000e+00
    12.7026   4.138368     83.885  778402201  0.000e+00
    12.7984   4.148470     83.762  778402801  0.000e+00
    12.7276   4.142260     83.692  778403401  0.000e+00
    12.6815   4.137164     83.481  778404001  0.000e+00
    12.6522   4.134158     83.235  778404601  0.000e+00
    12.6737   4.136815     83.188  778405201  0.000e+00
    12.7557   4.144277     82.989  778405801  0.000e+00
    12.7164   4.141333     82.895  778406401  0.000e+00
    12.7001   4.139508     82.714  778407001  0.000e+00
    12.6958   4.139073     82.667  778407601  0.000e+00
    12.6794   4.137527     82.620  778408201  0.000e+00
    12.6843   4.137862     82.620  778408801  0.000e+00
    12.6863   4.137898     82.503  778409401  0.000e+00
    12.7472   4.143007     82.240  778410001  0.000e+00
    12.7610   4.144975     82.076  778410601  0.000e+00
    12.7447   4.143806     81.906  778411201  0.000e+00
    12.7233   4.140748     81.724  778411801  0.000e+00
    12.6967   4.139030     81.660  778412401  0.000e+00
    12.6942   4.138688     81.707  778413001  0.000e+00
    12.7454   4.143463     81.818  778413601  0.000e+00
    12.6667   4.135881     82.081  778414201  0.000e+00
    12.6500   4.133830     82.222  778414801  0.000e+00
    12.6945   4.137555     82.181  778415401  0.000e+00
    12.7017   4.139287     81.982  778416001  0.000e+00
    12.6988   4.138945     81.707  778416601  0.000e+00
    12.7213   4.141154     81.514  778417201  0.000e+00
    12.7040   4.139443     81.420  778417801  0.000e+00
    12.8242   4.150395     81.233  778418401  0.000e+00
    12.7461   4.143870     81.250  778419001  0.000e+00
    12.7079   4.139885     81.279  778419601  0.000e+00
    12.6960   4.138959     81.402  778420201  0.000e+00
    12.6657   4.135340     81.379  778420801  0.000e+00
    12.7277   4.141752     81.309  778421401  0.000e+00
    12.8139   4.150017     81.127  778422001  0.000e+00
    12.7640   4.145595     81.127  778422601  0.000e+00
    12.7900   4.147742     81.338  778423201  0.000e+00
    12.7735   4.146237     81.531  778423801  0.000e+00
    12.7344   4.142594     81.602  778424401  0.000e+00
    12.7331   4.142316     81.818  778425001  0.000e+00
    12.7108   4.140342     82.099  778425601  0.000e+00
    12.7023   4.139187     82.269  778426201  0.000e+00
    12.8088   4.148862     82.544  778426801  0.000e+00
    12.8825   4.156333     82.901  778427401  0.000e+00
    12.8088   4.148042     83.188  778428001  0.000e+00
    12.7885   4.147614     83.580  778428601  0.000e+00
    12.7236   4.140991     83.920  778429201  0.000e+00
    12.8556   4.153022     84.394  778429801  0.000e+00
    12.7772   4.146759     84.857  778430401  0.000e+00
    12.8132   4.147786     85.296  778431001  0.000e+00
    12.7507   4.142837     85.559  778431601  0.000e+00
    12.8377   4.149890     85.770  778432201  0.000e+00
    12.9246   4.157868     86.174  778432801  0.000e+00
    12.7578   4.142574     86.625  778433401  0.000e+00
    12.7785   4.143957     87.134  778434001  0.000e+00
    13.0460   4.169769     87.702  778434601  0.000e+00
    12.8621   4.151953     88.445  778435201  0.000e+00
    12.7832   4.145412     88.873  778435801  0.000e+00
    12.7170   4.138470     89.031  778436401  0.000e+00
    12.7753   4.143644     89.101  778437001  0.000e+00
    12.9381   4.159176     89.089  778437601  0.000e+00
    12.8019   4.146660     89.265  778438201  0.000e+00
    12.7938   4.145576     89.166  778438801  0.000e+00
    12.6933   4.135934     89.119  778439401  0.000e+00
    12.7361   4.140016     89.148  778440001  0.000e+00
    12.5895   4.126215     89.130  778440601  0.000e+00
    12.5973   4.126777     88.837  778441201  0.000e+00
    12.6958   4.135834     88.504  778441801  0.000e+00
    12.8030   4.145105     88.047  778442401  0.000e+00
    12.7282   4.138975     87.386  778443001  0.000e+00
    12.9371   4.159261     86.560  778443601  0.000e+00
    12.9423   4.159453     85.869  778444201  0.000e+00
    12.9542   4.160417     85.424  778444801  0.000e+00
    12.9058   4.156462     85.120  778445401  0.000e+00
    13.2378   4.187917     84.874  778446001  0.000e+00
    13.0994   4.175016     84.944  778446601  0.000e+00
    13.0136   4.166324     84.886  778447201  0.000e+00
    13.0427   4.168439     84.804  778447801  0.000e+00
    12.9941   4.164037     84.382  778448401  0.000e+00
    12.8719   4.152643     84.230  778449001  0.000e+00
    12.9618   4.161616     84.160  778449601  0.000e+00
    13.1570   4.179765     84.206  778450201  0.000e+00
    13.1538   4.179056     83.896  778450801  0.000e+00
    13.1393   4.178491     83.568  778451401  0.000e+00
    12.9569   4.160852     83.159  778452001  0.000e+00
    13.0079   4.166102     82.954  778452601  0.000e+00
    12.9082   4.155718     82.843  778453201  0.000e+00
    12.8553   4.150973     82.497  778453801  0.000e+00
    12.8550   4.150958     82.105  778454401  0.000e+00
    13.0371   4.169038     81.882  778455001  0.000e+00
    12.8916   4.154340     81.601  778455601  0.000e+00
    12.6836   4.133943     81.320  778456201  0.000e+00
    12.6972   4.134762     81.145  778456801  0.000e+00
    12.6716   4.132633     81.309  778457401  0.000e+00
    12.7064   4.135802     81.525  778458001  0.000e+00
    12.7812   4.141103     81.256  778458601  0.000e+00
    12.7173   4.137099     81.139  778459201  0.000e+00
    12.6680   4.132533     81.215  778459801  0.000e+00
    12.7117   4.136493     81.309  778460401  0.000e+00
    12.6682   4.132775     81.121  778461001  0.000e+00
    12.7210   4.137084     80.911  778461601  0.000e+00
    12.7168   4.137156     80.887  778462201  0.000e+00
    12.6797   4.133622     80.700  778462801  0.000e+00
    12.6924   4.134812     80.583  778463401  0.000e+00
    12.7577   4.140412     80.466  778464001  0.000e+00
    12.8344   4.148033     80.360  778464601  0.000e+00
    12.8090   4.145951     80.425  778465201  0.000e+00
    12.8062   4.145730     80.308  778465801  0.000e+00
    12.8121   4.146243     80.384  778466401  0.000e+00
    12.8415   4.148803     80.542  778467001  0.000e+00
    12.8700   4.151700     80.717  778467601  0.000e+00
    13.0861   4.170581     80.811  778468201  0.000e+00
    12.9488   4.158837     81.051  778468801  0.000e+00
    12.9573   4.159465     81.320  778469401  0.000e+00
    12.9268   4.156324     81.484  778470001  0.000e+00
    12.9478   4.158766     81.367  778470601  0.000e+00
    13.0774   4.169581     81.525  778471201  0.000e+00
    13.0622   4.169517     81.590  778471801  0.000e+00
    13.2924   4.190852     81.870  778472401  0.000e+00
    13.0781   4.171197     82.210  778473001  0.000e+00
    12.9384   4.156803     82.673  778473601  0.000e+00
    13.0755   4.171104     83.135  778474201  0.000e+00
    13.1339   4.176882     83.621  778474801  0.000e+00
    13.0692   4.170247     84.042  778475401  0.000e+00
    13.0885   4.172263     84.324  778476001  0.000e+00
    13.1509   4.178055     84.792  778476601  0.000e+00
    13.1649   4.179872     85.020  778477201  0.000e+00
    13.1531   4.179250     85.295  778477801  0.000e+00
    13.0265   4.166474     85.682  778478401  0.000e+00
    13.1329   4.176954     86.103  778479001  0.000e+00
    13.1881   4.182413     86.589  778479601  0.000e+00
    13.1675   4.180710     86.888  778480201  0.000e+00
    13.1364   4.177455     87.081  778480801  0.000e+00
    13.1111   4.175768     87.292  778481401  0.000e+00
    13.0846   4.172714     87.385  778482001  0.000e+00
    13.0554   4.169819     87.391  778482601  0.000e+00
    12.9532   4.159282     87.444  778483201  0.000e+00
    12.8164   4.145775     87.626  778483801  0.000e+00
    13.0180   4.165460     87.719  778484401  0.000e+00
    12.9992   4.164553     87.661  778485001  0.000e+00
    12.9557   4.159325     87.479  778485601  0.000e+00
    12.7903   4.143073     87.122  778486201  0.000e+00
    12.9489   4.159510     86.666  778486801  0.000e+00
    12.9380   4.158432     85.981  778487401  0.000e+00
    12.9665   4.161388     85.442  778488001  0.000e+00
    12.9733   4.161209     85.038  778488601  0.000e+00
    13.2509   4.189256     84.581  778489201  0.000e+00
    13.1743   4.179106     84.388  778489801  0.000e+00
    13.3278   4.196111     83.878  778490401  0.000e+00
    13.1854   4.183028     83.450  778491001  0.000e+00
    13.0061   4.163508     83.118  778491601  0.000e+00
    12.9413   4.158745     82.743  778492201  0.000e+00
    13.1041   4.174385     82.450  778492801  0.000e+00
    13.1209   4.175251     82.356  778493401  0.000e+00
    13.0310   4.166673     82.122  778494001  0.000e+00
    13.0176   4.165923     82.105  778494601  0.000e+00
    12.9982   4.164244     82.017  778495201  0.000e+00
    12.9932   4.163729     81.830  778495801  0.000e+00
    13.0614   4.169352     81.619  778496401  0.000e+00
    13.0783   4.171389     81.578  778497001  0.000e+00
    13.2104   4.184902     81.384  778497601  0.000e+00
    13.2380   4.187379     81.261  778498201  0.000e+00
    13.3108   4.194870     81.068  778498801  0.000e+00
    13.1235   4.175057     80.998  778499401  0.000e+00
    13.1131   4.174857     80.904  778500001  0.000e+00
    13.0652   4.170510     80.858  778500601  0.000e+00
    13.0641   4.170231     80.811  778501201  0.000e+00
    13.1588   4.179549     80.670  778501801  0.000e+00
    13.1685   4.180880     80.822  778502401  0.000e+00
    13.1972   4.183169     80.729  778503001  0.000e+00
