odissea/data/moor/raw/ce25007/microcat/9141_data.cnv
* Sea-Bird SBE37SM-RS232  Data File:
* FileName = C:\CE25007_recovery_data\9141_data.hex
* Software version SeatermV2 2.8.0.119
* Temperature SN = 9141
* Conductivity SN = 9141
* System UpLoad Time = May 13 2025 14:57:49
* sample interval = 600 seconds
* <ApplicationData>
# nquan = 5
# nvalues = 46313                                 
# units = specified
# name 0 = tv290C: Temperature [ITS-90, deg C]
# name 1 = cond0S/m: Conductivity [S/m]
# name 2 = prdM: Pressure, Strain Gauge [db]
# name 3 = timeK: Time, Instrument [seconds]
# name 4 = flag:  0.000e+00
# span 0 =    11.1124,    16.6544                 
# span 1 =   0.018677,   4.448119                 
# span 2 =      0.023,    208.888                 
# span 3 =  772675201,  800462401                 
# span 4 = 0.0000e+00, 0.0000e+00                 
# interval = seconds: 600
# start_time = Jun 26 2024 00:00:01 [Instrument's time stamp, first data scan]
# bad_flag = -9.990e-29
*END*
[from data line 38001]
    11.5345   4.006153     24.511  795475801  0.000e+00
    11.5361   4.006159     24.615  795476401  0.000e+00
    11.5347   4.006159     24.459  795477001  0.000e+00
    11.5271   4.005351     24.438  795477601  0.000e+00
    11.5311   4.005682     24.425  795478201  0.000e+00
    11.5269   4.005397     24.459  795478801  0.000e+00
    11.5178   4.004450     24.449  795479401  0.000e+00
    11.5390   4.006504     24.508  795480001  0.000e+00
    11.5420   4.006861     24.515  795480601  0.000e+00
    11.5379   4.006318     24.546  795481201  0.000e+00
    11.5428   4.006722     24.740  795481801  0.000e+00
    11.5410   4.006523     24.515  795482401  0.000e+00
    11.5418   4.006702     24.556  795483001  0.000e+00
    11.5471   4.007219     24.636  795483601  0.000e+00
    11.5637   4.009187     24.605  795484201  0.000e+00
    11.5529   4.007974     24.490  795484801  0.000e+00
    11.5605   4.008809     24.359  795485401  0.000e+00
    11.5715   4.010015     24.279  795486001  0.000e+00
    11.5616   4.008922     24.300  795486601  0.000e+00
    11.5467   4.007537     24.345  795487201  0.000e+00
    11.5616   4.008889     24.210  795487801  0.000e+00
    11.5629   4.009333     24.251  795488401  0.000e+00
    11.5695   4.010128     23.964  795489001  0.000e+00
    11.5693   4.010015     24.047  795489601  0.000e+00
    11.5460   4.007066     24.012  795490201  0.000e+00
    11.5436   4.006689     24.095  795490801  0.000e+00
    11.5486   4.007199     23.953  795491401  0.000e+00
    11.5246   4.004755     23.884  795492001  0.000e+00
    11.5142   4.003218     24.057  795492601  0.000e+00
    11.5121   4.003198     24.023  795493201  0.000e+00
    11.5195   4.003867     24.009  795493801  0.000e+00
    11.5138   4.003192     24.234  795494401  0.000e+00
    11.5111   4.002920     24.390  795495001  0.000e+00
    11.5152   4.003298     24.421  795495601  0.000e+00
    11.5159   4.003410     24.549  795496201  0.000e+00
    11.5149   4.003430     24.754  795496801  0.000e+00
    11.5178   4.003715     24.802  795497401  0.000e+00
    11.5184   4.003762     24.976  795498001  0.000e+00
    11.5191   4.003940     25.048  795498601  0.000e+00
    11.5188   4.004013     25.395  795499201  0.000e+00
    11.5211   4.004172     25.405  795499801  0.000e+00
    11.5121   4.003033     25.565  795500401  0.000e+00
    11.5172   4.003636     25.620  795501001  0.000e+00
    11.5174   4.003663     25.994  795501601  0.000e+00
    11.5086   4.002656     26.081  795502201  0.000e+00
    11.5127   4.002974     26.362  795502801  0.000e+00
    11.5079   4.002464     26.608  795503401  0.000e+00
    11.5106   4.002901     26.590  795504001  0.000e+00
    11.5089   4.002696     26.999  795504601  0.000e+00
    11.5082   4.002802     26.857  795505201  0.000e+00
    11.5224   4.004398     27.048  795505801  0.000e+00
    11.5199   4.004074     27.121  795506401  0.000e+00
    11.5318   4.005544     27.193  795507001  0.000e+00
    11.5103   4.002915     26.989  795507601  0.000e+00
    11.5127   4.003147     27.044  795508201  0.000e+00
    11.5098   4.002776     26.947  795508801  0.000e+00
    11.5260   4.004690     26.996  795509401  0.000e+00
    11.5246   4.004577     26.663  795510001  0.000e+00
    11.5265   4.004756     26.525  795510601  0.000e+00
    11.5101   4.003067     26.507  795511201  0.000e+00
    11.5150   4.003477     26.386  795511801  0.000e+00
    11.5128   4.003212     25.970  795512401  0.000e+00
    11.5198   4.003947     26.039  795513001  0.000e+00
    11.5158   4.003431     25.641  795513601  0.000e+00
    11.5163   4.003570     25.825  795514201  0.000e+00
    11.5144   4.003312     25.565  795514801  0.000e+00
    11.5170   4.003643     25.492  795515401  0.000e+00
    11.5154   4.003404     25.249  795516001  0.000e+00
    11.5168   4.003623     25.301  795516601  0.000e+00
    11.5163   4.003722     25.534  795517201  0.000e+00
    11.5057   4.002252     25.312  795517801  0.000e+00
    11.5203   4.004225     25.142  795518401  0.000e+00
    11.5114   4.002940     24.913  795519001  0.000e+00
    11.5131   4.003245     24.837  795519601  0.000e+00
    11.5012   4.001828     25.128  795520201  0.000e+00
    11.4933   4.000736     24.938  795520801  0.000e+00
    11.4936   4.000961     24.875  795521401  0.000e+00
    11.4981   4.001252     25.159  795522001  0.000e+00
    11.4914   4.000623     25.468  795522601  0.000e+00
    11.4955   4.001014     25.142  795523201  0.000e+00
    11.5026   4.001835     24.854  795523801  0.000e+00
    11.5065   4.002371     25.360  795524401  0.000e+00
    11.5097   4.002722     25.187  795525001  0.000e+00
    11.5096   4.002815     25.242  795525601  0.000e+00
    11.5146   4.003451     25.329  795526201  0.000e+00
    11.5132   4.003364     25.156  795526801  0.000e+00
    11.5163   4.003537     25.194  795527401  0.000e+00
    11.5252   4.004689     25.367  795528001  0.000e+00
    11.5271   4.004947     25.332  795528601  0.000e+00
    11.5468   4.007259     25.676  795529201  0.000e+00
    11.5445   4.007120     25.353  795529801  0.000e+00
    11.5500   4.007683     25.031  795530401  0.000e+00
    11.5436   4.006915     25.274  795531001  0.000e+00
    11.5419   4.006742     24.723  795531601  0.000e+00
    11.5503   4.007742     24.494  795532201  0.000e+00
    11.5506   4.007769     24.643  795532801  0.000e+00
    11.5498   4.007723     24.414  795533401  0.000e+00
    11.5493   4.007649     23.790  795534001  0.000e+00
    11.5499   4.007709     24.237  795534601  0.000e+00
    11.5470   4.007351     24.030  795535201  0.000e+00
    11.5490   4.007603     23.867  795535801  0.000e+00
    11.5478   4.007510     24.314  795536401  0.000e+00
    11.5443   4.007179     24.078  795537001  0.000e+00
    11.5408   4.006735     24.404  795537601  0.000e+00
    11.5445   4.007159     24.134  795538201  0.000e+00
    11.5467   4.007431     24.535  795538801  0.000e+00
    11.5455   4.007239     24.241  795539401  0.000e+00
    11.5429   4.006947     24.466  795540001  0.000e+00
    11.5434   4.007054     24.702  795540601  0.000e+00
    11.5455   4.007239     24.965  795541201  0.000e+00
    11.5449   4.007212     24.480  795541801  0.000e+00
    11.5441   4.007140     24.574  795542401  0.000e+00
    11.5452   4.007246     25.038  795543001  0.000e+00
    11.5449   4.007266     25.339  795543601  0.000e+00
    11.5426   4.007080     25.516  795544201  0.000e+00
    11.5423   4.007047     25.613  795544801  0.000e+00
    11.5401   4.006888     25.946  795545401  0.000e+00
    11.5396   4.006802     25.974  795546001  0.000e+00
    11.5437   4.007153     25.904  795546601  0.000e+00
    11.5472   4.007511     26.116  795547201  0.000e+00
    11.5451   4.007359     26.279  795547801  0.000e+00
    11.5437   4.007286     26.916  795548401  0.000e+00
    11.5491   4.007783     26.206  795549001  0.000e+00
    11.5507   4.007955     26.722  795549601  0.000e+00
    11.5527   4.008181     26.791  795550201  0.000e+00
    11.5475   4.007591     26.906  795550801  0.000e+00
    11.5485   4.007644     27.200  795551401  0.000e+00
    11.5472   4.007505     26.476  795552001  0.000e+00
    11.5504   4.007929     26.583  795552601  0.000e+00
    11.5477   4.007756     26.473  795553201  0.000e+00
    11.5466   4.007597     26.206  795553801  0.000e+00
    11.5428   4.007226     26.140  795554401  0.000e+00
    11.5405   4.006995     26.323  795555001  0.000e+00
    11.5451   4.007438     26.084  795555601  0.000e+00
    11.5439   4.007319     25.994  795556201  0.000e+00
    11.5383   4.006729     25.558  795556801  0.000e+00
    11.5392   4.006782     25.537  795557401  0.000e+00
    11.5402   4.006882     25.998  795558001  0.000e+00
    11.5521   4.008134     25.679  795558601  0.000e+00
    11.5431   4.007213     25.672  795559201  0.000e+00
    11.5474   4.007624     25.603  795559801  0.000e+00
    11.5510   4.007868     24.691  795560401  0.000e+00
    11.5479   4.007643     25.208  795561001  0.000e+00
    11.5443   4.007213     24.754  795561601  0.000e+00
    11.5443   4.007219     24.788  795562201  0.000e+00
    11.5407   4.006815     24.376  795562801  0.000e+00
    11.5373   4.006550     24.723  795563401  0.000e+00
    11.5362   4.006418     24.678  795564001  0.000e+00
    11.5319   4.006000     24.463  795564601  0.000e+00
    11.5334   4.005828     24.678  795565201  0.000e+00
    11.5402   4.006649     24.719  795565801  0.000e+00
    11.5377   4.006490     24.113  795566401  0.000e+00
    11.5381   4.006570     24.743  795567001  0.000e+00
    11.5254   4.005371     24.581  795567601  0.000e+00
    11.5384   4.006510     25.149  795568201  0.000e+00
    11.5331   4.006020     24.335  795568801  0.000e+00
    11.5318   4.005762     24.799  795569401  0.000e+00
    11.5281   4.005510     24.733  795570001  0.000e+00
    11.5343   4.005927     24.338  795570601  0.000e+00
    11.5267   4.005291     24.442  795571201  0.000e+00
    11.5263   4.005232     24.220  795571801  0.000e+00
    11.5290   4.005351     23.797  795572401  0.000e+00
    11.5297   4.005550     24.397  795573001  0.000e+00
    11.5240   4.004867     24.186  795573601  0.000e+00
    11.5276   4.005265     24.043  795574201  0.000e+00
    11.5338   4.005868     24.328  795574801  0.000e+00
    11.5288   4.005351     24.539  795575401  0.000e+00
    11.5239   4.004967     24.033  795576001  0.000e+00
    11.5331   4.006066     24.300  795576601  0.000e+00
    11.5320   4.005874     24.286  795577201  0.000e+00
    11.5303   4.005675     23.766  795577801  0.000e+00
    11.5240   4.005126     23.673  795578401  0.000e+00
    11.5356   4.006344     23.919  795579001  0.000e+00
    11.5336   4.006192     24.095  795579601  0.000e+00
    11.5306   4.005907     24.251  795580201  0.000e+00
    11.5351   4.006298     24.064  795580801  0.000e+00
    11.5332   4.006133     24.595  795581401  0.000e+00
    11.5307   4.005907     24.120  795582001  0.000e+00
    11.5294   4.005775     23.874  795582601  0.000e+00
    11.5264   4.005430     23.971  795583201  0.000e+00
    11.5246   4.005311     24.380  795583801  0.000e+00
    11.5267   4.005404     24.726  795584401  0.000e+00
    11.5305   4.005782     24.598  795585001  0.000e+00
    11.5292   4.005722     25.301  795585601  0.000e+00
    11.5268   4.005424     25.187  795586201  0.000e+00
    11.5246   4.005279     25.277  795586801  0.000e+00
    11.5315   4.005961     25.520  795587401  0.000e+00
    11.5328   4.006040     25.672  795588001  0.000e+00
    11.5271   4.005537     26.220  795588601  0.000e+00
    11.5276   4.005656     25.974  795589201  0.000e+00
    11.5286   4.005696     26.251  795589801  0.000e+00
    11.5270   4.005604     26.705  795590401  0.000e+00
    11.5338   4.006372     27.301  795591001  0.000e+00
    11.5314   4.006134     27.439  795591601  0.000e+00
    11.5381   4.006743     27.640  795592201  0.000e+00
    11.5347   4.006399     27.419  795592801  0.000e+00
    11.5357   4.006578     27.862  795593401  0.000e+00
    11.5364   4.006578     27.911  795594001  0.000e+00
    11.5381   4.006750     27.727  795594601  0.000e+00
    11.5302   4.006081     28.216  795595201  0.000e+00
    11.5360   4.006498     27.218  795595801  0.000e+00
    11.5407   4.006995     27.464  795596401  0.000e+00
    11.5377   4.006670     27.654  795597001  0.000e+00
    11.5355   4.006498     27.554  795597601  0.000e+00
    11.5293   4.005962     27.647  795598201  0.000e+00
    11.5325   4.006173     26.895  795598801  0.000e+00
    11.5342   4.006425     27.633  795599401  0.000e+00
    11.5340   4.006326     26.372  795600001  0.000e+00
    11.5316   4.006100     26.639  795600601  0.000e+00
    11.5314   4.006067     26.459  795601201  0.000e+00
    11.5334   4.006219     26.178  795601801  0.000e+00
    11.5346   4.006305     25.828  795602401  0.000e+00
    11.5347   4.006305     25.440  795603001  0.000e+00
    11.5368   4.006550     25.745  795603601  0.000e+00
    11.5351   4.006325     25.339  795604201  0.000e+00
    11.5359   4.006458     25.125  795604801  0.000e+00
    11.5368   4.006497     24.764  795605401  0.000e+00
    11.5336   4.006239     24.591  795606001  0.000e+00
    11.5356   4.006398     24.872  795606601  0.000e+00
    11.5362   4.006391     24.591  795607201  0.000e+00
    11.5346   4.006305     24.723  795607801  0.000e+00
    11.5353   4.006365     24.629  795608401  0.000e+00
    11.5369   4.006477     24.688  795609001  0.000e+00
    11.5384   4.006616     24.009  795609601  0.000e+00
    11.5381   4.006557     24.730  795610201  0.000e+00
    11.5375   4.006530     24.515  795610801  0.000e+00
    11.5362   4.006411     24.386  795611401  0.000e+00
    11.5343   4.006219     24.050  795612001  0.000e+00
    11.5331   4.006113     23.998  795612601  0.000e+00
    11.5337   4.006165     23.631  795613201  0.000e+00
    11.5338   4.006192     24.224  795613801  0.000e+00
    11.5329   4.006093     23.635  795614401  0.000e+00
    11.5377   4.006490     23.922  795615001  0.000e+00
    11.5336   4.006146     23.777  795615601  0.000e+00
    11.5312   4.005934     23.756  795616201  0.000e+00
    11.5369   4.006470     23.364  795616801  0.000e+00
    11.5348   4.006265     23.912  795617401  0.000e+00
    11.5347   4.006225     23.756  795618001  0.000e+00
    11.5319   4.006000     23.645  795618601  0.000e+00
    11.5344   4.006199     24.002  795619201  0.000e+00
    11.5355   4.006305     23.842  795619801  0.000e+00
    11.5331   4.006133     24.047  795620401  0.000e+00
    11.5375   4.006570     24.179  795621001  0.000e+00
    11.5381   4.006609     23.960  795621601  0.000e+00
    11.5395   4.006749     23.943  795622201  0.000e+00
    11.5409   4.006927     23.912  795622801  0.000e+00
    11.5413   4.007000     23.790  795623401  0.000e+00
    11.5419   4.007086     24.047  795624001  0.000e+00
    11.5461   4.007583     24.186  795624601  0.000e+00
    11.5409   4.007027     24.037  795625201  0.000e+00
    11.5445   4.007398     23.884  795625801  0.000e+00
    11.5423   4.007233     24.903  795626401  0.000e+00
    11.5408   4.007047     24.179  795627001  0.000e+00
    11.5421   4.007146     24.681  795627601  0.000e+00
    11.5435   4.007332     24.768  795628201  0.000e+00
    11.5430   4.007312     24.636  795628801  0.000e+00
    11.5411   4.007226     25.069  795629401  0.000e+00
    11.5537   4.008604     25.274  795630001  0.000e+00
    11.5545   4.008511     25.658  795630601  0.000e+00
    11.5715   4.010698     25.932  795631201  0.000e+00
    11.5668   4.010129     26.514  795631801  0.000e+00
    11.5673   4.010275     27.159  795632401  0.000e+00
    11.5648   4.010010     27.522  795633001  0.000e+00
    11.5734   4.011050     27.602  795633601  0.000e+00
    11.5638   4.009937     27.928  795634201  0.000e+00
    11.5748   4.011230     28.399  795634801  0.000e+00
    11.5747   4.011183     28.219  795635401  0.000e+00
    11.5747   4.011223     28.701  795636001  0.000e+00
    11.5778   4.011661     29.484  795636601  0.000e+00
    11.5719   4.011037     28.832  795637201  0.000e+00
    11.5745   4.011309     29.574  795637801  0.000e+00
    11.5755   4.011409     29.664  795638401  0.000e+00
    11.5702   4.010806     29.245  795639001  0.000e+00
    11.5620   4.010037     29.685  795639601  0.000e+00
    11.5685   4.010620     28.926  795640201  0.000e+00
    11.5654   4.010328     28.995  795640801  0.000e+00
    11.5671   4.010461     28.715  795641401  0.000e+00
    11.5657   4.010308     28.697  795642001  0.000e+00
    11.5599   4.009725     28.448  795642601  0.000e+00
    11.5648   4.010162     28.268  795643201  0.000e+00
    11.5659   4.010242     27.796  795643801  0.000e+00
    11.5649   4.010162     27.855  795644401  0.000e+00
    11.5588   4.009513     27.159  795645001  0.000e+00
    11.5586   4.009420     26.504  795645601  0.000e+00
