odissea/data/moor/raw/ce25007/microcat/9141_data.cnv
* Sea-Bird SBE37SM-RS232  Data File:
* FileName = C:\CE25007_recovery_data\9141_data.hex
* Software version SeatermV2 2.8.0.119
* Temperature SN = 9141
* Conductivity SN = 9141
* System UpLoad Time = May 13 2025 14:57:49
* sample interval = 600 seconds
* <ApplicationData>
# nquan = 5
# nvalues = 46313                                 
# units = specified
# name 0 = tv290C: Temperature [ITS-90, deg C]
# name 1 = cond0S/m: Conductivity [S/m]
# name 2 = prdM: Pressure, Strain Gauge [db]
# name 3 = timeK: Time, Instrument [seconds]
# name 4 = flag:  0.000e+00
# span 0 =    11.1124,    16.6544                 
# span 1 =   0.018677,   4.448119                 
# span 2 =      0.023,    208.888                 
# span 3 =  772675201,  800462401                 
# span 4 = 0.0000e+00, 0.0000e+00                 
# interval = seconds: 600
# start_time = Jun 26 2024 00:00:01 [Instrument's time stamp, first data scan]
# bad_flag = -9.990e-29
*END*
[from data line 42286]
    11.9898   4.057018     24.871  798046801  0.000e+00
    11.9879   4.056818     24.756  798047401  0.000e+00
    11.9858   4.056665     25.127  798048001  0.000e+00
    11.9888   4.056938     25.418  798048601  0.000e+00
    11.9899   4.057038     24.874  798049201  0.000e+00
    11.9890   4.057005     25.550  798049801  0.000e+00
    11.9917   4.057218     25.283  798050401  0.000e+00
    11.9904   4.057111     25.539  798051001  0.000e+00
    11.9884   4.056925     25.432  798051601  0.000e+00
    11.9894   4.057038     25.630  798052201  0.000e+00
    11.9840   4.056492     25.678  798052801  0.000e+00
    11.9838   4.056466     25.536  798053401  0.000e+00
    11.9828   4.056379     25.689  798054001  0.000e+00
    11.9830   4.056386     25.768  798054601  0.000e+00
    11.9819   4.056313     25.727  798055201  0.000e+00
    11.9802   4.056166     25.612  798055801  0.000e+00
    11.9805   4.056133     25.786  798056401  0.000e+00
    11.9809   4.056193     25.845  798057001  0.000e+00
    11.9807   4.056159     25.782  798057601  0.000e+00
    11.9801   4.056079     25.664  798058201  0.000e+00
    11.9787   4.055940     25.716  798058801  0.000e+00
    11.9788   4.055993     25.578  798059401  0.000e+00
    11.9778   4.055866     25.391  798060001  0.000e+00
    11.9781   4.055893     25.550  798060601  0.000e+00
    11.9791   4.055980     25.605  798061201  0.000e+00
    11.9801   4.056113     25.650  798061801  0.000e+00
    11.9794   4.056019     25.276  798062401  0.000e+00
    11.9788   4.055953     25.262  798063001  0.000e+00
    11.9775   4.055860     25.671  798063601  0.000e+00
    11.9785   4.055940     25.325  798064201  0.000e+00
    11.9798   4.056046     25.155  798064801  0.000e+00
    11.9807   4.056153     25.190  798065401  0.000e+00
    11.9809   4.056239     25.266  798066001  0.000e+00
    11.9802   4.056079     25.456  798066601  0.000e+00
    11.9814   4.056179     25.668  798067201  0.000e+00
    11.9808   4.056126     25.772  798067801  0.000e+00
    11.9814   4.056299     26.278  798068401  0.000e+00
    11.9828   4.056439     26.621  798069001  0.000e+00
    11.9830   4.056406     26.434  798069601  0.000e+00
    11.9880   4.056959     27.037  798070201  0.000e+00
    11.9897   4.057112     26.960  798070801  0.000e+00
    11.9856   4.056699     27.172  798071401  0.000e+00
    11.9877   4.056886     27.622  798072001  0.000e+00
    11.9906   4.057212     27.878  798072601  0.000e+00
    11.9911   4.057186     28.079  798073201  0.000e+00
    11.9975   4.057958     28.613  798073801  0.000e+00
    11.9938   4.057412     28.426  798074401  0.000e+00
    11.9922   4.057272     28.845  798075001  0.000e+00
    11.9959   4.057705     28.384  798075601  0.000e+00
    11.9986   4.057958     28.461  798076201  0.000e+00
    11.9880   4.057066     28.194  798076801  0.000e+00
    12.0006   4.058218     27.844  798077401  0.000e+00
    11.9976   4.057991     27.594  798078001  0.000e+00
    11.9920   4.057432     27.764  798078601  0.000e+00
    11.9991   4.058051     27.262  798079201  0.000e+00
    11.9967   4.057791     26.711  798079801  0.000e+00
    11.9890   4.057019     26.718  798080401  0.000e+00
    11.9886   4.056932     26.655  798081001  0.000e+00
    11.9866   4.056772     25.907  798081601  0.000e+00
    11.9904   4.057118     25.955  798082201  0.000e+00
    11.9929   4.057351     25.498  798082801  0.000e+00
    11.9918   4.057231     25.241  798083401  0.000e+00
    11.9917   4.057158     25.276  798084001  0.000e+00
    11.9872   4.056758     25.103  798084601  0.000e+00
    11.9885   4.056891     25.006  798085201  0.000e+00
    11.9888   4.056818     24.663  798085801  0.000e+00
    11.9807   4.056112     24.718  798086401  0.000e+00
    11.9885   4.056871     24.874  798087001  0.000e+00
    11.9880   4.056805     24.486  798087601  0.000e+00
    11.9859   4.056652     24.521  798088201  0.000e+00
    11.9850   4.056578     24.431  798088801  0.000e+00
    11.9856   4.056638     24.642  798089401  0.000e+00
    11.9859   4.056585     24.628  798090001  0.000e+00
    11.9822   4.056192     24.618  798090601  0.000e+00
    11.9846   4.056552     25.151  798091201  0.000e+00
    11.9843   4.056505     24.985  798091801  0.000e+00
    11.9820   4.056326     24.978  798092401  0.000e+00
    11.9833   4.056439     24.916  798093001  0.000e+00
    11.9846   4.056525     24.954  798093601  0.000e+00
    11.9808   4.056192     25.158  798094201  0.000e+00
    11.9827   4.056372     25.255  798094801  0.000e+00
    11.9828   4.056392     25.373  798095401  0.000e+00
    11.9803   4.056173     25.335  798096001  0.000e+00
    11.9864   4.056852     25.740  798096601  0.000e+00
    11.9864   4.056838     25.408  798097201  0.000e+00
    11.9848   4.056639     25.415  798097801  0.000e+00
    11.9845   4.056599     25.616  798098401  0.000e+00
    11.9839   4.056652     25.782  798099001  0.000e+00
    11.9862   4.056839     25.824  798099601  0.000e+00
    11.9874   4.056912     25.605  798100201  0.000e+00
    11.9853   4.056679     25.730  798100801  0.000e+00
    11.9850   4.056625     25.557  798101401  0.000e+00
    11.9865   4.056785     25.560  798102001  0.000e+00
    11.9856   4.056745     25.630  798102601  0.000e+00
    11.9798   4.056206     25.772  798103201  0.000e+00
    11.9844   4.056592     25.855  798103801  0.000e+00
    11.9738   4.055487     25.481  798104401  0.000e+00
    11.9732   4.055394     25.352  798105001  0.000e+00
    11.9737   4.055487     25.401  798105601  0.000e+00
    11.9734   4.055400     25.384  798106201  0.000e+00
    11.9773   4.055846     25.321  798106801  0.000e+00
    11.9758   4.055646     24.947  798107401  0.000e+00
    11.9731   4.055374     25.200  798108001  0.000e+00
    11.9692   4.054954     25.183  798108601  0.000e+00
    11.9682   4.054894     24.906  798109201  0.000e+00
    11.9713   4.055174     25.006  798109801  0.000e+00
    11.9699   4.055007     25.027  798110401  0.000e+00
    11.9658   4.054648     25.356  798111001  0.000e+00
    11.9741   4.055440     25.248  798111601  0.000e+00
    11.9652   4.054648     24.996  798112201  0.000e+00
    11.9651   4.054581     25.131  798112801  0.000e+00
    11.9630   4.054349     25.418  798113401  0.000e+00
    11.9624   4.054289     25.377  798114001  0.000e+00
    11.9637   4.054409     26.122  798114601  0.000e+00
    11.9617   4.054229     26.049  798115201  0.000e+00
    11.9634   4.054409     26.434  798115801  0.000e+00
    11.9660   4.054662     26.534  798116401  0.000e+00
    11.9800   4.056073     26.565  798117001  0.000e+00
    11.9709   4.055188     27.005  798117601  0.000e+00
    11.9773   4.055787     27.012  798118201  0.000e+00
    11.9741   4.055474     26.943  798118801  0.000e+00
    11.9695   4.055022     27.130  798119401  0.000e+00
    11.9783   4.055880     27.088  798120001  0.000e+00
    11.9723   4.055268     27.293  798120601  0.000e+00
    11.9754   4.055567     27.099  798121201  0.000e+00
    11.9800   4.056033     26.981  798121801  0.000e+00
    11.9790   4.055947     26.867  798122401  0.000e+00
    11.9785   4.055887     26.829  798123001  0.000e+00
    11.9857   4.056579     26.534  798123601  0.000e+00
    11.9874   4.056812     26.149  798124201  0.000e+00
    11.9876   4.056832     25.910  798124801  0.000e+00
    11.9928   4.057384     25.491  798125401  0.000e+00
    11.9929   4.057411     25.453  798126001  0.000e+00
    11.9992   4.058050     24.826  798126601  0.000e+00
    11.9933   4.057444     24.937  798127201  0.000e+00
    12.0022   4.058403     24.763  798127801  0.000e+00
    12.0042   4.058603     24.805  798128401  0.000e+00
    12.0024   4.058396     24.743  798129001  0.000e+00
    12.0036   4.058543     24.167  798129601  0.000e+00
    12.0064   4.058809     24.472  798130201  0.000e+00
    12.0062   4.058756     24.562  798130801  0.000e+00
    11.9999   4.058123     24.382  798131401  0.000e+00
    11.9990   4.058097     24.933  798132001  0.000e+00
    11.9982   4.057977     25.040  798132601  0.000e+00
    12.0035   4.058516     24.663  798133201  0.000e+00
    12.0044   4.058629     24.749  798133801  0.000e+00
    12.0135   4.059522     24.836  798134401  0.000e+00
    12.0123   4.059409     24.912  798135001  0.000e+00
    12.0093   4.059076     25.041  798135601  0.000e+00
    12.0051   4.058703     25.103  798136201  0.000e+00
    12.0017   4.058390     25.200  798136801  0.000e+00
    12.0016   4.058336     25.186  798137401  0.000e+00
    12.0025   4.058423     25.196  798138001  0.000e+00
    12.0019   4.058330     25.207  798138601  0.000e+00
    12.0062   4.058803     25.262  798139201  0.000e+00
    12.0148   4.059635     25.411  798139801  0.000e+00
    12.0131   4.059455     25.588  798140401  0.000e+00
    12.0062   4.058703     25.585  798141001  0.000e+00
    12.0073   4.058829     25.515  798141601  0.000e+00
    12.0260   4.060708     25.921  798142201  0.000e+00
    12.0365   4.061720     25.824  798142801  0.000e+00
    11.9996   4.057910     25.616  798143401  0.000e+00
    11.9900   4.056985     25.994  798144001  0.000e+00
    11.9832   4.056319     25.657  798144601  0.000e+00
    11.9823   4.056206     25.609  798145201  0.000e+00
    11.9852   4.056479     25.526  798145801  0.000e+00
    11.9875   4.056692     25.616  798146401  0.000e+00
    11.9910   4.057051     25.262  798147001  0.000e+00
    11.9902   4.056925     25.699  798147601  0.000e+00
    11.9890   4.056898     25.702  798148201  0.000e+00
    11.9866   4.056672     25.883  798148801  0.000e+00
    11.9876   4.056692     25.408  798149401  0.000e+00
    11.9763   4.055560     25.370  798150001  0.000e+00
    11.9785   4.055813     25.647  798150601  0.000e+00
    11.9828   4.056186     25.179  798151201  0.000e+00
    11.9860   4.056532     25.546  798151801  0.000e+00
    11.9874   4.056685     25.068  798152401  0.000e+00
    11.9929   4.057291     25.197  798153001  0.000e+00
    11.9923   4.057231     25.294  798153601  0.000e+00
    11.9892   4.056958     25.089  798154201  0.000e+00
    11.9975   4.057770     24.940  798154801  0.000e+00
    11.9950   4.057544     25.474  798155401  0.000e+00
    12.0001   4.058203     25.463  798156001  0.000e+00
    12.0029   4.058523     25.775  798156601  0.000e+00
    12.0048   4.058656     25.858  798157201  0.000e+00
    12.0115   4.059336     26.097  798157801  0.000e+00
    12.0123   4.059256     26.104  798158401  0.000e+00
    12.0094   4.058790     26.506  798159001  0.000e+00
    12.0087   4.058504     27.005  798159601  0.000e+00
    11.9640   4.053410     26.950  798160201  0.000e+00
    11.9528   4.052106     27.449  798160801  0.000e+00
    11.9499   4.051754     27.705  798161401  0.000e+00
    11.9432   4.051275     27.837  798162001  0.000e+00
    11.9524   4.052126     27.605  798162601  0.000e+00
    11.9660   4.053897     27.889  798163201  0.000e+00
    11.9828   4.055681     27.775  798163801  0.000e+00
    11.9747   4.055195     28.021  798164401  0.000e+00
    11.9985   4.058045     28.183  798165001  0.000e+00
    11.9992   4.058251     27.889  798165601  0.000e+00
    12.0279   4.061621     27.515  798166201  0.000e+00
    12.0178   4.060495     27.165  798166801  0.000e+00
    12.0069   4.059343     27.317  798167401  0.000e+00
    11.9997   4.058650     26.926  798168001  0.000e+00
    11.9926   4.057844     26.673  798168601  0.000e+00
    11.9913   4.057538     26.364  798169201  0.000e+00
    11.9950   4.057991     26.136  798169801  0.000e+00
    11.9915   4.057631     25.938  798170401  0.000e+00
    11.9971   4.058170     26.156  798171001  0.000e+00
    12.0009   4.058676     25.345  798171601  0.000e+00
    11.9827   4.056672     25.221  798172201  0.000e+00
    11.9873   4.057238     24.971  798172801  0.000e+00
    11.9892   4.057417     24.857  798173401  0.000e+00
    11.9824   4.056718     25.002  798174001  0.000e+00
    11.9830   4.056798     25.307  798174601  0.000e+00
    11.9825   4.056692     25.048  798175201  0.000e+00
    11.9836   4.056658     24.781  798175801  0.000e+00
    11.9821   4.056519     25.110  798176401  0.000e+00
    11.9934   4.057577     24.999  798177001  0.000e+00
    12.0379   4.062319     24.961  798177601  0.000e+00
    12.0196   4.060508     25.567  798178201  0.000e+00
    12.0096   4.059349     25.539  798178801  0.000e+00
    12.0084   4.059249     25.536  798179401  0.000e+00
    11.9791   4.056279     25.196  798180001  0.000e+00
    11.9668   4.055214     25.855  798180601  0.000e+00
    12.0403   4.062526     25.415  798181201  0.000e+00
    11.9616   4.054349     25.592  798181801  0.000e+00
    11.9731   4.055613     25.543  798182401  0.000e+00
    11.9800   4.056313     25.682  798183001  0.000e+00
    11.9786   4.056326     26.011  798183601  0.000e+00
    12.0087   4.059342     25.744  798184201  0.000e+00
    11.9797   4.056273     25.796  798184801  0.000e+00
    11.9716   4.055400     25.498  798185401  0.000e+00
    11.9754   4.055813     25.834  798186001  0.000e+00
    11.9779   4.056113     25.841  798186601  0.000e+00
    11.9768   4.055913     25.792  798187201  0.000e+00
    11.9775   4.056026     25.723  798187801  0.000e+00
    11.9784   4.056106     25.820  798188401  0.000e+00
    11.9746   4.055653     25.782  798189001  0.000e+00
    11.9795   4.056279     25.980  798189601  0.000e+00
    11.9771   4.055980     25.997  798190201  0.000e+00
    11.9780   4.056119     25.678  798190801  0.000e+00
    11.9953   4.057811     25.855  798191401  0.000e+00
    11.9945   4.057851     26.004  798192001  0.000e+00
    12.0229   4.060795     26.336  798192601  0.000e+00
    12.0279   4.061460     25.834  798193201  0.000e+00
    12.0363   4.062160     25.855  798193801  0.000e+00
    12.0162   4.060042     25.702  798194401  0.000e+00
    12.0202   4.060435     25.751  798195001  0.000e+00
    12.0280   4.061294     25.363  798195601  0.000e+00
    12.0231   4.060734     25.803  798196201  0.000e+00
    12.0226   4.060761     25.806  798196801  0.000e+00
    12.0160   4.059915     25.605  798197401  0.000e+00
    12.0155   4.059902     25.581  798198001  0.000e+00
    12.0130   4.059569     25.692  798198601  0.000e+00
    12.0115   4.059296     25.359  798199201  0.000e+00
    12.0048   4.058736     25.702  798199801  0.000e+00
    11.9864   4.056512     26.063  798200401  0.000e+00
    11.9492   4.052478     26.014  798201001  0.000e+00
    11.9178   4.049205     26.316  798201601  0.000e+00
    11.9030   4.047222     26.028  798202201  0.000e+00
    11.9028   4.047096     26.455  798202801  0.000e+00
    11.9102   4.048047     26.385  798203401  0.000e+00
    11.8816   4.045207     26.448  798204001  0.000e+00
    11.8550   4.042507     26.617  798204601  0.000e+00
    11.8363   4.040659     26.922  798205201  0.000e+00
    11.8152   4.038572     27.026  798205801  0.000e+00
    11.8023   4.037350     27.130  798206401  0.000e+00
    11.8237   4.039304     26.999  798207001  0.000e+00
    11.7870   4.035895     27.130  798207601  0.000e+00
    11.7820   4.035337     27.286  798208201  0.000e+00
    11.7736   4.034367     27.137  798208801  0.000e+00
    11.7663   4.033530     27.085  798209401  0.000e+00
    11.7539   4.032354     26.943  798210001  0.000e+00
    11.7836   4.035071     27.040  798210601  0.000e+00
    11.7887   4.035669     27.259  798211201  0.000e+00
    11.7917   4.035961     27.089  798211801  0.000e+00
    11.7925   4.035841     26.735  798212401  0.000e+00
    11.7877   4.035057     26.735  798213001  0.000e+00
    11.7904   4.035316     26.642  798213601  0.000e+00
    11.7949   4.035768     26.150  798214201  0.000e+00
    11.7894   4.035250     26.060  798214801  0.000e+00
    11.7883   4.035004     26.167  798215401  0.000e+00
    11.7842   4.034605     25.935  798216001  0.000e+00
    11.7404   4.030042     25.831  798216601  0.000e+00
    11.7745   4.033396     25.526  798217201  0.000e+00
