odissea/data/moor/raw/ce25007/microcat/9141_data.cnv
* Sea-Bird SBE37SM-RS232  Data File:
* FileName = C:\CE25007_recovery_data\9141_data.hex
* Software version SeatermV2 2.8.0.119
* Temperature SN = 9141
* Conductivity SN = 9141
* System UpLoad Time = May 13 2025 14:57:49
* sample interval = 600 seconds
* <ApplicationData>
# nquan = 5
# nvalues = 46313                                 
# units = specified
# name 0 = tv290C: Temperature [ITS-90, deg C]
# name 1 = cond0S/m: Conductivity [S/m]
# name 2 = prdM: Pressure, Strain Gauge [db]
# name 3 = timeK: Time, Instrument [seconds]
# name 4 = flag:  0.000e+00
# span 0 =    11.1124,    16.6544                 
# span 1 =   0.018677,   4.448119                 
# span 2 =      0.023,    208.888                 
# span 3 =  772675201,  800462401                 
# span 4 = 0.0000e+00, 0.0000e+00                 
# interval = seconds: 600
# start_time = Jun 26 2024 00:00:01 [Instrument's time stamp, first data scan]
# bad_flag = -9.990e-29
*END*
[from data line 42572]
    11.7850   4.034545     25.616  798218401  0.000e+00
    11.7964   4.035588     24.965  798219001  0.000e+00
    11.7962   4.035694     25.180  798219601  0.000e+00
    11.7976   4.035807     24.961  798220201  0.000e+00
    11.7981   4.035847     24.934  798220801  0.000e+00
    11.7987   4.035960     24.972  798221401  0.000e+00
    11.7985   4.035934     25.225  798222001  0.000e+00
    11.8092   4.036864     25.162  798222601  0.000e+00
    11.8093   4.036771     25.425  798223201  0.000e+00
    11.8096   4.036658     25.283  798223801  0.000e+00
    11.8070   4.036412     25.221  798224401  0.000e+00
    11.8032   4.036179     25.138  798225001  0.000e+00
    11.8006   4.035834     25.076  798225601  0.000e+00
    11.8285   4.038426     25.561  798226201  0.000e+00
    11.8310   4.038778     25.505  798226801  0.000e+00
    11.8664   4.041669     25.682  798227401  0.000e+00
    11.8274   4.038266     25.432  798228001  0.000e+00
    11.8227   4.038027     25.502  798228601  0.000e+00
    11.8112   4.037103     25.661  798229201  0.000e+00
    11.8085   4.036884     25.692  798229801  0.000e+00
    11.8139   4.037429     25.710  798230401  0.000e+00
    11.8095   4.037063     25.755  798231001  0.000e+00
    11.8135   4.037356     25.658  798231601  0.000e+00
    11.8152   4.037429     25.710  798232201  0.000e+00
    11.8160   4.037548     25.585  798232801  0.000e+00
    11.8166   4.037655     25.613  798233401  0.000e+00
    11.8155   4.037529     25.904  798234001  0.000e+00
    11.8177   4.037728     25.734  798234601  0.000e+00
    11.8143   4.037402     25.616  798235201  0.000e+00
    11.8250   4.038379     25.717  798235801  0.000e+00
    11.8226   4.038193     25.692  798236401  0.000e+00
    11.8285   4.038711     25.654  798237001  0.000e+00
    11.8254   4.038426     25.519  798237601  0.000e+00
    11.8229   4.038166     25.349  798238201  0.000e+00
    11.8192   4.037861     25.540  798238801  0.000e+00
    11.8065   4.036684     25.384  798239401  0.000e+00
    11.8108   4.037010     25.644  798240001  0.000e+00
    11.8027   4.036273     25.623  798240601  0.000e+00
    11.8068   4.036678     25.873  798241201  0.000e+00
    11.8022   4.036186     25.772  798241801  0.000e+00
    11.7921   4.035323     25.977  798242401  0.000e+00
    11.7995   4.035914     26.049  798243001  0.000e+00
    11.7868   4.034805     26.295  798243601  0.000e+00
    11.7783   4.033974     26.306  798244201  0.000e+00
    11.7680   4.033024     26.618  798244801  0.000e+00
    11.7623   4.032360     26.683  798245401  0.000e+00
    11.7679   4.032799     26.690  798246001  0.000e+00
    11.7698   4.032879     27.186  798246601  0.000e+00
    11.7635   4.032268     27.297  798247201  0.000e+00
    11.7600   4.032095     27.487  798247801  0.000e+00
    11.7641   4.032580     27.716  798248401  0.000e+00
    11.7466   4.030448     27.955  798249001  0.000e+00
    11.7560   4.031863     28.187  798249601  0.000e+00
    11.7573   4.031976     28.070  798250201  0.000e+00
    11.7609   4.032381     28.388  798250801  0.000e+00
    11.7658   4.032985     28.329  798251401  0.000e+00
    11.7668   4.033085     28.638  798252001  0.000e+00
    11.7669   4.033284     28.686  798252601  0.000e+00
    11.7697   4.033523     28.614  798253201  0.000e+00
    11.7716   4.033756     28.524  798253801  0.000e+00
    11.7720   4.033836     28.208  798254401  0.000e+00
    11.7748   4.034055     28.111  798255001  0.000e+00
    11.7753   4.034154     27.993  798255601  0.000e+00
    11.7760   4.034240     27.501  798256201  0.000e+00
    11.7760   4.034207     27.370  798256801  0.000e+00
    11.7834   4.034958     27.085  798257401  0.000e+00
    11.7854   4.035124     26.642  798258001  0.000e+00
    11.7956   4.036153     26.628  798258601  0.000e+00
    11.7912   4.035834     26.174  798259201  0.000e+00
    11.7991   4.036459     26.029  798259801  0.000e+00
    11.8002   4.036525     25.924  798260401  0.000e+00
    11.7813   4.034412     25.713  798261001  0.000e+00
    11.7964   4.035994     25.426  798261601  0.000e+00
    11.7923   4.035435     25.169  798262201  0.000e+00
    11.7937   4.035581     25.121  798262801  0.000e+00
    11.7848   4.034611     25.065  798263401  0.000e+00
    11.7995   4.036166     24.895  798264001  0.000e+00
    11.8074   4.036924     24.878  798264601  0.000e+00
    11.7928   4.035488     24.875  798265201  0.000e+00
    11.8108   4.037322     24.757  798265801  0.000e+00
    11.8076   4.037196     24.875  798266401  0.000e+00
    11.8114   4.037508     24.746  798267001  0.000e+00
    11.8134   4.037615     24.712  798267601  0.000e+00
    11.8185   4.038166     24.937  798268201  0.000e+00
    11.8226   4.038572     25.107  798268801  0.000e+00
    11.8238   4.038738     24.909  798269401  0.000e+00
    11.8273   4.039143     24.923  798270001  0.000e+00
    11.8289   4.039296     25.107  798270601  0.000e+00
    11.8135   4.038067     24.927  798271201  0.000e+00
    11.8321   4.039569     25.176  798271801  0.000e+00
    11.8261   4.039044     25.266  798272401  0.000e+00
    11.8325   4.039595     25.107  798273001  0.000e+00
    11.8374   4.040060     25.173  798273601  0.000e+00
    11.8343   4.039755     25.373  798274201  0.000e+00
    11.8348   4.039874     25.419  798274801  0.000e+00
    11.8367   4.040014     25.259  798275401  0.000e+00
    11.8412   4.040473     25.599  798276001  0.000e+00
    11.8412   4.040446     25.502  798276601  0.000e+00
    11.8392   4.040287     25.450  798277201  0.000e+00
    11.8396   4.040380     25.502  798277801  0.000e+00
    11.8462   4.040965     25.498  798278401  0.000e+00
    11.8410   4.040473     25.228  798279001  0.000e+00
    11.8505   4.041437     25.270  798279601  0.000e+00
    11.8527   4.041683     25.398  798280201  0.000e+00
    11.8552   4.041962     25.228  798280801  0.000e+00
    11.8582   4.042188     25.425  798281401  0.000e+00
    11.8533   4.041809     25.460  798282001  0.000e+00
    11.8591   4.042327     25.488  798282601  0.000e+00
    11.8483   4.041350     25.557  798283201  0.000e+00
    11.8501   4.041530     25.228  798283801  0.000e+00
    11.8760   4.044030     25.294  798284401  0.000e+00
    11.8623   4.042740     25.342  798285001  0.000e+00
    11.8797   4.044475     25.491  798285601  0.000e+00
    11.8857   4.045127     25.391  798286201  0.000e+00
    11.8771   4.044309     25.359  798286801  0.000e+00
    11.8925   4.045805     25.346  798287401  0.000e+00
    11.8829   4.044927     25.526  798288001  0.000e+00
    11.8839   4.044994     25.211  798288601  0.000e+00
    11.8882   4.045386     25.768  798289201  0.000e+00
    11.8874   4.045326     25.768  798289801  0.000e+00
    11.8835   4.045034     25.890  798290401  0.000e+00
    11.8875   4.045227     25.685  798291001  0.000e+00
    11.8829   4.044868     26.101  798291601  0.000e+00
    11.8952   4.045898     25.834  798292201  0.000e+00
    11.8956   4.045945     26.465  798292801  0.000e+00
    11.8876   4.045220     26.274  798293401  0.000e+00
    11.8976   4.046125     26.312  798294001  0.000e+00
    11.8936   4.045806     26.652  798294601  0.000e+00
    11.8861   4.044961     26.288  798295201  0.000e+00
    11.8894   4.045407     26.465  798295801  0.000e+00
    11.8952   4.046025     26.167  798296401  0.000e+00
    11.8858   4.044994     26.493  798297001  0.000e+00
    11.9020   4.046737     26.448  798297601  0.000e+00
    11.8861   4.045080     25.997  798298201  0.000e+00
    11.9005   4.046577     26.347  798298801  0.000e+00
    11.8883   4.045360     26.163  798299401  0.000e+00
    11.9080   4.047322     26.118  798300001  0.000e+00
    11.9022   4.046730     25.831  798300601  0.000e+00
    11.8791   4.044269     25.716  798301201  0.000e+00
    11.9094   4.047448     25.938  798301801  0.000e+00
    11.9034   4.046856     25.210  798302401  0.000e+00
    11.9116   4.047741     25.703  798303001  0.000e+00
    11.9160   4.048140     25.020  798303601  0.000e+00
    11.9188   4.048366     24.978  798304201  0.000e+00
    11.9160   4.048186     25.526  798304801  0.000e+00
    11.9104   4.047594     24.646  798305401  0.000e+00
    11.9114   4.047661     24.476  798306001  0.000e+00
    11.9181   4.048332     24.219  798306601  0.000e+00
    11.9121   4.047740     24.750  798307201  0.000e+00
    11.9186   4.048332     24.767  798307801  0.000e+00
    11.9172   4.048233     24.535  798308401  0.000e+00
    11.9236   4.048918     25.207  798309001  0.000e+00
    11.9087   4.047415     25.093  798309601  0.000e+00
    11.9056   4.047075     24.767  798310201  0.000e+00
    11.9138   4.047993     25.075  798310801  0.000e+00
    11.9152   4.048120     24.767  798311401  0.000e+00
    11.9173   4.048319     24.871  798312001  0.000e+00
    11.9152   4.048120     25.477  798312601  0.000e+00
    11.9091   4.047434     24.774  798313201  0.000e+00
    11.9153   4.048060     25.176  798313801  0.000e+00
    11.9104   4.047561     24.888  798314401  0.000e+00
    11.9105   4.047628     25.190  798315001  0.000e+00
    11.9097   4.047574     24.947  798315601  0.000e+00
    11.9016   4.046710     25.574  798316201  0.000e+00
    11.9158   4.048213     25.453  798316801  0.000e+00
    11.9142   4.047980     25.408  798317401  0.000e+00
    11.9136   4.047967     24.971  798318001  0.000e+00
    11.9068   4.047322     25.242  798318601  0.000e+00
    11.9066   4.047255     25.852  798319201  0.000e+00
    11.9130   4.047920     25.141  798319801  0.000e+00
    11.9100   4.047661     25.256  798320401  0.000e+00
    11.9111   4.047721     25.016  798321001  0.000e+00
    11.9104   4.047614     25.349  798321601  0.000e+00
    11.9097   4.047588     25.616  798322201  0.000e+00
    11.9082   4.047421     25.051  798322801  0.000e+00
    11.9059   4.047215     25.020  798323401  0.000e+00
    11.9048   4.047102     25.439  798324001  0.000e+00
    11.9038   4.047016     25.529  798324601  0.000e+00
    11.9064   4.047282     25.640  798325201  0.000e+00
    11.9054   4.047142     25.114  798325801  0.000e+00
    11.9030   4.046896     25.779  798326401  0.000e+00
    11.9039   4.047002     25.304  798327001  0.000e+00
    11.8950   4.046211     25.214  798327601  0.000e+00
    11.9029   4.046963     25.831  798328201  0.000e+00
    11.8930   4.046011     25.017  798328801  0.000e+00
    11.8940   4.046111     25.616  798329401  0.000e+00
    11.8954   4.046198     25.602  798330001  0.000e+00
    11.8938   4.046018     25.238  798330601  0.000e+00
    11.8907   4.045712     25.311  798331201  0.000e+00
    11.8875   4.045340     25.172  798331801  0.000e+00
    11.8896   4.045606     25.758  798332401  0.000e+00
    11.8861   4.045240     25.789  798333001  0.000e+00
    11.8805   4.044728     25.474  798333601  0.000e+00
    11.8784   4.044568     25.502  798334201  0.000e+00
    11.8773   4.044375     25.567  798334801  0.000e+00
    11.8737   4.044003     25.890  798335401  0.000e+00
    11.8630   4.042999     26.025  798336001  0.000e+00
    11.8687   4.043505     26.170  798336601  0.000e+00
    11.8687   4.043491     26.098  798337201  0.000e+00
    11.8505   4.041596     25.512  798337801  0.000e+00
    11.8461   4.041144     26.268  798338401  0.000e+00
    11.8439   4.040832     25.699  798339001  0.000e+00
    11.8354   4.040054     26.022  798339601  0.000e+00
    11.8292   4.039483     26.493  798340201  0.000e+00
    11.8297   4.039476     27.051  798340801  0.000e+00
    11.8299   4.039523     26.690  798341401  0.000e+00
    11.8272   4.039257     27.182  798342001  0.000e+00
    11.8264   4.039130     25.942  798342601  0.000e+00
    11.8249   4.038991     25.772  798343201  0.000e+00
    11.8226   4.038805     26.365  798343801  0.000e+00
    11.8206   4.038599     26.524  798344401  0.000e+00
    11.8190   4.038399     25.363  798345001  0.000e+00
    11.8209   4.038659     26.669  798345601  0.000e+00
    11.8151   4.038087     25.852  798346201  0.000e+00
    11.8161   4.038147     25.873  798346801  0.000e+00
    11.8155   4.038140     26.320  798347401  0.000e+00
    11.8080   4.037409     25.308  798348001  0.000e+00
    11.8103   4.037602     25.322  798348601  0.000e+00
    11.8106   4.037641     25.408  798349201  0.000e+00
    11.8094   4.037475     24.445  798349801  0.000e+00
    11.7994   4.036618     24.850  798350401  0.000e+00
    11.8046   4.037063     24.400  798351001  0.000e+00
    11.8024   4.036877     25.211  798351601  0.000e+00
    11.8029   4.036917     25.017  798352201  0.000e+00
    11.8043   4.037050     24.951  798352801  0.000e+00
    11.8054   4.037143     25.315  798353401  0.000e+00
    11.8008   4.036704     24.289  798354001  0.000e+00
    11.7940   4.036066     24.684  798354601  0.000e+00
    11.7936   4.036040     24.691  798355201  0.000e+00
    11.7923   4.035927     24.944  798355801  0.000e+00
    11.7909   4.035801     25.270  798356401  0.000e+00
    11.7893   4.035628     25.076  798357001  0.000e+00
    11.7891   4.035601     24.940  798357601  0.000e+00
    11.7910   4.035734     24.902  798358201  0.000e+00
    11.7907   4.035728     24.868  798358801  0.000e+00
    11.7894   4.035641     25.484  798359401  0.000e+00
    11.7789   4.034631     24.684  798360001  0.000e+00
    11.7883   4.035508     25.037  798360601  0.000e+00
    11.7755   4.034359     25.259  798361201  0.000e+00
    11.7730   4.034127     25.880  798361801  0.000e+00
    11.7774   4.034565     25.831  798362401  0.000e+00
    11.7775   4.034512     25.575  798363001  0.000e+00
    11.7809   4.034824     25.322  798363601  0.000e+00
    11.7833   4.035050     24.611  798364201  0.000e+00
    11.7820   4.034977     25.436  798364801  0.000e+00
    11.7862   4.035336     25.478  798365401  0.000e+00
    11.7853   4.035243     25.225  798366001  0.000e+00
    11.7844   4.035210     25.332  798366601  0.000e+00
    11.7836   4.035130     25.349  798367201  0.000e+00
    11.7847   4.035243     25.550  798367801  0.000e+00
    11.7881   4.035528     25.027  798368401  0.000e+00
    11.7844   4.035183     25.467  798369001  0.000e+00
    11.7864   4.035369     25.425  798369601  0.000e+00
    11.7873   4.035482     25.519  798370201  0.000e+00
    11.7866   4.035429     24.965  798370801  0.000e+00
    11.7873   4.035455     25.010  798371401  0.000e+00
    11.7912   4.035887     25.024  798372001  0.000e+00
    11.7907   4.035814     25.204  798372601  0.000e+00
    11.7857   4.035362     25.543  798373201  0.000e+00
    11.7890   4.035648     25.121  798373801  0.000e+00
    11.7907   4.035867     25.495  798374401  0.000e+00
    11.7916   4.035927     25.491  798375001  0.000e+00
    11.7860   4.035382     25.037  798375601  0.000e+00
    11.7925   4.035993     25.030  798376201  0.000e+00
    11.7875   4.035535     24.934  798376801  0.000e+00
    11.7952   4.036346     24.909  798377401  0.000e+00
    11.7877   4.035575     25.225  798378001  0.000e+00
    11.7860   4.035375     24.868  798378601  0.000e+00
    11.7871   4.035488     24.892  798379201  0.000e+00
    11.7834   4.035210     25.394  798379801  0.000e+00
    11.7908   4.035934     25.318  798380401  0.000e+00
    11.7838   4.035269     25.602  798381001  0.000e+00
    11.7867   4.035562     25.384  798381601  0.000e+00
    11.7762   4.034525     24.847  798382201  0.000e+00
    11.7842   4.035356     25.169  798382801  0.000e+00
    11.7791   4.034864     24.795  798383401  0.000e+00
    11.7762   4.034685     24.778  798384001  0.000e+00
    11.7903   4.036060     24.435  798384601  0.000e+00
    11.7758   4.034705     24.916  798385201  0.000e+00
    11.7895   4.036040     25.141  798385801  0.000e+00
    11.7863   4.035741     24.698  798386401  0.000e+00
    11.8117   4.038146     24.764  798387001  0.000e+00
    11.8073   4.037714     24.975  798387601  0.000e+00
    11.7774   4.034837     24.667  798388201  0.000e+00
    11.7828   4.035349     24.344  798388801  0.000e+00
