odissea/data/moor/raw/ce25007/microcat/9141_data.cnv
* Sea-Bird SBE37SM-RS232  Data File:
* FileName = C:\CE25007_recovery_data\9141_data.hex
* Software version SeatermV2 2.8.0.119
* Temperature SN = 9141
* Conductivity SN = 9141
* System UpLoad Time = May 13 2025 14:57:49
* sample interval = 600 seconds
* <ApplicationData>
# nquan = 5
# nvalues = 46313                                 
# units = specified
# name 0 = tv290C: Temperature [ITS-90, deg C]
# name 1 = cond0S/m: Conductivity [S/m]
# name 2 = prdM: Pressure, Strain Gauge [db]
# name 3 = timeK: Time, Instrument [seconds]
# name 4 = flag:  0.000e+00
# span 0 =    11.1124,    16.6544                 
# span 1 =   0.018677,   4.448119                 
# span 2 =      0.023,    208.888                 
# span 3 =  772675201,  800462401                 
# span 4 = 0.0000e+00, 0.0000e+00                 
# interval = seconds: 600
# start_time = Jun 26 2024 00:00:01 [Instrument's time stamp, first data scan]
# bad_flag = -9.990e-29
*END*
[from data line 4572]
    15.1087   4.367305     28.094  775418401  0.000e+00
    15.0721   4.362405     28.531  775419001  0.000e+00
    15.0445   4.360231     28.909  775419601  0.000e+00
    15.0149   4.356912     29.519  775420201  0.000e+00
    14.9302   4.348756     29.911  775420801  0.000e+00
    14.8027   4.336671     30.590  775421401  0.000e+00
    15.0218   4.357715     30.974  775422001  0.000e+00
    15.1033   4.365885     31.390  775422601  0.000e+00
    15.0296   4.358936     32.135  775423201  0.000e+00
    15.0094   4.356852     32.654  775423801  0.000e+00
    14.9029   4.345915     33.306  775424401  0.000e+00
    14.9745   4.353466     33.943  775425001  0.000e+00
    14.8691   4.342943     34.522  775425601  0.000e+00
    14.2369   4.280183     34.662  775426201  0.000e+00
    14.2299   4.282778     35.486  775426801  0.000e+00
    14.2016   4.277720     35.736  775427401  0.000e+00
    14.1288   4.270374     36.291  775428001  0.000e+00
    14.1476   4.271816     36.485  775428601  0.000e+00
    13.9183   4.249520     36.821  775429201  0.000e+00
    13.6648   4.225010     37.029  775429801  0.000e+00
    13.4884   4.207585     36.701  775430401  0.000e+00
    13.5950   4.218675     36.194  775431001  0.000e+00
    13.4536   4.204747     35.419  775431601  0.000e+00
    13.6635   4.224447     35.013  775432201  0.000e+00
    13.8769   4.245421     34.347  775432801  0.000e+00
    13.9479   4.252111     33.699  775433401  0.000e+00
    14.0775   4.264519     32.899  775434001  0.000e+00
    13.9588   4.253264     31.981  775434601  0.000e+00
    14.7749   4.332046     31.412  775435201  0.000e+00
    14.8069   4.335815     30.774  775435801  0.000e+00
    14.9855   4.354287     30.399  775436401  0.000e+00
    15.0828   4.363984     29.654  775437001  0.000e+00
    15.2101   4.376815     29.190  775437601  0.000e+00
    15.0721   4.362927     28.524  775438201  0.000e+00
    15.1746   4.373174     28.254  775438801  0.000e+00
    15.2968   4.385446     27.935  775439401  0.000e+00
    15.2690   4.382792     27.589  775440001  0.000e+00
    15.3886   4.394807     27.474  775440601  0.000e+00
    15.3362   4.389634     26.895  775441201  0.000e+00
    15.2797   4.383830     26.823  775441801  0.000e+00
    15.3593   4.391181     26.961  775442401  0.000e+00
    15.3966   4.395440     26.580  775443001  0.000e+00
    15.3980   4.395529     26.293  775443601  0.000e+00
    15.4030   4.396073     26.001  775444201  0.000e+00
    15.4017   4.395901     26.060  775444801  0.000e+00
    15.4074   4.396438     26.182  775445401  0.000e+00
    15.4033   4.396045     25.904  775446001  0.000e+00
    15.3865   4.394304     25.676  775446601  0.000e+00
    15.3997   4.395605     25.697  775447201  0.000e+00
    15.4012   4.395791     25.714  775447801  0.000e+00
    15.3884   4.394414     25.756  775448401  0.000e+00
    15.4063   4.396286     25.565  775449001  0.000e+00
    15.3874   4.394387     25.544  775449601  0.000e+00
    15.4122   4.396967     25.499  775450201  0.000e+00
    15.3610   4.391690     25.555  775450801  0.000e+00
    15.3999   4.395549     25.319  775451401  0.000e+00
    15.4040   4.395894     25.381  775452001  0.000e+00
    15.3723   4.392701     25.361  775452601  0.000e+00
    15.4088   4.396492     25.596  775453201  0.000e+00
    15.4249   4.398137     25.350  775453801  0.000e+00
    15.4399   4.399659     25.305  775454401  0.000e+00
    15.4205   4.397711     25.291  775455001  0.000e+00
    15.4422   4.400079     25.347  775455601  0.000e+00
    15.4505   4.400960     25.395  775456201  0.000e+00
    15.3899   4.394634     25.593  775456801  0.000e+00
    15.3869   4.394304     25.503  775457401  0.000e+00
    15.4261   4.398337     25.572  775458001  0.000e+00
    15.4142   4.397126     25.749  775458601  0.000e+00
    15.4371   4.399466     25.936  775459201  0.000e+00
    15.4328   4.399122     26.012  775459801  0.000e+00
    15.3920   4.394992     26.123  775460401  0.000e+00
    15.3507   4.390651     26.539  775461001  0.000e+00
    15.4055   4.396059     26.771  775461601  0.000e+00
    15.3968   4.395268     26.826  775462201  0.000e+00
    15.3404   4.389888     27.155  775462801  0.000e+00
    15.3822   4.393926     27.263  775463401  0.000e+00
    15.4044   4.396314     27.793  775464001  0.000e+00
    14.7376   4.331409     27.935  775464601  0.000e+00
    15.2315   4.377392     28.563  775465201  0.000e+00
    15.2540   4.381130     28.926  775465801  0.000e+00
    14.6700   4.323519     29.433  775466401  0.000e+00
    15.3439   4.389593     29.730  775467001  0.000e+00
    14.6563   4.322569     30.028  775467601  0.000e+00
    15.2560   4.380436     30.565  775468201  0.000e+00
    14.6493   4.322337     30.846  775468801  0.000e+00
    14.3303   4.289722     30.989  775469401  0.000e+00
    14.7850   4.333113     31.374  775470001  0.000e+00
    14.1521   4.272371     31.682  775470601  0.000e+00
    13.8995   4.246288     31.586  775471201  0.000e+00
    14.6751   4.322064     31.759  775471801  0.000e+00
    13.9363   4.249952     31.831  775472401  0.000e+00
    14.0462   4.260721     32.085  775473001  0.000e+00
    14.1316   4.269529     32.205  775473601  0.000e+00
    13.4086   4.198254     32.384  775474201  0.000e+00
    14.0151   4.257508     32.338  775474801  0.000e+00
    13.8979   4.246627     32.286  775475401  0.000e+00
    15.3392   4.388294     31.962  775476001  0.000e+00
    14.0315   4.258981     31.581  775476601  0.000e+00
    14.0184   4.257643     31.579  775477201  0.000e+00
    13.7055   4.227520     31.208  775477801  0.000e+00
    14.5101   4.304229     30.803  775478401  0.000e+00
    14.9830   4.352895     30.472  775479001  0.000e+00
    15.3305   4.388170     30.239  775479601  0.000e+00
    15.3244   4.387578     29.934  775480201  0.000e+00
    15.2746   4.383075     29.605  775480801  0.000e+00
    15.3133   4.385873     29.203  775481401  0.000e+00
    14.7713   4.333571     28.722  775482001  0.000e+00
    15.1714   4.372618     28.251  775482601  0.000e+00
    15.2215   4.377556     28.070  775483201  0.000e+00
    14.6661   4.323717     27.838  775483801  0.000e+00
    15.1357   4.367386     27.458  775484401  0.000e+00
    15.2615   4.381342     27.374  775485001  0.000e+00
    15.2344   4.379102     27.065  775485601  0.000e+00
    15.2567   4.380833     26.975  775486201  0.000e+00
    15.2762   4.382710     26.871  775486801  0.000e+00
    15.3075   4.385817     26.570  775487401  0.000e+00
    15.2624   4.381623     26.355  775488001  0.000e+00
    15.2577   4.381101     26.275  775488601  0.000e+00
    15.2880   4.383947     26.175  775489201  0.000e+00
    15.2857   4.383761     26.203  775489801  0.000e+00
    15.3188   4.387034     26.144  775490401  0.000e+00
    15.3171   4.386903     26.081  775491001  0.000e+00
    15.2978   4.385074     25.884  775491601  0.000e+00
    15.3089   4.386064     25.846  775492201  0.000e+00
    15.3176   4.386930     25.797  775492801  0.000e+00
    15.3160   4.386793     25.693  775493401  0.000e+00
    15.3029   4.385596     25.849  775494001  0.000e+00
    15.3148   4.386772     25.818  775494601  0.000e+00
    15.3209   4.387405     25.465  775495201  0.000e+00
    15.2919   4.384641     25.596  775495801  0.000e+00
    15.3126   4.386566     25.544  775496401  0.000e+00
    15.3091   4.386249     25.600  775497001  0.000e+00
    15.3236   4.387838     25.420  775497601  0.000e+00
    15.3260   4.388099     25.399  775498201  0.000e+00
    15.3333   4.388863     25.520  775498801  0.000e+00
    15.3261   4.388189     25.551  775499401  0.000e+00
    15.3353   4.389138     25.866  775500001  0.000e+00
    15.3294   4.388553     25.666  775500601  0.000e+00
    15.3036   4.386098     25.711  775501201  0.000e+00
    15.3188   4.387405     25.752  775501801  0.000e+00
    15.2733   4.383019     25.756  775502401  0.000e+00
    15.2509   4.380682     26.154  775503001  0.000e+00
    14.7282   4.330184     26.092  775503601  0.000e+00
    15.1913   4.372974     26.190  775504201  0.000e+00
    15.1694   4.371807     26.508  775504801  0.000e+00
    15.2497   4.381569     26.670  775505401  0.000e+00
    15.3304   4.388753     26.899  775506001  0.000e+00
    15.3327   4.388994     26.861  775506601  0.000e+00
    15.2382   4.380318     27.010  775507201  0.000e+00
    15.3204   4.387433     27.242  775507801  0.000e+00
    15.1949   4.376306     27.259  775508401  0.000e+00
    15.3212   4.387467     27.654  775509001  0.000e+00
    15.1137   4.367483     27.869  775509601  0.000e+00
    15.3063   4.386044     28.278  775510201  0.000e+00
    15.2148   4.377302     28.645  775510801  0.000e+00
    15.0138   4.357351     29.207  775511401  0.000e+00
    14.8865   4.345447     29.439  775512001  0.000e+00
    14.4706   4.306324     29.810  775512601  0.000e+00
    14.1922   4.276759     30.054  775513201  0.000e+00
    13.8737   4.245636     30.439  775513801  0.000e+00
    13.9702   4.254065     30.955  775514401  0.000e+00
    13.8845   4.245942     31.170  775515001  0.000e+00
    14.1957   4.277467     31.253  775515601  0.000e+00
    14.7374   4.329290     31.387  775516201  0.000e+00
    15.1825   4.369728     31.151  775516801  0.000e+00
    15.2940   4.383515     31.040  775517401  0.000e+00
    15.3445   4.389188     31.147  775518001  0.000e+00
    15.3156   4.386485     30.998  775518601  0.000e+00
    14.3532   4.295003     30.773  775519201  0.000e+00
    14.4223   4.300205     30.597  775519801  0.000e+00
    14.0484   4.262935     30.255  775520401  0.000e+00
    13.9469   4.252408     30.252  775521001  0.000e+00
    13.9704   4.255362     30.483  775521601  0.000e+00
    13.8019   4.238678     29.850  775522201  0.000e+00
    13.9316   4.250345     29.805  775522801  0.000e+00
    13.8491   4.242468     29.230  775523401  0.000e+00
    14.1278   4.269466     28.942  775524001  0.000e+00
    15.0849   4.362872     28.871  775524601  0.000e+00
    13.8996   4.248274     28.214  775525201  0.000e+00
    15.2948   4.381280     28.016  775525801  0.000e+00
    15.3228   4.387069     28.088  775526401  0.000e+00
    15.2670   4.380717     27.759  775527001  0.000e+00
    15.2831   4.383136     27.682  775527601  0.000e+00
    15.2828   4.383067     27.703  775528201  0.000e+00
    15.3101   4.385576     27.034  775528801  0.000e+00
    15.3329   4.387859     27.214  775529401  0.000e+00
    15.3334   4.387893     26.702  775530001  0.000e+00
    15.3236   4.386938     27.252  775530601  0.000e+00
    15.3353   4.388045     26.944  775531201  0.000e+00
    15.3290   4.387453     26.958  775531801  0.000e+00
    15.3317   4.387728     26.961  775532401  0.000e+00
    15.3294   4.387508     27.183  775533001  0.000e+00
    15.3214   4.386766     27.363  775533601  0.000e+00
    15.3141   4.386009     26.753  775534201  0.000e+00
    15.3141   4.385975     26.812  775534801  0.000e+00
    15.3145   4.385975     27.086  775535401  0.000e+00
    15.3044   4.385198     27.152  775536001  0.000e+00
    15.2685   4.381912     27.155  775536601  0.000e+00
    15.2876   4.383651     26.709  775537201  0.000e+00
    15.2709   4.382105     26.986  775537801  0.000e+00
    15.2629   4.381555     26.660  775538401  0.000e+00
    15.2487   4.379988     26.726  775539001  0.000e+00
    15.2169   4.377192     26.324  775539601  0.000e+00
    15.2882   4.383871     26.508  775540201  0.000e+00
    15.2830   4.383411     26.494  775540801  0.000e+00
    15.2893   4.383940     26.133  775541401  0.000e+00
    15.2810   4.383287     26.379  775542001  0.000e+00
    15.2734   4.382675     26.074  775542601  0.000e+00
    15.2736   4.382620     26.275  775543201  0.000e+00
    15.2463   4.380002     26.806  775543801  0.000e+00
    15.2310   4.378359     26.442  775544401  0.000e+00
    15.2084   4.376264     26.615  775545001  0.000e+00
    15.1999   4.375440     26.404  775545601  0.000e+00
    15.2144   4.376711     26.140  775546201  0.000e+00
    15.2485   4.380036     26.224  775546801  0.000e+00
    15.2237   4.377658     25.922  775547401  0.000e+00
    15.2332   4.378538     25.971  775548001  0.000e+00
    15.2123   4.376498     26.414  775548601  0.000e+00
    15.2174   4.376999     26.470  775549201  0.000e+00
    15.2175   4.377054     26.220  775549801  0.000e+00
    15.2517   4.380235     26.397  775550401  0.000e+00
    15.2497   4.380263     26.203  775551001  0.000e+00
    15.2411   4.379431     26.785  775551601  0.000e+00
    15.1140   4.366995     26.882  775552201  0.000e+00
    15.0885   4.364579     26.844  775552801  0.000e+00
    15.1163   4.367256     26.847  775553401  0.000e+00
    15.1343   4.369192     27.059  775554001  0.000e+00
    15.1204   4.367640     27.537  775554601  0.000e+00
    15.0776   4.363640     27.675  775555201  0.000e+00
    15.1077   4.366577     27.904  775555801  0.000e+00
    15.0877   4.364964     28.306  775556401  0.000e+00
    15.0906   4.365129     28.445  775557001  0.000e+00
    15.1106   4.367140     28.535  775557601  0.000e+00
    15.2065   4.376382     28.819  775558201  0.000e+00
    15.1016   4.366097     28.989  775558801  0.000e+00
    15.0111   4.357577     29.172  775559401  0.000e+00
    15.0389   4.359799     29.228  775560001  0.000e+00
    15.0248   4.358846     29.356  775560601  0.000e+00
    15.2461   4.380415     29.290  775561201  0.000e+00
    15.2229   4.377097     29.699  775561801  0.000e+00
    15.0257   4.358428     29.498  775562401  0.000e+00
    14.5388   4.310213     29.578  775563001  0.000e+00
    14.8779   4.344283     29.422  775563601  0.000e+00
    14.3757   4.293980     29.309  775564201  0.000e+00
    14.4984   4.306330     29.402  775564801  0.000e+00
    14.7241   4.328571     29.845  775565401  0.000e+00
    14.9072   4.346125     29.505  775566001  0.000e+00
    14.8021   4.336588     29.238  775566601  0.000e+00
    14.7534   4.331895     29.263  775567201  0.000e+00
    15.1488   4.368389     28.882  775567801  0.000e+00
    15.3098   4.385701     29.071  775568401  0.000e+00
    15.3166   4.386540     28.677  775569001  0.000e+00
    15.3265   4.387475     28.489  775569601  0.000e+00
    15.3189   4.386821     28.420  775570201  0.000e+00
    15.3353   4.388320     28.143  775570801  0.000e+00
    15.3275   4.387605     28.209  775571401  0.000e+00
    15.3178   4.386752     28.053  775572001  0.000e+00
    15.2779   4.382806     27.599  775572601  0.000e+00
    15.1758   4.372844     27.637  775573201  0.000e+00
    15.1746   4.373311     27.270  775573801  0.000e+00
    15.3273   4.387680     27.013  775574401  0.000e+00
    15.3224   4.387398     26.889  775575001  0.000e+00
    15.3472   4.389833     26.965  775575601  0.000e+00
    15.3388   4.388891     26.670  775576201  0.000e+00
    15.3516   4.390301     26.774  775576801  0.000e+00
    15.3681   4.391993     26.650  775577401  0.000e+00
    15.3483   4.389943     26.643  775578001  0.000e+00
    15.3750   4.392729     26.629  775578601  0.000e+00
    15.3624   4.391422     26.625  775579201  0.000e+00
    15.3562   4.390734     26.414  775579801  0.000e+00
    15.3631   4.391353     26.999  775580401  0.000e+00
    15.3352   4.388423     26.483  775581001  0.000e+00
    15.3462   4.389620     26.909  775581601  0.000e+00
    15.3437   4.389283     26.778  775582201  0.000e+00
    15.3483   4.389730     27.089  775582801  0.000e+00
    15.3489   4.389688     26.823  775583401  0.000e+00
    15.3409   4.388842     26.345  775584001  0.000e+00
    15.3426   4.388925     26.272  775584601  0.000e+00
    15.3315   4.387886     26.442  775585201  0.000e+00
    15.3301   4.387811     26.085  775585801  0.000e+00
    15.2737   4.382462     26.459  775586401  0.000e+00
    14.6114   4.320279     26.601  775587001  0.000e+00
    14.3332   4.291621     26.713  775587601  0.000e+00
    14.5561   4.313756     26.484  775588201  0.000e+00
    14.8672   4.344084     26.743  775588801  0.000e+00
