odissea/data/moor/raw/tc24015/microcat_cal_dip/cast15/5509_Cal_Dip_Data.asc
* Sea-Bird SBE37 Data File:
* FileName = C:\Users\edaly\Documents\Cruise_material_data_misc\TC24015\ODISSEA_Deployment\TC24015_5509_predip_data.asc
* Software Version 1.59
* Temperature SN = 5509
* Conductivity SN = 5509
* System UpLoad Time = Jun 24 2024 12:00:50
** TC24015 Pre calibration dip data from sn5509
* ds
*END*
start time =  24 Jun 2024  07:36:20
sample interval = 10 seconds
start sample number = 1
 17.3107, 0.00006,    0.460,   0.0088, 24 Jun 2024, 07:36:20
 17.3104, 0.00006,    0.460,   0.0088, 24 Jun 2024, 07:36:31
 17.3144, 0.00005,    0.460,   0.0088, 24 Jun 2024, 07:36:41
 17.3189, 0.00005,    0.336,   0.0088, 24 Jun 2024, 07:36:51
 17.3239, 0.00006,    0.213,   0.0088, 24 Jun 2024, 07:37:01
 17.3270, 0.00006,    0.213,   0.0088, 24 Jun 2024, 07:37:11
 17.3230, 0.00005,    0.089,   0.0088, 24 Jun 2024, 07:37:21
 17.3218, 0.00005,    0.089,   0.0088, 24 Jun 2024, 07:37:31
 17.3236, 0.00005,   -0.035,   0.0088, 24 Jun 2024, 07:37:41
 17.3296, 0.00005,   -0.035,   0.0088, 24 Jun 2024, 07:37:51
 17.3311, 0.00005,   -0.035,   0.0088, 24 Jun 2024, 07:38:01
 17.3370, 0.00005,   -0.035,   0.0088, 24 Jun 2024, 07:38:11
 17.3379, 0.00006,   -0.035,   0.0088, 24 Jun 2024, 07:38:21
 17.3390, 0.00006,   -0.035,   0.0088, 24 Jun 2024, 07:38:31
 17.3365, 0.00005,   -0.158,   0.0088, 24 Jun 2024, 07:38:41
 17.3446, 0.00005,   -0.158,   0.0088, 24 Jun 2024, 07:38:51
 17.3354, 0.00005,   -0.158,   0.0088, 24 Jun 2024, 07:39:01
 17.3293, 0.00006,   -0.158,   0.0088, 24 Jun 2024, 07:39:11
 17.3306, 0.00005,   -0.158,   0.0088, 24 Jun 2024, 07:39:21
 17.3318, 0.00005,   -0.158,   0.0088, 24 Jun 2024, 07:39:31
 17.3238, 0.00006,   -0.158,   0.0088, 24 Jun 2024, 07:39:41
 17.3232, 0.00005,   -0.158,   0.0088, 24 Jun 2024, 07:39:51
 17.3160, 0.00005,   -0.158,   0.0088, 24 Jun 2024, 07:40:01
 17.3236, 0.00005,   -0.158,   0.0088, 24 Jun 2024, 07:40:11
 17.3309, 0.00005,   -0.158,   0.0088, 24 Jun 2024, 07:40:21
 17.3337, 0.00005,   -0.158,   0.0088, 24 Jun 2024, 07:40:31
 17.3342, 0.00005,   -0.158,   0.0088, 24 Jun 2024, 07:40:41
 17.3441, 0.00005,   -0.158,   0.0088, 24 Jun 2024, 07:40:51
 17.3479, 0.00005,   -0.158,   0.0088, 24 Jun 2024, 07:41:01
 17.3538, 0.00006,   -0.282,   0.0088, 24 Jun 2024, 07:41:11
 17.3648, 0.00005,   -0.282,   0.0088, 24 Jun 2024, 07:41:21
 17.3686, 0.00005,   -0.282,   0.0088, 24 Jun 2024, 07:41:31
 17.3659, 0.00005,   -0.282,   0.0088, 24 Jun 2024, 07:41:41
 17.3738, 0.00005,   -0.282,   0.0088, 24 Jun 2024, 07:41:51
 17.3382, 0.00005,   -0.158,   0.0088, 24 Jun 2024, 07:42:01
 17.3127, 0.00005,   -0.405,   0.0088, 24 Jun 2024, 07:42:11
 17.3156, 0.00005,   -0.405,   0.0088, 24 Jun 2024, 07:42:21
 17.3302, 0.00005,   -0.158,   0.0088, 24 Jun 2024, 07:42:31
 17.3777, 0.00005,   -0.282,   0.0088, 24 Jun 2024, 07:42:41
 17.3612, 0.00005,   -0.282,   0.0088, 24 Jun 2024, 07:42:51
 17.3180, 0.00005,   -0.405,   0.0088, 24 Jun 2024, 07:43:01
 17.3139, 0.00005,   -0.405,   0.0088, 24 Jun 2024, 07:43:11
 17.3193, 0.00005,   -0.405,   0.0088, 24 Jun 2024, 07:43:21
 17.3162, 0.00005,   -0.282,   0.0088, 24 Jun 2024, 07:43:31
 17.3159, 0.00005,   -0.282,   0.0088, 24 Jun 2024, 07:43:41
 17.3321, 0.00005,   -0.282,   0.0088, 24 Jun 2024, 07:43:51
 17.3326, 0.00005,   -0.282,   0.0088, 24 Jun 2024, 07:44:01
 17.3294, 0.00005,   -0.282,   0.0088, 24 Jun 2024, 07:44:11
 17.3338, 0.00005,   -0.282,   0.0088, 24 Jun 2024, 07:44:21
 17.3381, 0.00005,   -0.282,   0.0088, 24 Jun 2024, 07:44:31
 17.3401, 0.00005,   -0.405,   0.0088, 24 Jun 2024, 07:44:41
 17.3422, 0.00005,   -0.282,   0.0088, 24 Jun 2024, 07:44:51
 17.3445, 0.00005,   -0.405,   0.0088, 24 Jun 2024, 07:45:01
 17.3445, 0.00005,   -0.282,   0.0088, 24 Jun 2024, 07:45:11
 17.3540, 0.00005,   -0.405,   0.0088, 24 Jun 2024, 07:45:21
 17.3658, 0.00005,   -0.282,   0.0088, 24 Jun 2024, 07:45:31
 17.3799, 0.00005,   -0.282,   0.0088, 24 Jun 2024, 07:45:41
 17.3978, 0.00005,   -0.282,   0.0088, 24 Jun 2024, 07:45:51
 17.5753, 0.00005,   -0.529,   0.0089, 24 Jun 2024, 07:46:01
 17.7691, 0.00006,   -0.776,   0.0090, 24 Jun 2024, 07:46:11
 17.8036, 0.00006,   -0.776,   0.0090, 24 Jun 2024, 07:46:21
 18.0069, 0.00007,   -1.023,   0.0091, 24 Jun 2024, 07:46:31
 17.7980, 0.00006,   -0.900,   0.0090, 24 Jun 2024, 07:46:41
 17.6918, 0.00006,   -0.776,   0.0090, 24 Jun 2024, 07:46:51
 17.6239, 0.00006,   -0.776,   0.0089, 24 Jun 2024, 07:47:01
 17.5501, 0.00005,   -0.653,   0.0089, 24 Jun 2024, 07:47:11
 17.5240, 0.00005,   -0.653,   0.0089, 24 Jun 2024, 07:47:21
 17.5111, 0.00005,   -0.653,   0.0089, 24 Jun 2024, 07:47:31
 17.4950, 0.00005,   -0.529,   0.0089, 24 Jun 2024, 07:47:41
 17.4878, 0.00005,   -0.529,   0.0089, 24 Jun 2024, 07:47:51
 17.4871, 0.00005,   -0.529,   0.0089, 24 Jun 2024, 07:48:01
 17.4810, 0.00004,   -0.529,   0.0089, 24 Jun 2024, 07:48:11
 17.4630, 0.00005,   -0.529,   0.0089, 24 Jun 2024, 07:48:21
 17.3597, 0.00004,   -0.282,   0.0088, 24 Jun 2024, 07:48:31
 17.3050, 0.00004,   -0.282,   0.0088, 24 Jun 2024, 07:48:41
 17.2327, 0.00003,   -0.282,   0.0088, 24 Jun 2024, 07:48:51
 17.2053, 0.00003,   -0.158,   0.0088, 24 Jun 2024, 07:49:01
 17.1782, 0.00003,   -0.158,   0.0088, 24 Jun 2024, 07:49:11
 17.2063, 0.00003,   -0.158,   0.0088, 24 Jun 2024, 07:49:21
 17.2097, 0.00003,   -0.158,   0.0088, 24 Jun 2024, 07:49:31
 17.2478, 0.00003,   -0.158,   0.0088, 24 Jun 2024, 07:49:41
 17.2730, 0.00003,   -0.158,   0.0088, 24 Jun 2024, 07:49:51
 17.2767, 0.00003,   -0.158,   0.0088, 24 Jun 2024, 07:50:01
 17.2654, 0.00003,   -0.158,   0.0088, 24 Jun 2024, 07:50:11
 17.2451, 0.00003,   -0.158,   0.0088, 24 Jun 2024, 07:50:21
 17.2346, 0.00003,   -0.158,   0.0088, 24 Jun 2024, 07:50:31
 17.2332, 0.00003,   -0.158,   0.0088, 24 Jun 2024, 07:50:41
 17.2803, 0.00003,   -0.158,   0.0088, 24 Jun 2024, 07:50:51
 17.4421, 0.00004,   -0.282,   0.0089, 24 Jun 2024, 07:51:01
 17.6281, 0.00005,   -0.405,   0.0089, 24 Jun 2024, 07:51:11
 17.4606, 0.00004,   -0.282,   0.0089, 24 Jun 2024, 07:51:21
 17.4896, 0.00004,   -0.282,   0.0089, 24 Jun 2024, 07:51:31
 17.5034, 0.00004,   -0.405,   0.0089, 24 Jun 2024, 07:51:41
 17.5092, 0.00004,   -0.405,   0.0089, 24 Jun 2024, 07:51:51
 17.5336, 0.00004,   -0.405,   0.0089, 24 Jun 2024, 07:52:01
 17.5061, 0.00003,   -0.405,   0.0089, 24 Jun 2024, 07:52:11
 17.3998, 0.00003,   -0.282,   0.0089, 24 Jun 2024, 07:52:21
 17.3910, 0.00003,   -0.282,   0.0089, 24 Jun 2024, 07:52:31
 17.4016, 0.00003,   -0.282,   0.0089, 24 Jun 2024, 07:52:41
 17.3375, 0.00002,   -0.282,   0.0089, 24 Jun 2024, 07:52:51
 17.3439, 0.00002,   -0.282,   0.0089, 24 Jun 2024, 07:53:01
 17.3058, 0.00002,   -0.282,   0.0088, 24 Jun 2024, 07:53:11
 17.2179, 0.00002,   -0.158,   0.0088, 24 Jun 2024, 07:53:21
 17.1968, 0.00002,   -0.282,   0.0088, 24 Jun 2024, 07:53:31
 17.2559, 0.00002,   -0.282,   0.0088, 24 Jun 2024, 07:53:41
 17.2718, 0.00002,   -0.282,   0.0088, 24 Jun 2024, 07:53:51
 17.3140, 0.00002,   -0.282,   0.0088, 24 Jun 2024, 07:54:01
 17.3353, 0.00002,   -0.405,   0.0089, 24 Jun 2024, 07:54:11
 17.3446, 0.00002,   -0.405,   0.0089, 24 Jun 2024, 07:54:21
 17.3804, 0.00002,   -0.405,   0.0089, 24 Jun 2024, 07:54:31
 17.3534, 0.00001,   -0.405,   0.0089, 24 Jun 2024, 07:54:41
 17.3285, 0.00002,   -0.405,   0.0089, 24 Jun 2024, 07:54:51
 17.3239, 0.00002,   -0.282,   0.0089, 24 Jun 2024, 07:55:01
 17.3011, 0.00001,   -0.282,   0.0089, 24 Jun 2024, 07:55:11
 17.3204, 0.00001,   -0.405,   0.0089, 24 Jun 2024, 07:55:21
 17.2856, 0.00001,   -0.282,   0.0089, 24 Jun 2024, 07:55:31
 17.3127, 0.00001,   -0.405,   0.0089, 24 Jun 2024, 07:55:41
 17.3273, 0.00001,   -0.405,   0.0089, 24 Jun 2024, 07:55:51
 17.2947, 0.00001,   -0.405,   0.0089, 24 Jun 2024, 07:56:01
 17.3064, 0.00001,   -0.405,   0.0089, 24 Jun 2024, 07:56:11
 17.3062, 0.00001,   -0.405,   0.0089, 24 Jun 2024, 07:56:21
 17.3083, 0.00001,   -0.405,   0.0089, 24 Jun 2024, 07:56:31
 17.3237, 0.00001,   -0.405,   0.0089, 24 Jun 2024, 07:56:41
 17.3588, 0.00001,   -0.405,   0.0089, 24 Jun 2024, 07:56:51
 17.2949, 0.00001,   -0.405,   0.0089, 24 Jun 2024, 07:57:01
 17.2922, 0.00001,   -0.405,   0.0089, 24 Jun 2024, 07:57:11
 17.3403, 0.00001,   -0.405,   0.0089, 24 Jun 2024, 07:57:21
 17.2756, 0.00001,   -0.405,   0.0089, 24 Jun 2024, 07:57:31
 17.2876, 0.00001,   -0.405,   0.0089, 24 Jun 2024, 07:57:41
 17.2790, 0.00001,   -0.405,   0.0089, 24 Jun 2024, 07:57:51
 17.2327, 0.00001,   -0.405,   0.0089, 24 Jun 2024, 07:58:01
 17.2577, 0.00001,   -0.405,   0.0089, 24 Jun 2024, 07:58:11
 17.2697, 0.00001,   -0.405,   0.0089, 24 Jun 2024, 07:58:21
 17.2812, 0.00001,   -0.405,   0.0089, 24 Jun 2024, 07:58:31
 17.2510, 0.00001,   -0.405,   0.0089, 24 Jun 2024, 07:58:41
 17.2446, 0.00000,   -0.405,   0.0000, 24 Jun 2024, 07:58:51
 17.2459, 0.00001,   -0.405,   0.0089, 24 Jun 2024, 07:59:01
 17.2291, 0.00001,   -0.405,   0.0089, 24 Jun 2024, 07:59:11
 17.1846, 0.00000,   -0.282,   0.0000, 24 Jun 2024, 07:59:21
 17.2369, 0.00001,   -0.405,   0.0089, 24 Jun 2024, 07:59:31
 17.2699, 0.00001,   -0.405,   0.0089, 24 Jun 2024, 07:59:41
 17.2977, 0.00001,   -0.405,   0.0089, 24 Jun 2024, 07:59:51
 17.3164, 0.00001,   -0.405,   0.0089, 24 Jun 2024, 08:00:01
 17.3122, 0.00001,   -0.405,   0.0089, 24 Jun 2024, 08:00:11
 17.3334, 0.00001,   -0.405,   0.0089, 24 Jun 2024, 08:00:21
 17.3260, 0.00001,   -0.405,   0.0089, 24 Jun 2024, 08:00:31
 17.3237, 0.00001,   -0.405,   0.0089, 24 Jun 2024, 08:00:41
 17.3105, 0.00001,   -0.405,   0.0089, 24 Jun 2024, 08:00:51
 17.3113, 0.00001,   -0.405,   0.0089, 24 Jun 2024, 08:01:01
 17.3196, 0.00001,   -0.405,   0.0089, 24 Jun 2024, 08:01:11
 17.3075, 0.00001,   -0.405,   0.0089, 24 Jun 2024, 08:01:21
 17.2767, 0.00001,   -0.405,   0.0089, 24 Jun 2024, 08:01:31
 17.2632, 0.00001,   -0.405,   0.0089, 24 Jun 2024, 08:01:41
 17.2683, 0.00001,   -0.405,   0.0089, 24 Jun 2024, 08:01:51
 17.2217, 0.00001,   -0.405,   0.0089, 24 Jun 2024, 08:02:01
 17.2134, 0.00001,   -0.282,   0.0089, 24 Jun 2024, 08:02:11
 17.2138, 0.00001,   -0.282,   0.0089, 24 Jun 2024, 08:02:21
 17.2292, 0.00001,   -0.405,   0.0089, 24 Jun 2024, 08:02:31
 17.2194, 0.00001,   -0.282,   0.0089, 24 Jun 2024, 08:02:41
 17.2044, 0.00001,   -0.282,   0.0089, 24 Jun 2024, 08:02:51
 17.1988, 0.00001,   -0.282,   0.0089, 24 Jun 2024, 08:03:01
 17.2130, 0.00001,   -0.282,   0.0089, 24 Jun 2024, 08:03:11
 17.2118, 0.00001,   -0.282,   0.0089, 24 Jun 2024, 08:03:21
 17.1891, 0.00001,   -0.282,   0.0088, 24 Jun 2024, 08:03:31
 17.1988, 0.00001,   -0.282,   0.0089, 24 Jun 2024, 08:03:41
 17.2106, 0.00001,   -0.282,   0.0089, 24 Jun 2024, 08:03:51
 17.2262, 0.00001,   -0.405,   0.0089, 24 Jun 2024, 08:04:01
 17.2390, 0.00001,   -0.282,   0.0089, 24 Jun 2024, 08:04:11
 17.2457, 0.00002,   -0.282,   0.0088, 24 Jun 2024, 08:04:21
 17.2490, 0.00002,   -0.405,   0.0088, 24 Jun 2024, 08:04:31
 17.2000, 0.00001,   -0.282,   0.0089, 24 Jun 2024, 08:04:41
 17.1857, 0.00001,   -0.282,   0.0088, 24 Jun 2024, 08:04:51
 17.1632, 0.00001,   -0.282,   0.0088, 24 Jun 2024, 08:05:01
 17.1633, 0.00001,   -0.282,   0.0088, 24 Jun 2024, 08:05:11
 17.1899, 0.00001,   -0.282,   0.0088, 24 Jun 2024, 08:05:21
 17.2128, 0.00001,   -0.282,   0.0089, 24 Jun 2024, 08:05:31
 17.2212, 0.00001,   -0.282,   0.0089, 24 Jun 2024, 08:05:41
 17.1962, 0.00001,   -0.282,   0.0088, 24 Jun 2024, 08:05:51
 17.1792, 0.00002,   -0.282,   0.0088, 24 Jun 2024, 08:06:01
 17.2041, 0.00001,   -0.282,   0.0089, 24 Jun 2024, 08:06:11
 17.2157, 0.00001,   -0.282,   0.0089, 24 Jun 2024, 08:06:21
 17.2109, 0.00002,   -0.282,   0.0088, 24 Jun 2024, 08:06:31
 17.1604, 0.00001,   -0.282,   0.0088, 24 Jun 2024, 08:06:41
 17.1245, 0.00001,   -0.158,   0.0088, 24 Jun 2024, 08:06:51
 17.1312, 0.00002,   -0.282,   0.0088, 24 Jun 2024, 08:07:01
 17.0729, 0.00001,   -0.158,   0.0088, 24 Jun 2024, 08:07:11
 17.0542, 0.00001,   -0.158,   0.0088, 24 Jun 2024, 08:07:21
 17.0542, 0.00001,   -0.158,   0.0088, 24 Jun 2024, 08:07:31
 17.0841, 0.00001,   -0.158,   0.0088, 24 Jun 2024, 08:07:41
 17.0931, 0.00001,   -0.158,   0.0088, 24 Jun 2024, 08:07:51
 17.0692, 0.00001,   -0.158,   0.0088, 24 Jun 2024, 08:08:01
 17.0605, 0.00002,   -0.158,   0.0087, 24 Jun 2024, 08:08:11
 17.0378, 0.00001,   -0.158,   0.0088, 24 Jun 2024, 08:08:21
 17.0437, 0.00001,   -0.158,   0.0088, 24 Jun 2024, 08:08:31
 17.0563, 0.00001,   -0.158,   0.0088, 24 Jun 2024, 08:08:41
 17.0763, 0.00001,   -0.158,   0.0088, 24 Jun 2024, 08:08:51
 17.0619, 0.00001,   -0.158,   0.0088, 24 Jun 2024, 08:09:01
 17.0866, 0.00001,   -0.158,   0.0088, 24 Jun 2024, 08:09:11
 17.0893, 0.00002,   -0.158,   0.0087, 24 Jun 2024, 08:09:21
 17.1079, 0.00002,   -0.158,   0.0088, 24 Jun 2024, 08:09:31
 17.0764, 0.00002,   -0.158,   0.0087, 24 Jun 2024, 08:09:41
 17.0551, 0.00001,   -0.158,   0.0088, 24 Jun 2024, 08:09:51
 17.0729, 0.00002,   -0.158,   0.0087, 24 Jun 2024, 08:10:01
 17.0848, 0.00002,   -0.158,   0.0087, 24 Jun 2024, 08:10:11
 17.1079, 0.00002,   -0.158,   0.0088, 24 Jun 2024, 08:10:21
 17.1266, 0.00002,   -0.158,   0.0088, 24 Jun 2024, 08:10:31
 17.1514, 0.00002,   -0.158,   0.0088, 24 Jun 2024, 08:10:41
 17.1649, 0.00002,   -0.282,   0.0088, 24 Jun 2024, 08:10:51
 17.1296, 0.00002,   -0.282,   0.0088, 24 Jun 2024, 08:11:01
 17.1379, 0.00002,   -0.158,   0.0088, 24 Jun 2024, 08:11:11
 17.1454, 0.00002,   -0.158,   0.0088, 24 Jun 2024, 08:11:21
 17.1402, 0.00002,   -0.158,   0.0088, 24 Jun 2024, 08:11:31
 17.0992, 0.00002,   -0.158,   0.0087, 24 Jun 2024, 08:11:41
 16.9827, 0.00001,   -0.158,   0.0088, 24 Jun 2024, 08:11:51
 16.9912, 0.00002,   -0.035,   0.0087, 24 Jun 2024, 08:12:01
 16.9525, 0.00001,   -0.035,   0.0087, 24 Jun 2024, 08:12:11
 16.9938, 0.00002,   -0.158,   0.0087, 24 Jun 2024, 08:12:21
 16.9988, 0.00002,   -0.158,   0.0087, 24 Jun 2024, 08:12:31
 17.0233, 0.00002,   -0.158,   0.0087, 24 Jun 2024, 08:12:41
 17.0275, 0.00002,   -0.158,   0.0087, 24 Jun 2024, 08:12:51
 17.0363, 0.00002,   -0.158,   0.0087, 24 Jun 2024, 08:13:01
 17.0501, 0.00002,   -0.158,   0.0087, 24 Jun 2024, 08:13:11
 17.0685, 0.00002,   -0.158,   0.0087, 24 Jun 2024, 08:13:21
 17.0800, 0.00002,   -0.158,   0.0087, 24 Jun 2024, 08:13:31
 17.0803, 0.00002,   -0.158,   0.0087, 24 Jun 2024, 08:13:41
 17.0591, 0.00002,   -0.158,   0.0087, 24 Jun 2024, 08:13:51
 17.0442, 0.00002,   -0.158,   0.0087, 24 Jun 2024, 08:14:01
 17.0499, 0.00002,   -0.158,   0.0087, 24 Jun 2024, 08:14:11
 17.0697, 0.00002,   -0.158,   0.0087, 24 Jun 2024, 08:14:21
 17.0474, 0.00002,   -0.158,   0.0087, 24 Jun 2024, 08:14:31
 16.9544, 0.00002,   -0.035,   0.0087, 24 Jun 2024, 08:14:41
 16.9700, 0.00002,   -0.035,   0.0087, 24 Jun 2024, 08:14:51
 16.9797, 0.00002,   -0.158,   0.0087, 24 Jun 2024, 08:15:01
 16.9787, 0.00002,   -0.035,   0.0087, 24 Jun 2024, 08:15:11
 16.9978, 0.00002,   -0.158,   0.0087, 24 Jun 2024, 08:15:21
 17.0027, 0.00002,   -0.158,   0.0087, 24 Jun 2024, 08:15:31
 17.0213, 0.00002,   -0.158,   0.0087, 24 Jun 2024, 08:15:41
 17.0241, 0.00003,   -0.158,   0.0087, 24 Jun 2024, 08:15:51
 16.9964, 0.00002,   -0.158,   0.0087, 24 Jun 2024, 08:16:01
 16.9904, 0.00002,   -0.158,   0.0087, 24 Jun 2024, 08:16:11
 16.9823, 0.00002,   -0.035,   0.0087, 24 Jun 2024, 08:16:21
 16.9850, 0.00002,   -0.158,   0.0087, 24 Jun 2024, 08:16:31
 16.9937, 0.00003,   -0.158,   0.0087, 24 Jun 2024, 08:16:41
 16.9789, 0.00002,   -0.158,   0.0087, 24 Jun 2024, 08:16:51
 16.9854, 0.00003,   -0.035,   0.0087, 24 Jun 2024, 08:17:01
 16.9816, 0.00002,   -0.035,   0.0087, 24 Jun 2024, 08:17:11
 16.9835, 0.00003,   -0.158,   0.0087, 24 Jun 2024, 08:17:21
 16.9736, 0.00002,   -0.035,   0.0087, 24 Jun 2024, 08:17:31
 16.9702, 0.00002,   -0.035,   0.0087, 24 Jun 2024, 08:17:41
 16.9676, 0.00003,   -0.035,   0.0087, 24 Jun 2024, 08:17:51
 16.9632, 0.00003,   -0.035,   0.0087, 24 Jun 2024, 08:18:01
 16.9591, 0.00002,   -0.035,   0.0087, 24 Jun 2024, 08:18:11
 16.9633, 0.00003,   -0.035,   0.0087, 24 Jun 2024, 08:18:21
 16.9239, 0.00002,   -0.035,   0.0087, 24 Jun 2024, 08:18:31
 16.9312, 0.00002,   -0.035,   0.0087, 24 Jun 2024, 08:18:41
 16.9247, 0.00002,   -0.035,   0.0087, 24 Jun 2024, 08:18:51
 16.9219, 0.00003,   -0.035,   0.0086, 24 Jun 2024, 08:19:01
 16.9242, 0.00003,   -0.035,   0.0086, 24 Jun 2024, 08:19:11
 16.9371, 0.00002,   -0.035,   0.0087, 24 Jun 2024, 08:19:21
 16.9450, 0.00003,   -0.035,   0.0086, 24 Jun 2024, 08:19:31
