odissea/data/moor/raw/tc24015/microcat_cal_dip/cast15/5509_Cal_Dip_Data.asc
* Sea-Bird SBE37 Data File:
* FileName = C:\Users\edaly\Documents\Cruise_material_data_misc\TC24015\ODISSEA_Deployment\TC24015_5509_predip_data.asc
* Software Version 1.59
* Temperature SN = 5509
* Conductivity SN = 5509
* System UpLoad Time = Jun 24 2024 12:00:50
** TC24015 Pre calibration dip data from sn5509
* ds
*END*
[from data line 264]
 16.9439, 0.00003,   -0.035,   0.0086, 24 Jun 2024, 08:19:51
 16.9408, 0.00003,   -0.158,   0.0086, 24 Jun 2024, 08:20:01
 16.9400, 0.00003,   -0.035,   0.0086, 24 Jun 2024, 08:20:11
 16.9480, 0.00003,   -0.035,   0.0087, 24 Jun 2024, 08:20:21
 16.9609, 0.00003,   -0.158,   0.0087, 24 Jun 2024, 08:20:31
 16.9739, 0.00003,   -0.035,   0.0087, 24 Jun 2024, 08:20:41
 16.9514, 0.00003,   -0.035,   0.0087, 24 Jun 2024, 08:20:51
 16.9259, 0.00003,   -0.035,   0.0086, 24 Jun 2024, 08:21:01
 16.9185, 0.00003,   -0.035,   0.0086, 24 Jun 2024, 08:21:11
 16.9113, 0.00003,   -0.035,   0.0086, 24 Jun 2024, 08:21:21
 16.9171, 0.00003,   -0.035,   0.0086, 24 Jun 2024, 08:21:31
 16.9025, 0.00003,   -0.035,   0.0086, 24 Jun 2024, 08:21:41
 16.9030, 0.00003,   -0.035,   0.0086, 24 Jun 2024, 08:21:51
 16.8732, 0.00003,   -0.035,   0.0086, 24 Jun 2024, 08:22:01
 16.8699, 0.00003,   -0.035,   0.0086, 24 Jun 2024, 08:22:11
 16.8878, 0.00003,   -0.035,   0.0086, 24 Jun 2024, 08:22:21
 16.9064, 0.00003,   -0.158,   0.0086, 24 Jun 2024, 08:22:31
 16.9179, 0.00003,   -0.158,   0.0086, 24 Jun 2024, 08:22:41
 16.9214, 0.00003,   -0.035,   0.0086, 24 Jun 2024, 08:22:51
 16.9092, 0.00003,   -0.035,   0.0086, 24 Jun 2024, 08:23:01
 16.8923, 0.00003,   -0.035,   0.0086, 24 Jun 2024, 08:23:11
 16.9046, 0.00003,   -0.158,   0.0086, 24 Jun 2024, 08:23:21
 16.9107, 0.00003,   -0.035,   0.0086, 24 Jun 2024, 08:23:31
 16.9021, 0.00003,   -0.035,   0.0086, 24 Jun 2024, 08:23:41
 16.8862, 0.00003,   -0.158,   0.0086, 24 Jun 2024, 08:23:51
 16.8796, 0.00003,   -0.035,   0.0086, 24 Jun 2024, 08:24:01
 16.8785, 0.00003,   -0.035,   0.0086, 24 Jun 2024, 08:24:11
 16.8493, 0.00003,   -0.035,   0.0086, 24 Jun 2024, 08:24:21
 16.8405, 0.00003,   -0.035,   0.0086, 24 Jun 2024, 08:24:31
 16.8498, 0.00003,   -0.035,   0.0086, 24 Jun 2024, 08:24:41
 16.8269, 0.00003,   -0.035,   0.0086, 24 Jun 2024, 08:24:51
 16.8376, 0.00003,   -0.035,   0.0086, 24 Jun 2024, 08:25:01
 16.8244, 0.00003,   -0.035,   0.0086, 24 Jun 2024, 08:25:11
 16.8191, 0.00003,   -0.035,   0.0086, 24 Jun 2024, 08:25:21
 16.8052, 0.00003,   -0.035,   0.0086, 24 Jun 2024, 08:25:31
 16.7534, 0.00003,   -0.035,   0.0086, 24 Jun 2024, 08:25:41
 16.7712, 0.00003,   -0.035,   0.0086, 24 Jun 2024, 08:25:51
 16.8083, 0.00003,   -0.035,   0.0086, 24 Jun 2024, 08:26:01
 16.8145, 0.00003,   -0.035,   0.0086, 24 Jun 2024, 08:26:11
 16.7910, 0.00003,   -0.035,   0.0086, 24 Jun 2024, 08:26:21
 16.8052, 0.00003,   -0.035,   0.0086, 24 Jun 2024, 08:26:31
 16.8058, 0.00003,   -0.035,   0.0086, 24 Jun 2024, 08:26:41
 16.7732, 0.00003,   -0.035,   0.0086, 24 Jun 2024, 08:26:51
 16.7945, 0.00003,   -0.035,   0.0086, 24 Jun 2024, 08:27:01
 16.8093, 0.00003,   -0.035,   0.0086, 24 Jun 2024, 08:27:11
 16.8200, 0.00003,   -0.158,   0.0086, 24 Jun 2024, 08:27:21
 16.8018, 0.00003,   -0.035,   0.0086, 24 Jun 2024, 08:27:31
 16.7690, 0.00003,   -0.035,   0.0086, 24 Jun 2024, 08:27:41
 16.7851, 0.00003,   -0.035,   0.0086, 24 Jun 2024, 08:27:51
 16.7923, 0.00003,   -0.035,   0.0086, 24 Jun 2024, 08:28:01
 16.8002, 0.00004,   -0.035,   0.0086, 24 Jun 2024, 08:28:11
 16.7824, 0.00003,   -0.035,   0.0086, 24 Jun 2024, 08:28:21
 16.7679, 0.00003,   -0.035,   0.0086, 24 Jun 2024, 08:28:31
 16.7626, 0.00003,   -0.035,   0.0086, 24 Jun 2024, 08:28:41
 16.7409, 0.00003,   -0.035,   0.0086, 24 Jun 2024, 08:28:51
 16.7332, 0.00003,   -0.035,   0.0086, 24 Jun 2024, 08:29:01
 16.7532, 0.00003,   -0.035,   0.0086, 24 Jun 2024, 08:29:11
 16.7314, 0.00003,   -0.035,   0.0086, 24 Jun 2024, 08:29:21
 16.7068, 0.00003,   -0.035,   0.0085, 24 Jun 2024, 08:29:31
 16.6811, 0.00003,   -0.035,   0.0085, 24 Jun 2024, 08:29:41
 16.7079, 0.00003,   -0.035,   0.0085, 24 Jun 2024, 08:29:51
 16.7032, 0.00003,   -0.035,   0.0085, 24 Jun 2024, 08:30:01
 16.7001, 0.00003,   -0.035,   0.0085, 24 Jun 2024, 08:30:11
 16.7006, 0.00003,   -0.035,   0.0085, 24 Jun 2024, 08:30:21
 16.7033, 0.00003,   -0.035,   0.0085, 24 Jun 2024, 08:30:31
 16.6996, 0.00003,   -0.035,   0.0085, 24 Jun 2024, 08:30:41
 16.6993, 0.00003,   -0.035,   0.0085, 24 Jun 2024, 08:30:51
 16.7034, 0.00003,   -0.035,   0.0085, 24 Jun 2024, 08:31:01
 16.7025, 0.00003,   -0.035,   0.0085, 24 Jun 2024, 08:31:11
 16.7249, 0.00004,   -0.035,   0.0085, 24 Jun 2024, 08:31:21
 16.7471, 0.00003,   -0.035,   0.0086, 24 Jun 2024, 08:31:31
 16.7472, 0.00004,   -0.035,   0.0085, 24 Jun 2024, 08:31:41
 16.7281, 0.00004,   -0.035,   0.0085, 24 Jun 2024, 08:31:51
 16.7320, 0.00004,   -0.035,   0.0085, 24 Jun 2024, 08:32:01
 16.7379, 0.00004,   -0.035,   0.0085, 24 Jun 2024, 08:32:11
 16.7525, 0.00003,   -0.035,   0.0086, 24 Jun 2024, 08:32:21
 16.7217, 0.00003,   -0.035,   0.0085, 24 Jun 2024, 08:32:31
 16.7060, 0.00003,   -0.035,   0.0085, 24 Jun 2024, 08:32:41
 16.6801, 0.00003,   -0.035,   0.0085, 24 Jun 2024, 08:32:51
 16.6876, 0.00003,   -0.035,   0.0085, 24 Jun 2024, 08:33:01
 16.6826, 0.00004,   -0.035,   0.0085, 24 Jun 2024, 08:33:11
 16.6879, 0.00003,   -0.035,   0.0085, 24 Jun 2024, 08:33:21
 16.6741, 0.00003,   -0.035,   0.0085, 24 Jun 2024, 08:33:31
 16.6925, 0.00004,   -0.035,   0.0085, 24 Jun 2024, 08:33:41
 16.6967, 0.00004,   -0.035,   0.0085, 24 Jun 2024, 08:33:51
 16.7068, 0.00003,   -0.035,   0.0085, 24 Jun 2024, 08:34:01
 16.7290, 0.00004,   -0.035,   0.0085, 24 Jun 2024, 08:34:11
 16.7217, 0.00004,   -0.035,   0.0085, 24 Jun 2024, 08:34:21
 16.7063, 0.00004,   -0.035,   0.0085, 24 Jun 2024, 08:34:31
 16.6894, 0.00004,   -0.035,   0.0085, 24 Jun 2024, 08:34:41
 16.7064, 0.00004,   -0.035,   0.0085, 24 Jun 2024, 08:34:51
 16.7118, 0.00003,   -0.035,   0.0085, 24 Jun 2024, 08:35:01
 16.7198, 0.00004,   -0.035,   0.0085, 24 Jun 2024, 08:35:11
 16.6911, 0.00004,   -0.035,   0.0085, 24 Jun 2024, 08:35:21
 16.6810, 0.00004,   -0.035,   0.0085, 24 Jun 2024, 08:35:31
 16.6786, 0.00004,   -0.035,   0.0085, 24 Jun 2024, 08:35:41
 16.6948, 0.00004,   -0.035,   0.0085, 24 Jun 2024, 08:35:51
 16.6996, 0.00004,   -0.035,   0.0085, 24 Jun 2024, 08:36:01
 16.7026, 0.00004,   -0.035,   0.0085, 24 Jun 2024, 08:36:11
 16.6781, 0.00004,   -0.035,   0.0085, 24 Jun 2024, 08:36:21
 16.6759, 0.00004,   -0.035,   0.0085, 24 Jun 2024, 08:36:31
 16.6906, 0.00004,   -0.035,   0.0085, 24 Jun 2024, 08:36:41
 16.6849, 0.00004,   -0.035,   0.0085, 24 Jun 2024, 08:36:51
 16.6779, 0.00004,   -0.035,   0.0085, 24 Jun 2024, 08:37:01
 16.6830, 0.00004,   -0.035,   0.0085, 24 Jun 2024, 08:37:11
 16.6860, 0.00004,   -0.158,   0.0085, 24 Jun 2024, 08:37:21
 16.6921, 0.00004,   -0.158,   0.0085, 24 Jun 2024, 08:37:31
 16.6751, 0.00004,   -0.035,   0.0085, 24 Jun 2024, 08:37:41
 16.6489, 0.00004,   -0.035,   0.0085, 24 Jun 2024, 08:37:51
 16.6522, 0.00004,   -0.035,   0.0085, 24 Jun 2024, 08:38:01
 16.6523, 0.00004,   -0.035,   0.0085, 24 Jun 2024, 08:38:11
 16.6468, 0.00004,   -0.035,   0.0085, 24 Jun 2024, 08:38:21
 16.6639, 0.00004,   -0.158,   0.0085, 24 Jun 2024, 08:38:31
 16.6589, 0.00004,   -0.035,   0.0085, 24 Jun 2024, 08:38:41
 16.6630, 0.00004,   -0.035,   0.0085, 24 Jun 2024, 08:38:51
 16.6771, 0.00004,   -0.035,   0.0085, 24 Jun 2024, 08:39:01
 16.6776, 0.00004,   -0.158,   0.0085, 24 Jun 2024, 08:39:11
 16.6664, 0.00004,   -0.035,   0.0085, 24 Jun 2024, 08:39:21
 16.6460, 0.00004,   -0.035,   0.0085, 24 Jun 2024, 08:39:31
 16.6099, 0.00004,   -0.035,   0.0085, 24 Jun 2024, 08:39:41
 16.6182, 0.00004,   -0.035,   0.0085, 24 Jun 2024, 08:39:51
 16.6092, 0.00004,   -0.035,   0.0085, 24 Jun 2024, 08:40:01
 16.6126, 0.00004,   -0.035,   0.0085, 24 Jun 2024, 08:40:11
 16.6315, 0.00004,   -0.035,   0.0085, 24 Jun 2024, 08:40:21
 16.6526, 0.00004,   -0.035,   0.0085, 24 Jun 2024, 08:40:31
 16.6588, 0.00004,   -0.035,   0.0085, 24 Jun 2024, 08:40:41
 16.6462, 0.00004,   -0.158,   0.0085, 24 Jun 2024, 08:40:51
 16.6488, 0.00004,   -0.035,   0.0085, 24 Jun 2024, 08:41:01
 16.6365, 0.00004,   -0.035,   0.0085, 24 Jun 2024, 08:41:11
 16.6269, 0.00004,   -0.035,   0.0085, 24 Jun 2024, 08:41:21
 16.6293, 0.00004,   -0.035,   0.0085, 24 Jun 2024, 08:41:31
 16.6416, 0.00004,   -0.158,   0.0085, 24 Jun 2024, 08:41:41
 16.6473, 0.00004,   -0.035,   0.0085, 24 Jun 2024, 08:41:51
 16.6584, 0.00004,   -0.158,   0.0085, 24 Jun 2024, 08:42:01
 16.6566, 0.00004,   -0.035,   0.0085, 24 Jun 2024, 08:42:11
 16.6407, 0.00004,   -0.035,   0.0085, 24 Jun 2024, 08:42:21
 16.6527, 0.00004,   -0.035,   0.0085, 24 Jun 2024, 08:42:31
 16.6596, 0.00004,   -0.035,   0.0085, 24 Jun 2024, 08:42:41
 16.6669, 0.00005,   -0.158,   0.0085, 24 Jun 2024, 08:42:51
 16.6545, 0.00004,   -0.035,   0.0085, 24 Jun 2024, 08:43:01
 16.6462, 0.00004,   -0.035,   0.0085, 24 Jun 2024, 08:43:11
 16.6265, 0.00004,   -0.035,   0.0085, 24 Jun 2024, 08:43:21
 16.6094, 0.00004,   -0.035,   0.0085, 24 Jun 2024, 08:43:31
 16.6185, 0.00004,   -0.035,   0.0085, 24 Jun 2024, 08:43:41
 16.6346, 0.00004,   -0.035,   0.0085, 24 Jun 2024, 08:43:51
 16.6362, 0.00004,   -0.035,   0.0085, 24 Jun 2024, 08:44:01
 16.6148, 0.00004,   -0.035,   0.0085, 24 Jun 2024, 08:44:11
 16.6131, 0.00004,   -0.035,   0.0085, 24 Jun 2024, 08:44:21
 16.6289, 0.00004,   -0.035,   0.0085, 24 Jun 2024, 08:44:31
 16.6376, 0.00004,   -0.158,   0.0085, 24 Jun 2024, 08:44:41
 16.6357, 0.00004,   -0.158,   0.0085, 24 Jun 2024, 08:44:51
 16.6409, 0.00004,   -0.158,   0.0085, 24 Jun 2024, 08:45:01
 16.6181, 0.00004,   -0.035,   0.0085, 24 Jun 2024, 08:45:11
 16.6069, 0.00004,   -0.158,   0.0085, 24 Jun 2024, 08:45:21
 16.5995, 0.00004,   -0.035,   0.0085, 24 Jun 2024, 08:45:31
 16.6049, 0.00004,   -0.035,   0.0085, 24 Jun 2024, 08:45:41
 16.5999, 0.00004,   -0.035,   0.0085, 24 Jun 2024, 08:45:51
 16.6068, 0.00004,   -0.158,   0.0085, 24 Jun 2024, 08:46:01
 16.5944, 0.00004,   -0.035,   0.0085, 24 Jun 2024, 08:46:11
 16.5721, 0.00004,   -0.035,   0.0085, 24 Jun 2024, 08:46:21
 16.5721, 0.00004,   -0.035,   0.0085, 24 Jun 2024, 08:46:31
 16.5749, 0.00004,   -0.035,   0.0085, 24 Jun 2024, 08:46:41
 16.5871, 0.00004,   -0.035,   0.0085, 24 Jun 2024, 08:46:51
 16.6031, 0.00004,   -0.035,   0.0085, 24 Jun 2024, 08:47:01
 16.5894, 0.00004,   -0.158,   0.0085, 24 Jun 2024, 08:47:11
 16.6021, 0.00004,   -0.158,   0.0085, 24 Jun 2024, 08:47:21
 16.6176, 0.00004,   -0.158,   0.0085, 24 Jun 2024, 08:47:31
 16.6232, 0.00004,   -0.035,   0.0085, 24 Jun 2024, 08:47:41
 16.6148, 0.00004,   -0.158,   0.0085, 24 Jun 2024, 08:47:51
 16.6170, 0.00004,   -0.158,   0.0085, 24 Jun 2024, 08:48:01
 16.6023, 0.00005,   -0.158,   0.0085, 24 Jun 2024, 08:48:11
 16.5949, 0.00005,   -0.158,   0.0085, 24 Jun 2024, 08:48:21
 16.5659, 0.00004,   -0.035,   0.0085, 24 Jun 2024, 08:48:31
 16.5566, 0.00004,   -0.158,   0.0085, 24 Jun 2024, 08:48:41
 16.5660, 0.00004,   -0.158,   0.0085, 24 Jun 2024, 08:48:51
 16.5733, 0.00004,   -0.035,   0.0085, 24 Jun 2024, 08:49:01
 16.5824, 0.00005,   -0.158,   0.0085, 24 Jun 2024, 08:49:11
 16.5886, 0.00004,   -0.035,   0.0085, 24 Jun 2024, 08:49:21
 16.5976, 0.00004,   -0.158,   0.0085, 24 Jun 2024, 08:49:31
 16.6038, 0.00004,   -0.035,   0.0085, 24 Jun 2024, 08:49:41
 16.5959, 0.00004,   -0.158,   0.0085, 24 Jun 2024, 08:49:51
 16.6051, 0.00005,   -0.158,   0.0085, 24 Jun 2024, 08:50:01
 16.6120, 0.00004,   -0.158,   0.0085, 24 Jun 2024, 08:50:11
 16.6219, 0.00005,   -0.158,   0.0085, 24 Jun 2024, 08:50:21
 16.6270, 0.00005,   -0.158,   0.0085, 24 Jun 2024, 08:50:31
 16.6276, 0.00005,   -0.158,   0.0085, 24 Jun 2024, 08:50:41
 16.6234, 0.00005,   -0.158,   0.0085, 24 Jun 2024, 08:50:51
 16.6186, 0.00004,   -0.158,   0.0085, 24 Jun 2024, 08:51:01
 16.6211, 0.00005,   -0.158,   0.0085, 24 Jun 2024, 08:51:11
 16.6121, 0.00005,   -0.158,   0.0085, 24 Jun 2024, 08:51:21
 16.5932, 0.00004,   -0.158,   0.0085, 24 Jun 2024, 08:51:31
 16.5799, 0.00005,   -0.158,   0.0085, 24 Jun 2024, 08:51:41
 16.5754, 0.00005,   -0.158,   0.0085, 24 Jun 2024, 08:51:51
 16.5873, 0.00005,   -0.158,   0.0085, 24 Jun 2024, 08:52:01
 16.5956, 0.00005,   -0.158,   0.0085, 24 Jun 2024, 08:52:11
 16.5757, 0.00005,   -0.158,   0.0085, 24 Jun 2024, 08:52:21
 16.5677, 0.00004,   -0.158,   0.0085, 24 Jun 2024, 08:52:31
 16.5692, 0.00004,   -0.158,   0.0085, 24 Jun 2024, 08:52:41
 16.5688, 0.00005,   -0.158,   0.0085, 24 Jun 2024, 08:52:51
 16.5712, 0.00005,   -0.158,   0.0085, 24 Jun 2024, 08:53:01
 16.5689, 0.00005,   -0.158,   0.0085, 24 Jun 2024, 08:53:11
 16.5775, 0.00005,   -0.158,   0.0085, 24 Jun 2024, 08:53:21
 16.5735, 0.00005,   -0.158,   0.0085, 24 Jun 2024, 08:53:31
 16.5866, 0.00005,   -0.158,   0.0085, 24 Jun 2024, 08:53:41
 16.5741, 0.00005,   -0.158,   0.0085, 24 Jun 2024, 08:53:51
 16.5789, 0.00005,   -0.158,   0.0085, 24 Jun 2024, 08:54:01
 16.5854, 0.00005,   -0.158,   0.0085, 24 Jun 2024, 08:54:11
 16.5664, 0.00004,   -0.158,   0.0085, 24 Jun 2024, 08:54:21
 16.5602, 0.00005,   -0.158,   0.0085, 24 Jun 2024, 08:54:31
 16.5462, 0.00005,   -0.158,   0.0084, 24 Jun 2024, 08:54:41
 16.5434, 0.00004,   -0.158,   0.0085, 24 Jun 2024, 08:54:51
 16.5374, 0.00005,   -0.158,   0.0084, 24 Jun 2024, 08:55:01
 16.5257, 0.00005,   -0.035,   0.0084, 24 Jun 2024, 08:55:11
 16.5433, 0.00005,   -0.158,   0.0084, 24 Jun 2024, 08:55:21
 16.5421, 0.00004,   -0.158,   0.0084, 24 Jun 2024, 08:55:31
 16.5460, 0.00005,   -0.158,   0.0084, 24 Jun 2024, 08:55:41
 16.5526, 0.00005,   -0.158,   0.0084, 24 Jun 2024, 08:55:51
 16.5365, 0.00004,   -0.158,   0.0084, 24 Jun 2024, 08:56:01
 16.5316, 0.00005,   -0.158,   0.0084, 24 Jun 2024, 08:56:11
 16.5089, 0.00004,   -0.158,   0.0084, 24 Jun 2024, 08:56:21
 16.4942, 0.00004,   -0.158,   0.0084, 24 Jun 2024, 08:56:31
 16.5060, 0.00004,   -0.158,   0.0084, 24 Jun 2024, 08:56:41
 16.5033, 0.00005,   -0.158,   0.0084, 24 Jun 2024, 08:56:51
 16.5225, 0.00005,   -0.158,   0.0084, 24 Jun 2024, 08:57:01
 16.5309, 0.00005,   -0.158,   0.0084, 24 Jun 2024, 08:57:11
 16.5360, 0.00004,   -0.158,   0.0084, 24 Jun 2024, 08:57:21
 16.5169, 0.00005,   -0.035,   0.0084, 24 Jun 2024, 08:57:31
 16.5065, 0.00004,   -0.158,   0.0084, 24 Jun 2024, 08:57:41
 16.5065, 0.00004,   -0.035,   0.0084, 24 Jun 2024, 08:57:51
 16.4955, 0.00005,   -0.158,   0.0084, 24 Jun 2024, 08:58:01
 16.4840, 0.00005,   -0.158,   0.0084, 24 Jun 2024, 08:58:11
 16.4920, 0.00004,   -0.158,   0.0084, 24 Jun 2024, 08:58:21
 16.4880, 0.00005,   -0.158,   0.0084, 24 Jun 2024, 08:58:31
 16.4765, 0.00005,   -0.035,   0.0084, 24 Jun 2024, 08:58:41
 16.4716, 0.00004,   -0.158,   0.0084, 24 Jun 2024, 08:58:51
 16.4868, 0.00005,   -0.158,   0.0084, 24 Jun 2024, 08:59:01
 16.4966, 0.00005,   -0.158,   0.0084, 24 Jun 2024, 08:59:11
 16.4913, 0.00004,   -0.158,   0.0084, 24 Jun 2024, 08:59:21
 16.4794, 0.00005,   -0.035,   0.0084, 24 Jun 2024, 08:59:31
 16.4899, 0.00005,   -0.035,   0.0084, 24 Jun 2024, 08:59:41
 16.4924, 0.00005,   -0.158,   0.0084, 24 Jun 2024, 08:59:51
 16.4823, 0.00004,   -0.035,   0.0084, 24 Jun 2024, 09:00:01
 16.4764, 0.00004,   -0.158,   0.0084, 24 Jun 2024, 09:00:11
 16.4875, 0.00004,   -0.158,   0.0084, 24 Jun 2024, 09:00:21
 16.4922, 0.00005,   -0.158,   0.0084, 24 Jun 2024, 09:00:31
 16.4936, 0.00005,   -0.158,   0.0084, 24 Jun 2024, 09:00:41
 16.5059, 0.00005,   -0.158,   0.0084, 24 Jun 2024, 09:00:51
 16.5060, 0.00005,   -0.158,   0.0084, 24 Jun 2024, 09:01:01
 16.4929, 0.00005,   -0.158,   0.0084, 24 Jun 2024, 09:01:11
 16.4937, 0.00005,   -0.158,   0.0084, 24 Jun 2024, 09:01:21
 16.5008, 0.00005,   -0.158,   0.0084, 24 Jun 2024, 09:01:31
 16.5017, 0.00005,   -0.158,   0.0084, 24 Jun 2024, 09:01:41
 16.5052, 0.00005,   -0.158,   0.0084, 24 Jun 2024, 09:01:51
 16.5124, 0.00005,   -0.158,   0.0084, 24 Jun 2024, 09:02:01
 16.5011, 0.00005,   -0.158,   0.0084, 24 Jun 2024, 09:02:11
 16.5036, 0.00005,   -0.158,   0.0084, 24 Jun 2024, 09:02:21
 16.5157, 0.00005,   -0.158,   0.0084, 24 Jun 2024, 09:02:31
 16.5177, 0.00005,   -0.158,   0.0084, 24 Jun 2024, 09:02:41
 16.5093, 0.00005,   -0.158,   0.0084, 24 Jun 2024, 09:02:51
 16.5180, 0.00005,   -0.158,   0.0084, 24 Jun 2024, 09:03:01
 16.5242, 0.00005,   -0.158,   0.0084, 24 Jun 2024, 09:03:11
 16.5281, 0.00005,   -0.158,   0.0084, 24 Jun 2024, 09:03:21
