odissea/data/moor/raw/tc24015/microcat_cal_dip/cast15/5510_Cal_Dip_Data.asc
* Sea-Bird SBE37 Data File:
* FileName = C:\Users\edaly\Documents\Cruise_material_data_misc\TC24015\ODISSEA_Deployment\TC24015_5510_predip_data.asc
* Software Version 1.59
* Temperature SN = 5510
* Conductivity SN = 5510
* System UpLoad Time = Jun 24 2024 12:30:04
** TC24015 pre-cal dip data download sn5510
* ds
*END*
[from data line 527]
 16.5168,-0.00005,    0.336,   0.0000, 24 Jun 2024, 09:04:36
 16.5205,-0.00005,    0.336,   0.0000, 24 Jun 2024, 09:04:46
 16.5246,-0.00005,    0.336,   0.0000, 24 Jun 2024, 09:04:56
 16.5255,-0.00005,    0.336,   0.0000, 24 Jun 2024, 09:05:06
 16.5242,-0.00005,    0.336,   0.0000, 24 Jun 2024, 09:05:16
 16.5265,-0.00005,    0.336,   0.0000, 24 Jun 2024, 09:05:26
 16.5339,-0.00005,    0.336,   0.0000, 24 Jun 2024, 09:05:36
 16.5384,-0.00005,    0.336,   0.0000, 24 Jun 2024, 09:05:46
 16.5391,-0.00005,    0.336,   0.0000, 24 Jun 2024, 09:05:56
 16.5339,-0.00005,    0.336,   0.0000, 24 Jun 2024, 09:06:06
 16.5349,-0.00005,    0.336,   0.0000, 24 Jun 2024, 09:06:16
 16.5310,-0.00005,    0.336,   0.0000, 24 Jun 2024, 09:06:26
 16.5039,-0.00006,    0.336,   0.0000, 24 Jun 2024, 09:06:36
 16.5127,-0.00005,    0.336,   0.0000, 24 Jun 2024, 09:06:46
 16.5186,-0.00006,    0.336,   0.0000, 24 Jun 2024, 09:06:56
 16.5282,-0.00005,    0.336,   0.0000, 24 Jun 2024, 09:07:06
 16.5251,-0.00005,    0.336,   0.0000, 24 Jun 2024, 09:07:16
 16.5205,-0.00005,    0.336,   0.0000, 24 Jun 2024, 09:07:26
 16.5209,-0.00005,    0.336,   0.0000, 24 Jun 2024, 09:07:36
 16.5242,-0.00005,    0.336,   0.0000, 24 Jun 2024, 09:07:46
 16.5136,-0.00005,    0.336,   0.0000, 24 Jun 2024, 09:07:56
 16.4993,-0.00005,    0.336,   0.0000, 24 Jun 2024, 09:08:06
 16.4975,-0.00005,    0.336,   0.0000, 24 Jun 2024, 09:08:16
 16.5014,-0.00005,    0.336,   0.0000, 24 Jun 2024, 09:08:26
 16.4930,-0.00005,    0.336,   0.0000, 24 Jun 2024, 09:08:36
 16.4960,-0.00005,    0.336,   0.0000, 24 Jun 2024, 09:08:46
 16.4931,-0.00005,    0.336,   0.0000, 24 Jun 2024, 09:08:56
 16.5037,-0.00005,    0.336,   0.0000, 24 Jun 2024, 09:09:06
 16.4933,-0.00005,    0.336,   0.0000, 24 Jun 2024, 09:09:16
 16.4876,-0.00005,    0.336,   0.0000, 24 Jun 2024, 09:09:26
 16.4958,-0.00005,    0.336,   0.0000, 24 Jun 2024, 09:09:36
 16.5077,-0.00005,    0.336,   0.0000, 24 Jun 2024, 09:09:46
 16.5125,-0.00005,    0.336,   0.0000, 24 Jun 2024, 09:09:56
 16.5128,-0.00005,    0.336,   0.0000, 24 Jun 2024, 09:10:06
 16.5028,-0.00005,    0.336,   0.0000, 24 Jun 2024, 09:10:16
 16.4914,-0.00005,    0.336,   0.0000, 24 Jun 2024, 09:10:26
 16.4805,-0.00005,    0.336,   0.0000, 24 Jun 2024, 09:10:36
 16.4844,-0.00005,    0.336,   0.0000, 24 Jun 2024, 09:10:46
 16.4937,-0.00005,    0.336,   0.0000, 24 Jun 2024, 09:10:56
 16.5043,-0.00005,    0.336,   0.0000, 24 Jun 2024, 09:11:06
 16.5122,-0.00005,    0.336,   0.0000, 24 Jun 2024, 09:11:16
 16.5127,-0.00005,    0.336,   0.0000, 24 Jun 2024, 09:11:26
 16.5154,-0.00005,    0.336,   0.0000, 24 Jun 2024, 09:11:36
 16.5224,-0.00005,    0.336,   0.0000, 24 Jun 2024, 09:11:46
 16.5172,-0.00005,    0.336,   0.0000, 24 Jun 2024, 09:11:56
 16.5062,-0.00005,    0.336,   0.0000, 24 Jun 2024, 09:12:06
 16.4958,-0.00005,    0.336,   0.0000, 24 Jun 2024, 09:12:16
 16.4872,-0.00005,    0.336,   0.0000, 24 Jun 2024, 09:12:26
 16.4930,-0.00005,    0.336,   0.0000, 24 Jun 2024, 09:12:36
 16.5026,-0.00005,    0.336,   0.0000, 24 Jun 2024, 09:12:46
 16.5003,-0.00005,    0.336,   0.0000, 24 Jun 2024, 09:12:56
 16.5053,-0.00005,    0.336,   0.0000, 24 Jun 2024, 09:13:06
 16.5023,-0.00005,    0.336,   0.0000, 24 Jun 2024, 09:13:16
 16.5008,-0.00005,    0.336,   0.0000, 24 Jun 2024, 09:13:26
 16.5057,-0.00005,    0.336,   0.0000, 24 Jun 2024, 09:13:36
 16.5105,-0.00005,    0.336,   0.0000, 24 Jun 2024, 09:13:46
 16.5111,-0.00005,    0.336,   0.0000, 24 Jun 2024, 09:13:56
 16.5051,-0.00005,    0.336,   0.0000, 24 Jun 2024, 09:14:06
 16.4926,-0.00005,    0.336,   0.0000, 24 Jun 2024, 09:14:16
 16.4709,-0.00005,    0.336,   0.0000, 24 Jun 2024, 09:14:26
 16.4750,-0.00005,    0.336,   0.0000, 24 Jun 2024, 09:14:36
 16.4759,-0.00005,    0.336,   0.0000, 24 Jun 2024, 09:14:46
 16.4813,-0.00005,    0.336,   0.0000, 24 Jun 2024, 09:14:56
 16.4774,-0.00005,    0.336,   0.0000, 24 Jun 2024, 09:15:06
 16.4842,-0.00005,    0.336,   0.0000, 24 Jun 2024, 09:15:16
 16.4926,-0.00005,    0.336,   0.0000, 24 Jun 2024, 09:15:26
 16.5026,-0.00005,    0.336,   0.0000, 24 Jun 2024, 09:15:36
 16.5107,-0.00005,    0.336,   0.0000, 24 Jun 2024, 09:15:46
 16.5124,-0.00005,    0.336,   0.0000, 24 Jun 2024, 09:15:56
 16.5199,-0.00005,    0.336,   0.0000, 24 Jun 2024, 09:16:06
 16.5248,-0.00005,    0.336,   0.0000, 24 Jun 2024, 09:16:16
 16.5248,-0.00005,    0.213,   0.0000, 24 Jun 2024, 09:16:26
 16.5247,-0.00005,    0.336,   0.0000, 24 Jun 2024, 09:16:36
 16.5250,-0.00005,    0.336,   0.0000, 24 Jun 2024, 09:16:46
 16.5110,-0.00005,    0.336,   0.0000, 24 Jun 2024, 09:16:56
 16.5131,-0.00005,    0.213,   0.0000, 24 Jun 2024, 09:17:06
 16.4946,-0.00005,    0.213,   0.0000, 24 Jun 2024, 09:17:16
 16.4796,-0.00005,    0.336,   0.0000, 24 Jun 2024, 09:17:26
 16.4784,-0.00005,    0.336,   0.0000, 24 Jun 2024, 09:17:36
 16.4685,-0.00005,    0.213,   0.0000, 24 Jun 2024, 09:17:46
 16.4753,-0.00005,    0.336,   0.0000, 24 Jun 2024, 09:17:56
 16.4851,-0.00005,    0.213,   0.0000, 24 Jun 2024, 09:18:06
 16.4968,-0.00005,    0.336,   0.0000, 24 Jun 2024, 09:18:16
 16.4953,-0.00005,    0.213,   0.0000, 24 Jun 2024, 09:18:26
 16.5022,-0.00005,    0.213,   0.0000, 24 Jun 2024, 09:18:36
 16.5051,-0.00005,    0.213,   0.0000, 24 Jun 2024, 09:18:46
 16.5009,-0.00005,    0.336,   0.0000, 24 Jun 2024, 09:18:56
 16.4932,-0.00005,    0.213,   0.0000, 24 Jun 2024, 09:19:06
 16.4969,-0.00005,    0.336,   0.0000, 24 Jun 2024, 09:19:16
 16.5095,-0.00005,    0.213,   0.0000, 24 Jun 2024, 09:19:26
 16.5092,-0.00005,    0.213,   0.0000, 24 Jun 2024, 09:19:36
 16.5151,-0.00005,    0.336,   0.0000, 24 Jun 2024, 09:19:46
 16.5154,-0.00005,    0.336,   0.0000, 24 Jun 2024, 09:19:56
 16.5136,-0.00005,    0.213,   0.0000, 24 Jun 2024, 09:20:06
 16.5155,-0.00005,    0.213,   0.0000, 24 Jun 2024, 09:20:16
 16.5098,-0.00005,    0.213,   0.0000, 24 Jun 2024, 09:20:26
 16.5035,-0.00005,    0.213,   0.0000, 24 Jun 2024, 09:20:36
 16.5061,-0.00005,    0.213,   0.0000, 24 Jun 2024, 09:20:46
 16.5145,-0.00005,    0.336,   0.0000, 24 Jun 2024, 09:20:56
 16.5174,-0.00005,    0.213,   0.0000, 24 Jun 2024, 09:21:06
 16.5224,-0.00005,    0.213,   0.0000, 24 Jun 2024, 09:21:16
 16.5169,-0.00005,    0.336,   0.0000, 24 Jun 2024, 09:21:26
 16.5180,-0.00005,    0.213,   0.0000, 24 Jun 2024, 09:21:36
 16.5220,-0.00005,    0.213,   0.0000, 24 Jun 2024, 09:21:46
 16.5266,-0.00005,    0.213,   0.0000, 24 Jun 2024, 09:21:56
 16.5324,-0.00005,    0.213,   0.0000, 24 Jun 2024, 09:22:06
 16.5352,-0.00005,    0.213,   0.0000, 24 Jun 2024, 09:22:16
 16.5383,-0.00005,    0.213,   0.0000, 24 Jun 2024, 09:22:26
 16.5428,-0.00005,    0.213,   0.0000, 24 Jun 2024, 09:22:36
 16.5456,-0.00005,    0.213,   0.0000, 24 Jun 2024, 09:22:46
 16.5492,-0.00005,    0.213,   0.0000, 24 Jun 2024, 09:22:56
 16.5501,-0.00005,    0.213,   0.0000, 24 Jun 2024, 09:23:06
 16.5498,-0.00005,    0.213,   0.0000, 24 Jun 2024, 09:23:16
 16.5471,-0.00005,    0.213,   0.0000, 24 Jun 2024, 09:23:26
 16.5478,-0.00005,    0.213,   0.0000, 24 Jun 2024, 09:23:36
 16.5467,-0.00005,    0.213,   0.0000, 24 Jun 2024, 09:23:46
 16.5484,-0.00005,    0.213,   0.0000, 24 Jun 2024, 09:23:56
 16.5448,-0.00005,    0.213,   0.0000, 24 Jun 2024, 09:24:06
 16.5431,-0.00005,    0.213,   0.0000, 24 Jun 2024, 09:24:16
 16.5395,-0.00005,    0.213,   0.0000, 24 Jun 2024, 09:24:26
 16.5356,-0.00005,    0.213,   0.0000, 24 Jun 2024, 09:24:36
 16.5273,-0.00005,    0.213,   0.0000, 24 Jun 2024, 09:24:46
 16.5313,-0.00005,    0.213,   0.0000, 24 Jun 2024, 09:24:56
 16.5252,-0.00005,    0.213,   0.0000, 24 Jun 2024, 09:25:06
 16.5163,-0.00005,    0.213,   0.0000, 24 Jun 2024, 09:25:16
 16.5255,-0.00005,    0.213,   0.0000, 24 Jun 2024, 09:25:26
 16.5381,-0.00005,    0.213,   0.0000, 24 Jun 2024, 09:25:36
 16.5370,-0.00005,    0.213,   0.0000, 24 Jun 2024, 09:25:46
 16.5309,-0.00005,    0.213,   0.0000, 24 Jun 2024, 09:25:56
 16.4417,-0.00005,    0.213,   0.0000, 24 Jun 2024, 09:26:06
 16.3719,-0.00006,    0.336,   0.0000, 24 Jun 2024, 09:26:16
 16.2830,-0.00006,    0.336,   0.0000, 24 Jun 2024, 09:26:26
 16.1532,-0.00006,    0.336,   0.0000, 24 Jun 2024, 09:26:36
 16.0757,-0.00007,    0.336,   0.0000, 24 Jun 2024, 09:26:46
 15.9893,-0.00007,    0.460,   0.0000, 24 Jun 2024, 09:26:56
 15.9845,-0.00007,    0.460,   0.0000, 24 Jun 2024, 09:27:06
 16.0000,-0.00007,    0.460,   0.0000, 24 Jun 2024, 09:27:16
 15.4819,-0.00009,    0.583,   0.0000, 24 Jun 2024, 09:27:26
 14.8861,-0.00012,    0.707,   0.0000, 24 Jun 2024, 09:27:36
 14.6690,-0.00013,    0.831,   0.0000, 24 Jun 2024, 09:27:46
 14.5730,-0.00013,    0.954,   0.0000, 24 Jun 2024, 09:27:56
 14.5392,-0.00013,    0.954,   0.0000, 24 Jun 2024, 09:28:06
 14.4917,-0.00013,    1.078,   0.0000, 24 Jun 2024, 09:28:16
 14.0796, 4.26212,    2.314,  35.5641, 24 Jun 2024, 09:28:26
 14.0457, 4.25069,    6.886,  35.4868, 24 Jun 2024, 09:28:36
 14.0459, 4.25473,    7.875,  35.5239, 24 Jun 2024, 09:28:46
 14.0453, 4.25602,    7.752,  35.5366, 24 Jun 2024, 09:28:56
 14.0422, 4.21417,    8.369,  35.1485, 24 Jun 2024, 09:29:06
 14.0382, 4.24847,    8.246,  35.4724, 24 Jun 2024, 09:29:16
 14.0381, 4.24837,    8.740,  35.4713, 24 Jun 2024, 09:29:26
 14.0406, 4.24789,    6.145,  35.4657, 24 Jun 2024, 09:29:36
 14.0422, 4.24784,    5.033,  35.4642, 24 Jun 2024, 09:29:46
 14.0411, 4.24250,    5.156,  35.4153, 24 Jun 2024, 09:29:56
 14.0398, 4.23728,    5.156,  35.3677, 24 Jun 2024, 09:30:06
 14.0416, 4.24686,    5.651,  35.4553, 24 Jun 2024, 09:30:16
 14.0403, 4.24719,    6.145,  35.4594, 24 Jun 2024, 09:30:26
 14.0403, 4.24807,   14.055,  35.4643, 24 Jun 2024, 09:30:36
 14.0364, 4.24793,   23.324,  35.4626, 24 Jun 2024, 09:30:46
 14.0089, 4.24642,   31.604,  35.4704, 24 Jun 2024, 09:30:56
 13.6131, 4.23145,   39.885,  35.6940, 24 Jun 2024, 09:31:06
 13.3882, 4.20839,   48.412,  35.6827, 24 Jun 2024, 09:31:16
 12.4588, 4.11732,   57.682,  35.6834, 24 Jun 2024, 09:31:26
 12.2860, 4.11128,   67.445,  35.7852, 24 Jun 2024, 09:31:36
 12.0606, 4.08967,   76.591,  35.7863, 24 Jun 2024, 09:31:46
 11.8815, 4.07107,   85.984,  35.7718, 24 Jun 2024, 09:31:56
 11.7424, 4.04913,   95.624,  35.6855, 24 Jun 2024, 09:32:06
 11.6956, 4.03565,  106.252,  35.5929, 24 Jun 2024, 09:32:16
 11.5373, 4.01875,  116.387,  35.5735, 24 Jun 2024, 09:32:26
 11.4739, 4.01684,  126.521,  35.6111, 24 Jun 2024, 09:32:36
 11.4427, 4.00773,  135.914,  35.5466, 24 Jun 2024, 09:32:46
 11.3975, 4.00316,  145.801,  35.5404, 24 Jun 2024, 09:32:56
 11.3626, 4.00267,  155.564,  35.5647, 24 Jun 2024, 09:33:06
 11.3289, 4.00136,  165.204,  35.5799, 24 Jun 2024, 09:33:16
 11.2866, 3.99405,  173.979,  35.5440, 24 Jun 2024, 09:33:26
 11.2686, 3.99244,  183.496,  35.5411, 24 Jun 2024, 09:33:36
 11.2578, 3.98930,  192.023,  35.5164, 24 Jun 2024, 09:33:46
 11.2334, 3.98721,  202.652,  35.5144, 24 Jun 2024, 09:33:56
 11.2238, 3.98524,  211.550,  35.5000, 24 Jun 2024, 09:34:06
 11.2010, 3.98346,  220.449,  35.5003, 24 Jun 2024, 09:34:16
 11.1864, 3.98203,  229.471,  35.4961, 24 Jun 2024, 09:34:26
 11.1766, 3.98102,  237.999,  35.4916, 24 Jun 2024, 09:34:36
 11.1596, 3.97960,  247.268,  35.4897, 24 Jun 2024, 09:34:46
 11.1481, 3.97880,  257.031,  35.4884, 24 Jun 2024, 09:34:56
 11.1364, 3.97803,  265.559,  35.4882, 24 Jun 2024, 09:35:06
 11.1260, 3.97788,  274.952,  35.4925, 24 Jun 2024, 09:35:16
 11.1136, 3.97641,  282.861,  35.4863, 24 Jun 2024, 09:35:26
 11.0828, 3.97550,  292.749,  35.5025, 24 Jun 2024, 09:35:36
 11.0691, 3.97195,  302.018,  35.4761, 24 Jun 2024, 09:35:46
 11.0596, 3.97154,  311.040,  35.4771, 24 Jun 2024, 09:35:56
 11.0444, 3.97068,  320.185,  35.4791, 24 Jun 2024, 09:36:06
 11.0329, 3.96972,  328.095,  35.4771, 24 Jun 2024, 09:36:16
 11.0130, 3.96754,  337.735,  35.4702, 24 Jun 2024, 09:36:26
 10.9830, 3.96521,  346.881,  35.4717, 24 Jun 2024, 09:36:36
 10.9525, 3.96212,  355.779,  35.4663, 24 Jun 2024, 09:36:46
 10.9378, 3.96096,  363.813,  35.4653, 24 Jun 2024, 09:36:56
 10.9224, 3.95988,  372.835,  35.4653, 24 Jun 2024, 09:37:06
 10.8875, 3.95876,  381.857,  35.4838, 24 Jun 2024, 09:37:16
 10.8480, 3.95266,  391.620,  35.4564, 24 Jun 2024, 09:37:26
 10.8147, 3.95012,  401.878,  35.4586, 24 Jun 2024, 09:37:36
 10.7742, 3.94931,  411.642,  35.4852, 24 Jun 2024, 09:37:46
 10.7511, 3.94606,  421.282,  35.4706, 24 Jun 2024, 09:37:56
 10.7208, 3.94251,  430.304,  35.4602, 24 Jun 2024, 09:38:06
 10.6975, 3.94034,  439.449,  35.4569, 24 Jun 2024, 09:38:16
 10.6397, 3.93749,  448.224,  35.4802, 24 Jun 2024, 09:38:26
 10.5995, 3.93237,  457.740,  35.4634, 24 Jun 2024, 09:38:36
 10.5563, 3.92676,  465.650,  35.4451, 24 Jun 2024, 09:38:46
 10.5072, 3.92342,  475.908,  35.4544, 24 Jun 2024, 09:38:56
 10.4800, 3.92033,  484.930,  35.4456, 24 Jun 2024, 09:39:06
 10.4494, 3.91947,  494.323,  35.4624, 24 Jun 2024, 09:39:16
 10.4247, 3.91704,  503.592,  35.4576, 24 Jun 2024, 09:39:26
 10.3706, 3.91444,  513.603,  35.4794, 24 Jun 2024, 09:39:36
 10.3174, 3.90775,  522.625,  35.4593, 24 Jun 2024, 09:39:46
 10.2717, 3.90562,  532.512,  35.4777, 24 Jun 2024, 09:39:56
 10.2702, 3.90484,  541.163,  35.4674, 24 Jun 2024, 09:40:06
 10.2729, 3.90304,  546.601,  35.4441, 24 Jun 2024, 09:40:16
 10.2729, 3.90411,  545.365,  35.4555, 24 Jun 2024, 09:40:26
 10.2736, 3.90297,  544.995,  35.4434, 24 Jun 2024, 09:40:36
 10.2735, 3.90307,  544.871,  35.4446, 24 Jun 2024, 09:40:46
 10.2730, 3.90268,  544.377,  35.4413, 24 Jun 2024, 09:40:56
 10.2717, 3.90228,  541.163,  35.4400, 24 Jun 2024, 09:41:06
 10.2705, 3.90159,  532.141,  35.4382, 24 Jun 2024, 09:41:16
 10.2987, 3.90377,  521.760,  35.4375, 24 Jun 2024, 09:41:26
 10.3502, 3.90805,  512.738,  35.4349, 24 Jun 2024, 09:41:36
 10.3809, 3.90862,  506.929,  35.4135, 24 Jun 2024, 09:41:46
 10.3456, 3.90748,  506.929,  35.4362, 24 Jun 2024, 09:41:56
 10.3759, 3.90875,  506.929,  35.4197, 24 Jun 2024, 09:42:06
 10.3840, 3.91020,  506.435,  35.4267, 24 Jun 2024, 09:42:16
 10.3847, 3.91066,  506.558,  35.4306, 24 Jun 2024, 09:42:26
 10.3854, 3.91087,  506.805,  35.4319, 24 Jun 2024, 09:42:36
 10.3798, 3.91080,  506.805,  35.4367, 24 Jun 2024, 09:42:46
 10.3801, 3.91075,  507.053,  35.4358, 24 Jun 2024, 09:42:56
 10.3771, 3.91083,  507.547,  35.4393, 24 Jun 2024, 09:43:06
 10.3773, 3.91071,  507.176,  35.4380, 24 Jun 2024, 09:43:16
 10.3799, 3.91072,  506.682,  35.4358, 24 Jun 2024, 09:43:26
 10.3750, 3.91080,  507.423,  35.4411, 24 Jun 2024, 09:43:36
 10.3776, 3.91070,  506.929,  35.4377, 24 Jun 2024, 09:43:46
 10.3781, 3.91074,  506.435,  35.4379, 24 Jun 2024, 09:43:56
 10.3784, 3.91076,  506.805,  35.4376, 24 Jun 2024, 09:44:06
 10.3777, 3.91075,  507.176,  35.4380, 24 Jun 2024, 09:44:16
 10.3779, 3.91074,  506.805,  35.4379, 24 Jun 2024, 09:44:26
 10.3765, 3.91064,  506.558,  35.4384, 24 Jun 2024, 09:44:36
 10.3751, 3.91057,  505.940,  35.4393, 24 Jun 2024, 09:44:46
 10.3789, 3.91066,  505.570,  35.4367, 24 Jun 2024, 09:44:56
 10.3813, 3.91074,  505.446,  35.4352, 24 Jun 2024, 09:45:06
 10.3778, 3.91075,  505.322,  35.4388, 24 Jun 2024, 09:45:16
 10.3784, 3.91090,  505.570,  35.4396, 24 Jun 2024, 09:45:26
 10.3797, 3.91105,  505.817,  35.4397, 24 Jun 2024, 09:45:36
 10.3784, 3.91094,  506.064,  35.4398, 24 Jun 2024, 09:45:46
 10.3782, 3.91098,  505.817,  35.4405, 24 Jun 2024, 09:45:56
 10.3790, 3.91099,  505.570,  35.4399, 24 Jun 2024, 09:46:06
 10.3790, 3.91093,  506.064,  35.4391, 24 Jun 2024, 09:46:16
 10.3790, 3.91087,  506.064,  35.4385, 24 Jun 2024, 09:46:26
 10.3753, 3.91065,  505.075,  35.4403, 24 Jun 2024, 09:46:36
 10.3796, 3.91074,  504.704,  35.4372, 24 Jun 2024, 09:46:46
 10.3790, 3.91074,  505.570,  35.4374, 24 Jun 2024, 09:46:56
 10.3869, 3.91182,  501.491,  35.4425, 24 Jun 2024, 09:47:06
 10.4387, 3.91559,  491.110,  35.4350, 24 Jun 2024, 09:47:16
 10.4502, 3.91628,  481.470,  35.4351, 24 Jun 2024, 09:47:26
 10.4833, 3.91854,  473.560,  35.4294, 24 Jun 2024, 09:47:36
 10.5100, 3.92137,  463.796,  35.4365, 24 Jun 2024, 09:47:46
 10.5410, 3.92347,  456.257,  35.4310, 24 Jun 2024, 09:47:56
