odissea/data/moor/raw/tc24015/microcat_cal_dip/cast15/5510_Cal_Dip_Data.asc
* Sea-Bird SBE37 Data File:
* FileName = C:\Users\edaly\Documents\Cruise_material_data_misc\TC24015\ODISSEA_Deployment\TC24015_5510_predip_data.asc
* Software Version 1.59
* Temperature SN = 5510
* Conductivity SN = 5510
* System UpLoad Time = Jun 24 2024 12:30:04
** TC24015 pre-cal dip data download sn5510
* ds
*END*
[from data line 264]
 16.8675,-0.00007,    0.583,   0.0000, 24 Jun 2024, 08:20:46
 16.8482,-0.00008,    0.583,   0.0000, 24 Jun 2024, 08:20:56
 16.8180,-0.00008,    0.583,   0.0000, 24 Jun 2024, 08:21:06
 16.8144,-0.00008,    0.583,   0.0000, 24 Jun 2024, 08:21:16
 16.8085,-0.00008,    0.583,   0.0000, 24 Jun 2024, 08:21:26
 16.8275,-0.00007,    0.583,   0.0000, 24 Jun 2024, 08:21:36
 16.8125,-0.00008,    0.583,   0.0000, 24 Jun 2024, 08:21:46
 16.8184,-0.00008,    0.583,   0.0000, 24 Jun 2024, 08:21:56
 16.8036,-0.00008,    0.583,   0.0000, 24 Jun 2024, 08:22:06
 16.7941,-0.00008,    0.583,   0.0000, 24 Jun 2024, 08:22:16
 16.8045,-0.00008,    0.583,   0.0000, 24 Jun 2024, 08:22:26
 16.8129,-0.00008,    0.583,   0.0000, 24 Jun 2024, 08:22:36
 16.8192,-0.00008,    0.583,   0.0000, 24 Jun 2024, 08:22:46
 16.8245,-0.00007,    0.583,   0.0000, 24 Jun 2024, 08:22:56
 16.8167,-0.00008,    0.583,   0.0000, 24 Jun 2024, 08:23:06
 16.8204,-0.00008,    0.583,   0.0000, 24 Jun 2024, 08:23:16
 16.8374,-0.00007,    0.583,   0.0000, 24 Jun 2024, 08:23:26
 16.8424,-0.00007,    0.583,   0.0000, 24 Jun 2024, 08:23:36
 16.8238,-0.00007,    0.583,   0.0000, 24 Jun 2024, 08:23:46
 16.8175,-0.00007,    0.583,   0.0000, 24 Jun 2024, 08:23:56
 16.8256,-0.00007,    0.583,   0.0000, 24 Jun 2024, 08:24:06
 16.7882,-0.00007,    0.583,   0.0000, 24 Jun 2024, 08:24:16
 16.7720,-0.00007,    0.583,   0.0000, 24 Jun 2024, 08:24:26
 16.7508,-0.00008,    0.583,   0.0000, 24 Jun 2024, 08:24:36
 16.7577,-0.00008,    0.583,   0.0000, 24 Jun 2024, 08:24:46
 16.7732,-0.00008,    0.583,   0.0000, 24 Jun 2024, 08:24:56
 16.7623,-0.00008,    0.583,   0.0000, 24 Jun 2024, 08:25:06
 16.7774,-0.00007,    0.583,   0.0000, 24 Jun 2024, 08:25:16
 16.7749,-0.00007,    0.583,   0.0000, 24 Jun 2024, 08:25:26
 16.7592,-0.00007,    0.583,   0.0000, 24 Jun 2024, 08:25:36
 16.7482,-0.00007,    0.583,   0.0000, 24 Jun 2024, 08:25:46
 16.7528,-0.00008,    0.583,   0.0000, 24 Jun 2024, 08:25:56
 16.7550,-0.00007,    0.583,   0.0000, 24 Jun 2024, 08:26:06
 16.7570,-0.00007,    0.583,   0.0000, 24 Jun 2024, 08:26:16
 16.7659,-0.00007,    0.583,   0.0000, 24 Jun 2024, 08:26:26
 16.7520,-0.00007,    0.583,   0.0000, 24 Jun 2024, 08:26:36
 16.7246,-0.00007,    0.583,   0.0000, 24 Jun 2024, 08:26:46
 16.7231,-0.00007,    0.583,   0.0000, 24 Jun 2024, 08:26:56
 16.7267,-0.00007,    0.583,   0.0000, 24 Jun 2024, 08:27:06
 16.7466,-0.00007,    0.583,   0.0000, 24 Jun 2024, 08:27:16
 16.7317,-0.00007,    0.583,   0.0000, 24 Jun 2024, 08:27:26
 16.7263,-0.00007,    0.583,   0.0000, 24 Jun 2024, 08:27:36
 16.7392,-0.00007,    0.583,   0.0000, 24 Jun 2024, 08:27:46
 16.7496,-0.00007,    0.460,   0.0000, 24 Jun 2024, 08:27:56
 16.7485,-0.00007,    0.583,   0.0000, 24 Jun 2024, 08:28:06
 16.7478,-0.00007,    0.583,   0.0000, 24 Jun 2024, 08:28:16
 16.7296,-0.00007,    0.583,   0.0000, 24 Jun 2024, 08:28:26
 16.7282,-0.00007,    0.460,   0.0000, 24 Jun 2024, 08:28:36
 16.7283,-0.00007,    0.583,   0.0000, 24 Jun 2024, 08:28:46
 16.7235,-0.00007,    0.460,   0.0000, 24 Jun 2024, 08:28:56
 16.7205,-0.00007,    0.460,   0.0000, 24 Jun 2024, 08:29:06
 16.7120,-0.00007,    0.460,   0.0000, 24 Jun 2024, 08:29:16
 16.6905,-0.00007,    0.583,   0.0000, 24 Jun 2024, 08:29:26
 16.6674,-0.00007,    0.583,   0.0000, 24 Jun 2024, 08:29:36
 16.6740,-0.00007,    0.583,   0.0000, 24 Jun 2024, 08:29:46
 16.6663,-0.00007,    0.583,   0.0000, 24 Jun 2024, 08:29:56
 16.6595,-0.00007,    0.583,   0.0000, 24 Jun 2024, 08:30:06
 16.6571,-0.00007,    0.583,   0.0000, 24 Jun 2024, 08:30:16
 16.6401,-0.00007,    0.583,   0.0000, 24 Jun 2024, 08:30:26
 16.6505,-0.00007,    0.583,   0.0000, 24 Jun 2024, 08:30:36
 16.6527,-0.00007,    0.460,   0.0000, 24 Jun 2024, 08:30:46
 16.6618,-0.00007,    0.583,   0.0000, 24 Jun 2024, 08:30:56
 16.6589,-0.00007,    0.460,   0.0000, 24 Jun 2024, 08:31:06
 16.6735,-0.00007,    0.460,   0.0000, 24 Jun 2024, 08:31:16
 16.6879,-0.00007,    0.460,   0.0000, 24 Jun 2024, 08:31:26
 16.6935,-0.00007,    0.583,   0.0000, 24 Jun 2024, 08:31:36
 16.6677,-0.00007,    0.460,   0.0000, 24 Jun 2024, 08:31:46
 16.6707,-0.00007,    0.460,   0.0000, 24 Jun 2024, 08:31:56
 16.6433,-0.00007,    0.460,   0.0000, 24 Jun 2024, 08:32:06
 16.6383,-0.00007,    0.583,   0.0000, 24 Jun 2024, 08:32:16
 16.6323,-0.00007,    0.460,   0.0000, 24 Jun 2024, 08:32:26
 16.6326,-0.00007,    0.460,   0.0000, 24 Jun 2024, 08:32:36
 16.6292,-0.00007,    0.583,   0.0000, 24 Jun 2024, 08:32:46
 16.6469,-0.00007,    0.583,   0.0000, 24 Jun 2024, 08:32:56
 16.6588,-0.00007,    0.460,   0.0000, 24 Jun 2024, 08:33:06
 16.6557,-0.00007,    0.583,   0.0000, 24 Jun 2024, 08:33:16
 16.6547,-0.00007,    0.460,   0.0000, 24 Jun 2024, 08:33:26
 16.6549,-0.00007,    0.460,   0.0000, 24 Jun 2024, 08:33:36
 16.6564,-0.00007,    0.583,   0.0000, 24 Jun 2024, 08:33:46
 16.6813,-0.00006,    0.460,   0.0000, 24 Jun 2024, 08:33:56
 16.6580,-0.00007,    0.460,   0.0000, 24 Jun 2024, 08:34:06
 16.6490,-0.00007,    0.460,   0.0000, 24 Jun 2024, 08:34:16
 16.6496,-0.00007,    0.460,   0.0000, 24 Jun 2024, 08:34:26
 16.6638,-0.00007,    0.460,   0.0000, 24 Jun 2024, 08:34:36
 16.6794,-0.00006,    0.583,   0.0000, 24 Jun 2024, 08:34:46
 16.6864,-0.00006,    0.460,   0.0000, 24 Jun 2024, 08:34:56
 16.6936,-0.00006,    0.460,   0.0000, 24 Jun 2024, 08:35:06
 16.6992,-0.00007,    0.460,   0.0000, 24 Jun 2024, 08:35:16
 16.6699,-0.00007,    0.460,   0.0000, 24 Jun 2024, 08:35:26
 16.6782,-0.00007,    0.460,   0.0000, 24 Jun 2024, 08:35:36
 16.6717,-0.00007,    0.460,   0.0000, 24 Jun 2024, 08:35:46
 16.6648,-0.00007,    0.583,   0.0000, 24 Jun 2024, 08:35:56
 16.6771,-0.00007,    0.460,   0.0000, 24 Jun 2024, 08:36:06
 16.6700,-0.00006,    0.460,   0.0000, 24 Jun 2024, 08:36:16
 16.6628,-0.00007,    0.460,   0.0000, 24 Jun 2024, 08:36:26
 16.6675,-0.00007,    0.460,   0.0000, 24 Jun 2024, 08:36:36
 16.6723,-0.00006,    0.460,   0.0000, 24 Jun 2024, 08:36:46
 16.6777,-0.00006,    0.460,   0.0000, 24 Jun 2024, 08:36:56
 16.6693,-0.00006,    0.460,   0.0000, 24 Jun 2024, 08:37:06
 16.6638,-0.00006,    0.460,   0.0000, 24 Jun 2024, 08:37:16
 16.6658,-0.00006,    0.460,   0.0000, 24 Jun 2024, 08:37:26
 16.6710,-0.00006,    0.460,   0.0000, 24 Jun 2024, 08:37:36
 16.6630,-0.00006,    0.583,   0.0000, 24 Jun 2024, 08:37:46
 16.6452,-0.00006,    0.460,   0.0000, 24 Jun 2024, 08:37:56
 16.6502,-0.00006,    0.460,   0.0000, 24 Jun 2024, 08:38:06
 16.6461,-0.00006,    0.460,   0.0000, 24 Jun 2024, 08:38:16
 16.6476,-0.00006,    0.460,   0.0000, 24 Jun 2024, 08:38:26
 16.6540,-0.00006,    0.460,   0.0000, 24 Jun 2024, 08:38:36
 16.6459,-0.00006,    0.460,   0.0000, 24 Jun 2024, 08:38:46
 16.6512,-0.00006,    0.460,   0.0000, 24 Jun 2024, 08:38:56
 16.6590,-0.00006,    0.460,   0.0000, 24 Jun 2024, 08:39:06
 16.6490,-0.00006,    0.460,   0.0000, 24 Jun 2024, 08:39:16
 16.6447,-0.00006,    0.460,   0.0000, 24 Jun 2024, 08:39:26
 16.6418,-0.00006,    0.460,   0.0000, 24 Jun 2024, 08:39:36
 16.6159,-0.00006,    0.460,   0.0000, 24 Jun 2024, 08:39:46
 16.5821,-0.00007,    0.583,   0.0000, 24 Jun 2024, 08:39:56
 16.5910,-0.00007,    0.460,   0.0000, 24 Jun 2024, 08:40:06
 16.6148,-0.00006,    0.460,   0.0000, 24 Jun 2024, 08:40:16
 16.6181,-0.00006,    0.460,   0.0000, 24 Jun 2024, 08:40:26
 16.6151,-0.00006,    0.460,   0.0000, 24 Jun 2024, 08:40:36
 16.6313,-0.00006,    0.460,   0.0000, 24 Jun 2024, 08:40:46
 16.6408,-0.00006,    0.460,   0.0000, 24 Jun 2024, 08:40:56
 16.6401,-0.00006,    0.460,   0.0000, 24 Jun 2024, 08:41:06
 16.6419,-0.00006,    0.460,   0.0000, 24 Jun 2024, 08:41:16
 16.6372,-0.00006,    0.460,   0.0000, 24 Jun 2024, 08:41:26
 16.6490,-0.00006,    0.460,   0.0000, 24 Jun 2024, 08:41:36
 16.6496,-0.00006,    0.460,   0.0000, 24 Jun 2024, 08:41:46
 16.6601,-0.00006,    0.460,   0.0000, 24 Jun 2024, 08:41:56
 16.6620,-0.00006,    0.460,   0.0000, 24 Jun 2024, 08:42:06
 16.6517,-0.00006,    0.460,   0.0000, 24 Jun 2024, 08:42:16
 16.6304,-0.00006,    0.460,   0.0000, 24 Jun 2024, 08:42:26
 16.6366,-0.00006,    0.460,   0.0000, 24 Jun 2024, 08:42:36
 16.6457,-0.00006,    0.460,   0.0000, 24 Jun 2024, 08:42:46
 16.6471,-0.00006,    0.460,   0.0000, 24 Jun 2024, 08:42:56
 16.6481,-0.00006,    0.460,   0.0000, 24 Jun 2024, 08:43:06
 16.6289,-0.00006,    0.460,   0.0000, 24 Jun 2024, 08:43:16
 16.6122,-0.00006,    0.460,   0.0000, 24 Jun 2024, 08:43:26
 16.6121,-0.00006,    0.460,   0.0000, 24 Jun 2024, 08:43:36
 16.6284,-0.00006,    0.460,   0.0000, 24 Jun 2024, 08:43:46
 16.6369,-0.00006,    0.460,   0.0000, 24 Jun 2024, 08:43:56
 16.6269,-0.00006,    0.460,   0.0000, 24 Jun 2024, 08:44:06
 16.6247,-0.00006,    0.336,   0.0000, 24 Jun 2024, 08:44:16
 16.6292,-0.00006,    0.460,   0.0000, 24 Jun 2024, 08:44:26
 16.6305,-0.00006,    0.460,   0.0000, 24 Jun 2024, 08:44:36
 16.6291,-0.00006,    0.460,   0.0000, 24 Jun 2024, 08:44:46
 16.6239,-0.00006,    0.460,   0.0000, 24 Jun 2024, 08:44:56
 16.6150,-0.00006,    0.460,   0.0000, 24 Jun 2024, 08:45:06
 16.5971,-0.00006,    0.460,   0.0000, 24 Jun 2024, 08:45:16
 16.5997,-0.00006,    0.460,   0.0000, 24 Jun 2024, 08:45:26
 16.5961,-0.00006,    0.460,   0.0000, 24 Jun 2024, 08:45:36
 16.5890,-0.00006,    0.336,   0.0000, 24 Jun 2024, 08:45:46
 16.6034,-0.00006,    0.460,   0.0000, 24 Jun 2024, 08:45:56
 16.6178,-0.00006,    0.460,   0.0000, 24 Jun 2024, 08:46:06
 16.6037,-0.00006,    0.460,   0.0000, 24 Jun 2024, 08:46:16
 16.5838,-0.00006,    0.336,   0.0000, 24 Jun 2024, 08:46:26
 16.5828,-0.00006,    0.460,   0.0000, 24 Jun 2024, 08:46:36
 16.6000,-0.00006,    0.460,   0.0000, 24 Jun 2024, 08:46:46
 16.6074,-0.00006,    0.460,   0.0000, 24 Jun 2024, 08:46:56
 16.6114,-0.00006,    0.460,   0.0000, 24 Jun 2024, 08:47:06
 16.5968,-0.00006,    0.460,   0.0000, 24 Jun 2024, 08:47:16
 16.6101,-0.00006,    0.460,   0.0000, 24 Jun 2024, 08:47:26
 16.6239,-0.00006,    0.460,   0.0000, 24 Jun 2024, 08:47:36
 16.6265,-0.00006,    0.460,   0.0000, 24 Jun 2024, 08:47:46
 16.6359,-0.00006,    0.460,   0.0000, 24 Jun 2024, 08:47:56
 16.6211,-0.00006,    0.336,   0.0000, 24 Jun 2024, 08:48:06
 16.6086,-0.00006,    0.460,   0.0000, 24 Jun 2024, 08:48:16
 16.5981,-0.00006,    0.460,   0.0000, 24 Jun 2024, 08:48:26
 16.5744,-0.00006,    0.336,   0.0000, 24 Jun 2024, 08:48:36
 16.5751,-0.00006,    0.460,   0.0000, 24 Jun 2024, 08:48:46
 16.5778,-0.00006,    0.460,   0.0000, 24 Jun 2024, 08:48:56
 16.5695,-0.00006,    0.460,   0.0000, 24 Jun 2024, 08:49:06
 16.5778,-0.00006,    0.460,   0.0000, 24 Jun 2024, 08:49:16
 16.5806,-0.00006,    0.460,   0.0000, 24 Jun 2024, 08:49:26
 16.5917,-0.00006,    0.460,   0.0000, 24 Jun 2024, 08:49:36
 16.5976,-0.00006,    0.460,   0.0000, 24 Jun 2024, 08:49:46
 16.6015,-0.00006,    0.460,   0.0000, 24 Jun 2024, 08:49:56
 16.6010,-0.00006,    0.460,   0.0000, 24 Jun 2024, 08:50:06
 16.6020,-0.00006,    0.460,   0.0000, 24 Jun 2024, 08:50:16
 16.5987,-0.00006,    0.460,   0.0000, 24 Jun 2024, 08:50:26
 16.6023,-0.00006,    0.460,   0.0000, 24 Jun 2024, 08:50:36
 16.6104,-0.00006,    0.460,   0.0000, 24 Jun 2024, 08:50:46
 16.6183,-0.00006,    0.336,   0.0000, 24 Jun 2024, 08:50:56
 16.6262,-0.00006,    0.460,   0.0000, 24 Jun 2024, 08:51:06
 16.6153,-0.00006,    0.336,   0.0000, 24 Jun 2024, 08:51:16
 16.6138,-0.00006,    0.336,   0.0000, 24 Jun 2024, 08:51:26
 16.6034,-0.00006,    0.336,   0.0000, 24 Jun 2024, 08:51:36
 16.5896,-0.00006,    0.336,   0.0000, 24 Jun 2024, 08:51:46
 16.5852,-0.00005,    0.336,   0.0000, 24 Jun 2024, 08:51:56
 16.6023,-0.00005,    0.336,   0.0000, 24 Jun 2024, 08:52:06
 16.6054,-0.00005,    0.336,   0.0000, 24 Jun 2024, 08:52:16
 16.5814,-0.00006,    0.460,   0.0000, 24 Jun 2024, 08:52:26
 16.5706,-0.00006,    0.336,   0.0000, 24 Jun 2024, 08:52:36
 16.5577,-0.00006,    0.336,   0.0000, 24 Jun 2024, 08:52:46
 16.5600,-0.00006,    0.336,   0.0000, 24 Jun 2024, 08:52:56
 16.5644,-0.00006,    0.460,   0.0000, 24 Jun 2024, 08:53:06
 16.5679,-0.00006,    0.336,   0.0000, 24 Jun 2024, 08:53:16
 16.5746,-0.00006,    0.336,   0.0000, 24 Jun 2024, 08:53:26
 16.5812,-0.00006,    0.460,   0.0000, 24 Jun 2024, 08:53:36
 16.5793,-0.00006,    0.460,   0.0000, 24 Jun 2024, 08:53:46
 16.5859,-0.00006,    0.336,   0.0000, 24 Jun 2024, 08:53:56
 16.5881,-0.00005,    0.336,   0.0000, 24 Jun 2024, 08:54:06
 16.5760,-0.00006,    0.336,   0.0000, 24 Jun 2024, 08:54:16
 16.5748,-0.00006,    0.336,   0.0000, 24 Jun 2024, 08:54:26
 16.5761,-0.00006,    0.336,   0.0000, 24 Jun 2024, 08:54:36
 16.5724,-0.00005,    0.336,   0.0000, 24 Jun 2024, 08:54:46
 16.5532,-0.00006,    0.336,   0.0000, 24 Jun 2024, 08:54:56
 16.5455,-0.00006,    0.336,   0.0000, 24 Jun 2024, 08:55:06
 16.5427,-0.00005,    0.336,   0.0000, 24 Jun 2024, 08:55:16
 16.5505,-0.00006,    0.336,   0.0000, 24 Jun 2024, 08:55:26
 16.5552,-0.00005,    0.336,   0.0000, 24 Jun 2024, 08:55:36
 16.5529,-0.00006,    0.336,   0.0000, 24 Jun 2024, 08:55:46
 16.5478,-0.00005,    0.336,   0.0000, 24 Jun 2024, 08:55:56
 16.5432,-0.00006,    0.336,   0.0000, 24 Jun 2024, 08:56:06
 16.5464,-0.00006,    0.336,   0.0000, 24 Jun 2024, 08:56:16
 16.5369,-0.00005,    0.336,   0.0000, 24 Jun 2024, 08:56:26
 16.5393,-0.00005,    0.336,   0.0000, 24 Jun 2024, 08:56:36
 16.5256,-0.00005,    0.336,   0.0000, 24 Jun 2024, 08:56:46
 16.5252,-0.00006,    0.336,   0.0000, 24 Jun 2024, 08:56:56
 16.5318,-0.00006,    0.336,   0.0000, 24 Jun 2024, 08:57:06
 16.5421,-0.00005,    0.336,   0.0000, 24 Jun 2024, 08:57:16
 16.5412,-0.00005,    0.336,   0.0000, 24 Jun 2024, 08:57:26
 16.5292,-0.00005,    0.336,   0.0000, 24 Jun 2024, 08:57:36
 16.5225,-0.00006,    0.336,   0.0000, 24 Jun 2024, 08:57:46
 16.5289,-0.00006,    0.336,   0.0000, 24 Jun 2024, 08:57:56
 16.5147,-0.00005,    0.336,   0.0000, 24 Jun 2024, 08:58:06
 16.5150,-0.00005,    0.336,   0.0000, 24 Jun 2024, 08:58:16
 16.5227,-0.00005,    0.336,   0.0000, 24 Jun 2024, 08:58:26
 16.5181,-0.00006,    0.336,   0.0000, 24 Jun 2024, 08:58:36
 16.5126,-0.00006,    0.460,   0.0000, 24 Jun 2024, 08:58:46
 16.5229,-0.00005,    0.336,   0.0000, 24 Jun 2024, 08:58:56
 16.5326,-0.00005,    0.336,   0.0000, 24 Jun 2024, 08:59:06
 16.5320,-0.00005,    0.336,   0.0000, 24 Jun 2024, 08:59:16
 16.5121,-0.00006,    0.336,   0.0000, 24 Jun 2024, 08:59:26
 16.5071,-0.00006,    0.336,   0.0000, 24 Jun 2024, 08:59:36
 16.5096,-0.00006,    0.336,   0.0000, 24 Jun 2024, 08:59:46
 16.5145,-0.00006,    0.336,   0.0000, 24 Jun 2024, 08:59:56
 16.5156,-0.00005,    0.336,   0.0000, 24 Jun 2024, 09:00:06
 16.5177,-0.00005,    0.336,   0.0000, 24 Jun 2024, 09:00:16
 16.5143,-0.00006,    0.336,   0.0000, 24 Jun 2024, 09:00:26
 16.5159,-0.00005,    0.336,   0.0000, 24 Jun 2024, 09:00:36
 16.5294,-0.00005,    0.336,   0.0000, 24 Jun 2024, 09:00:46
 16.5384,-0.00005,    0.336,   0.0000, 24 Jun 2024, 09:00:56
 16.5381,-0.00005,    0.336,   0.0000, 24 Jun 2024, 09:01:06
 16.5367,-0.00005,    0.336,   0.0000, 24 Jun 2024, 09:01:16
 16.5236,-0.00005,    0.336,   0.0000, 24 Jun 2024, 09:01:26
 16.5231,-0.00005,    0.336,   0.0000, 24 Jun 2024, 09:01:36
 16.5331,-0.00005,    0.336,   0.0000, 24 Jun 2024, 09:01:46
 16.5378,-0.00005,    0.336,   0.0000, 24 Jun 2024, 09:01:56
 16.5419,-0.00005,    0.336,   0.0000, 24 Jun 2024, 09:02:06
 16.5425,-0.00005,    0.336,   0.0000, 24 Jun 2024, 09:02:16
 16.5477,-0.00005,    0.336,   0.0000, 24 Jun 2024, 09:02:26
 16.5534,-0.00005,    0.336,   0.0000, 24 Jun 2024, 09:02:36
 16.5482,-0.00005,    0.336,   0.0000, 24 Jun 2024, 09:02:46
 16.5445,-0.00005,    0.336,   0.0000, 24 Jun 2024, 09:02:56
 16.5432,-0.00005,    0.336,   0.0000, 24 Jun 2024, 09:03:06
 16.5491,-0.00005,    0.336,   0.0000, 24 Jun 2024, 09:03:16
 16.5339,-0.00005,    0.336,   0.0000, 24 Jun 2024, 09:03:26
 16.5338,-0.00005,    0.336,   0.0000, 24 Jun 2024, 09:03:36
 16.5296,-0.00005,    0.336,   0.0000, 24 Jun 2024, 09:03:46
 16.5331,-0.00005,    0.336,   0.0000, 24 Jun 2024, 09:03:56
 16.5369,-0.00005,    0.336,   0.0000, 24 Jun 2024, 09:04:06
 16.5246,-0.00005,    0.336,   0.0000, 24 Jun 2024, 09:04:16
