odissea/data/moor/raw/tc24015/microcat_cal_dip/cast15/5510_Cal_Dip_Data.asc
* Sea-Bird SBE37 Data File:
* FileName = C:\Users\edaly\Documents\Cruise_material_data_misc\TC24015\ODISSEA_Deployment\TC24015_5510_predip_data.asc
* Software Version 1.59
* Temperature SN = 5510
* Conductivity SN = 5510
* System UpLoad Time = Jun 24 2024 12:30:04
** TC24015 pre-cal dip data download sn5510
* ds
*END*
[from data line 1314]
 15.9949,-0.00007,    0.089,   0.0000, 24 Jun 2024, 11:15:45
 15.9997,-0.00006,   -0.035,   0.0000, 24 Jun 2024, 11:15:55
 15.9989,-0.00006,    0.089,   0.0000, 24 Jun 2024, 11:16:05
 15.9926,-0.00007,   -0.035,   0.0000, 24 Jun 2024, 11:16:15
 15.9965,-0.00006,   -0.035,   0.0000, 24 Jun 2024, 11:16:25
 15.9980,-0.00007,    0.089,   0.0000, 24 Jun 2024, 11:16:35
 15.9978,-0.00007,   -0.035,   0.0000, 24 Jun 2024, 11:16:45
 16.0020,-0.00007,    0.089,   0.0000, 24 Jun 2024, 11:16:55
 16.0041,-0.00006,    0.089,   0.0000, 24 Jun 2024, 11:17:05
 16.0086,-0.00007,   -0.035,   0.0000, 24 Jun 2024, 11:17:15
 16.0097,-0.00007,   -0.035,   0.0000, 24 Jun 2024, 11:17:25
 16.0210,-0.00007,   -0.035,   0.0000, 24 Jun 2024, 11:17:35
 16.0242,-0.00007,    0.089,   0.0000, 24 Jun 2024, 11:17:45
 16.0263,-0.00006,    0.089,   0.0000, 24 Jun 2024, 11:17:55
 16.0284,-0.00007,    0.089,   0.0000, 24 Jun 2024, 11:18:05
 16.0224,-0.00007,    0.089,   0.0000, 24 Jun 2024, 11:18:15
 16.0195,-0.00007,   -0.035,   0.0000, 24 Jun 2024, 11:18:25
 16.0171,-0.00007,    0.089,   0.0000, 24 Jun 2024, 11:18:35
 16.0156,-0.00007,    0.089,   0.0000, 24 Jun 2024, 11:18:45
 16.0207,-0.00007,   -0.035,   0.0000, 24 Jun 2024, 11:18:55
 16.0206,-0.00007,    0.089,   0.0000, 24 Jun 2024, 11:19:05
 16.0246,-0.00007,    0.089,   0.0000, 24 Jun 2024, 11:19:15
 16.0329,-0.00007,   -0.035,   0.0000, 24 Jun 2024, 11:19:25
 16.0385,-0.00007,    0.089,   0.0000, 24 Jun 2024, 11:19:35
 16.0319,-0.00007,    0.089,   0.0000, 24 Jun 2024, 11:19:45
 16.0368,-0.00007,    0.089,   0.0000, 24 Jun 2024, 11:19:55
 16.0417,-0.00007,   -0.035,   0.0000, 24 Jun 2024, 11:20:05
 16.0340,-0.00007,    0.089,   0.0000, 24 Jun 2024, 11:20:15
 16.0352,-0.00006,    0.089,   0.0000, 24 Jun 2024, 11:20:25
 16.0377,-0.00007,    0.089,   0.0000, 24 Jun 2024, 11:20:35
 16.0361,-0.00007,    0.089,   0.0000, 24 Jun 2024, 11:20:45
 16.0373,-0.00007,    0.089,   0.0000, 24 Jun 2024, 11:20:55
 16.0354,-0.00007,    0.089,   0.0000, 24 Jun 2024, 11:21:05
 16.0376,-0.00007,    0.089,   0.0000, 24 Jun 2024, 11:21:15
 16.0331,-0.00007,    0.089,   0.0000, 24 Jun 2024, 11:21:25
 16.0341,-0.00007,   -0.035,   0.0000, 24 Jun 2024, 11:21:35
 16.0336,-0.00007,    0.089,   0.0000, 24 Jun 2024, 11:21:45
 16.0385,-0.00007,    0.089,   0.0000, 24 Jun 2024, 11:21:55
 16.0420,-0.00007,    0.089,   0.0000, 24 Jun 2024, 11:22:05
 16.0380,-0.00007,    0.089,   0.0000, 24 Jun 2024, 11:22:15
 16.0368,-0.00007,    0.089,   0.0000, 24 Jun 2024, 11:22:25
 16.0354,-0.00007,    0.089,   0.0000, 24 Jun 2024, 11:22:35
 16.0373,-0.00007,    0.089,   0.0000, 24 Jun 2024, 11:22:45
 16.0392,-0.00007,    0.089,   0.0000, 24 Jun 2024, 11:22:55
 16.0420,-0.00007,    0.089,   0.0000, 24 Jun 2024, 11:23:05
 16.0425,-0.00007,    0.089,   0.0000, 24 Jun 2024, 11:23:15
 16.0358,-0.00007,    0.089,   0.0000, 24 Jun 2024, 11:23:25
 16.0358,-0.00007,    0.089,   0.0000, 24 Jun 2024, 11:23:35
 16.0389,-0.00007,    0.089,   0.0000, 24 Jun 2024, 11:23:45
 16.0377,-0.00007,    0.089,   0.0000, 24 Jun 2024, 11:23:55
 16.0424,-0.00007,    0.089,   0.0000, 24 Jun 2024, 11:24:05
 16.0367,-0.00007,    0.089,   0.0000, 24 Jun 2024, 11:24:15
 16.0375,-0.00007,    0.089,   0.0000, 24 Jun 2024, 11:24:25
 16.0309,-0.00007,    0.089,   0.0000, 24 Jun 2024, 11:24:35
 16.0377,-0.00007,    0.089,   0.0000, 24 Jun 2024, 11:24:45
 16.0443,-0.00007,    0.089,   0.0000, 24 Jun 2024, 11:24:55
 16.0480,-0.00007,    0.089,   0.0000, 24 Jun 2024, 11:25:05
 16.0741,-0.00007,    0.089,   0.0000, 24 Jun 2024, 11:25:15
 16.1539,-0.00006,    0.089,   0.0000, 24 Jun 2024, 11:25:25
 16.1808,-0.00006,    0.089,   0.0000, 24 Jun 2024, 11:25:35
 16.1844,-0.00006,    0.089,   0.0000, 24 Jun 2024, 11:25:45
 16.1739,-0.00006,    0.089,   0.0000, 24 Jun 2024, 11:25:55
 16.1783,-0.00006,    0.089,   0.0000, 24 Jun 2024, 11:26:05
 16.1873,-0.00006,    0.089,   0.0000, 24 Jun 2024, 11:26:15
 16.1695,-0.00006,    0.089,   0.0000, 24 Jun 2024, 11:26:25
 16.1758,-0.00006,   -0.035,   0.0000, 24 Jun 2024, 11:26:35
 16.1823,-0.00006,    0.089,   0.0000, 24 Jun 2024, 11:26:45
 16.1840,-0.00006,   -0.035,   0.0000, 24 Jun 2024, 11:26:55
 16.1855,-0.00006,   -0.035,   0.0000, 24 Jun 2024, 11:27:05
