odissea/data/moor/raw/tc24015/microcat_cal_dip/cast15/7923_Cal_Dip_Data.cnv
* Sea-Bird SBE37SM-RS232  Data File:
* FileName = C:\Users\sa01nf\OneDrive - SAMS\ODISSEA\TC24015\mooring\MooringThings\CALDIP_files\SBE37SM-RS232_03707923_2024_06_24.hex
* Software version SeatermV2 2.8.0.119
* Temperature SN = 7923
* Conductivity SN = 7923
* System UpLoad Time = Jun 24 2024 12:28:35
* sample interval = 10 seconds
* <ApplicationData>
# nquan = 5
# nvalues = 1364                                  
# units = specified
# name 0 = prdM: Pressure, Strain Gauge [db]
# name 1 = tv290C: Temperature [ITS-90, deg C]
# name 2 = cond0S/m: Conductivity [S/m]
# name 3 = timeK: Time, Instrument [seconds]
# name 4 = flag:  0.000e+00
# span 0 =      0.239,    543.071                 
# span 1 =    10.2695,    17.9487                 
# span 2 =   0.000014,   4.340487                 
# span 3 =  772533637,  772547267                 
# span 4 = 0.0000e+00, 0.0000e+00                 
# interval = seconds: 10
# start_time = Jun 24 2024 08:40:37 [Instrument's time stamp, first data scan]
# bad_flag = -9.990e-29
*END*
[from data line 572]
      0.771    16.5339   0.000128  772539357  0.000e+00
      0.802    16.4934   0.000128  772539367  0.000e+00
      0.795    16.4640   0.000128  772539377  0.000e+00
      0.771    16.4813   0.000128  772539387  0.000e+00
      0.795    16.5076   0.000124  772539397  0.000e+00
      0.795    16.5177   0.000128  772539407  0.000e+00
      0.795    16.5215   0.000124  772539417  0.000e+00
      0.802    16.4204   0.000128  772539427  0.000e+00
      0.771    16.4314   0.000128  772539437  0.000e+00
      0.818    16.4675   0.000128  772539447  0.000e+00
      0.795    16.4897   0.000128  772539457  0.000e+00
      0.771    16.4968   0.000124  772539467  0.000e+00
      0.779    16.4924   0.000128  772539477  0.000e+00
      0.771    16.5147   0.000128  772539487  0.000e+00
      0.771    16.5337   0.000128  772539497  0.000e+00
      0.795    16.5491   0.000128  772539507  0.000e+00
      0.748    16.5624   0.000128  772539517  0.000e+00
      0.795    16.5429   0.000128  772539527  0.000e+00
      0.795    16.5607   0.000128  772539537  0.000e+00
      0.771    16.5736   0.000128  772539547  0.000e+00
      0.771    16.5812   0.000128  772539557  0.000e+00
      0.795    16.5936   0.000124  772539567  0.000e+00
      0.779    16.6054   0.000128  772539577  0.000e+00
      0.779    16.5935   0.000128  772539587  0.000e+00
      0.802    16.5310   0.000128  772539597  0.000e+00
      0.771    16.4432   0.000128  772539607  0.000e+00
      0.771    16.4776   0.000128  772539617  0.000e+00
      0.748    16.4951   0.000128  772539627  0.000e+00
      0.802    16.5155   0.000128  772539637  0.000e+00
      0.748    16.5180   0.000128  772539647  0.000e+00
      0.771    16.5366   0.000128  772539657  0.000e+00
      0.795    16.5527   0.000128  772539667  0.000e+00
      0.779    16.5403   0.000128  772539677  0.000e+00
      0.771    16.5397   0.000124  772539687  0.000e+00
      0.771    16.5525   0.000124  772539697  0.000e+00
      0.795    16.5028   0.000128  772539707  0.000e+00
      0.779    16.4662   0.000128  772539717  0.000e+00
      0.748    16.4398   0.000128  772539727  0.000e+00
      0.795    16.4291   0.000128  772539737  0.000e+00
      0.748    16.4635   0.000128  772539747  0.000e+00
      0.771    16.4955   0.000128  772539757  0.000e+00
      0.779    16.5106   0.000128  772539767  0.000e+00
      0.748    16.5028   0.000128  772539777  0.000e+00
      0.802    16.5081   0.000128  772539787  0.000e+00
      0.748    16.5020   0.000128  772539797  0.000e+00
      0.795    16.5327   0.000128  772539807  0.000e+00
      0.771    16.5512   0.000128  772539817  0.000e+00
      0.771    16.5593   0.000128  772539827  0.000e+00
      0.748    16.5346   0.000128  772539837  0.000e+00
      0.771    16.5429   0.000128  772539847  0.000e+00
      0.771    16.5602   0.000128  772539857  0.000e+00
      0.748    16.5722   0.000128  772539867  0.000e+00
      0.779    16.5713   0.000128  772539877  0.000e+00
      0.771    16.5615   0.000128  772539887  0.000e+00
      0.771    16.5137   0.000128  772539897  0.000e+00
      0.771    16.4874   0.000131  772539907  0.000e+00
      0.756    16.4750   0.000128  772539917  0.000e+00
      0.771    16.4979   0.000128  772539927  0.000e+00
      0.795    16.4880   0.000128  772539937  0.000e+00
      0.771    16.4324   0.000128  772539947  0.000e+00
      0.771    16.3880   0.000128  772539957  0.000e+00
      0.756    16.4454   0.000128  772539967  0.000e+00
      0.771    16.4415   0.000131  772539977  0.000e+00
      0.795    16.3758   0.000131  772539987  0.000e+00
      0.724    16.3159   0.000127  772539997  0.000e+00
      0.779    16.3548   0.000131  772540007  0.000e+00
      0.795    16.3849   0.000131  772540017  0.000e+00
      0.771    16.3947   0.000124  772540027  0.000e+00
      0.771    16.3199   0.000124  772540037  0.000e+00
      0.748    16.2214   0.000124  772540047  0.000e+00
      0.771    16.1096   0.000124  772540057  0.000e+00
      0.818    15.9537   0.000124  772540067  0.000e+00
      0.795    15.8507   0.000124  772540077  0.000e+00
      0.779    15.7592   0.000124  772540087  0.000e+00
      0.795    15.6967   0.000124  772540097  0.000e+00
      0.818    14.0756   1.859191  772540107  0.000e+00
      4.173    14.0464   4.282604  772540117  0.000e+00
      6.202    14.0472   4.323430  772540127  0.000e+00
      6.608    14.0407   4.340487  772540137  0.000e+00
      6.116    14.0455   4.310278  772540147  0.000e+00
      6.514    14.0425   4.328554  772540157  0.000e+00
      6.678    14.0375   4.322342  772540167  0.000e+00
      3.642    14.0420   4.320571  772540177  0.000e+00
      2.011    14.0421   4.310834  772540187  0.000e+00
      1.379    14.0483   4.102006  772540197  0.000e+00
      1.511    14.0479   4.275935  772540207  0.000e+00
      1.488    14.0445   4.096753  772540217  0.000e+00
      2.650    14.0406   4.263824  772540227  0.000e+00
     11.201    14.0365   4.274314  772540237  0.000e+00
     20.292    14.0285   4.250076  772540247  0.000e+00
     28.337    13.8958   4.228742  772540257  0.000e+00
     36.819    13.5853   4.208079  772540267  0.000e+00
     45.286    13.3204   4.177494  772540277  0.000e+00
     54.659    12.4377   4.105945  772540287  0.000e+00
     64.227    12.2692   4.085627  772540297  0.000e+00
     73.367    12.0326   4.064340  772540307  0.000e+00
     82.843    11.8561   4.046895  772540317  0.000e+00
     92.312    11.7246   4.035820  772540327  0.000e+00
    102.413    11.6980   4.032431  772540337  0.000e+00
    112.195    11.4973   4.013424  772540347  0.000e+00
    121.759    11.4644   4.009073  772540357  0.000e+00
    130.581    11.4308   4.005588  772540367  0.000e+00
    140.129    11.3808   4.000593  772540377  0.000e+00
    150.100    11.3423   3.996726  772540387  0.000e+00
    159.602    11.3203   3.993962  772540397  0.000e+00
    168.449    11.2726   3.990405  772540407  0.000e+00
    177.742    11.2635   3.989166  772540417  0.000e+00
    186.566    11.2554   3.988832  772540427  0.000e+00
    196.586    11.2305   3.985615  772540437  0.000e+00
    206.536    11.2165   3.984749  772540447  0.000e+00
    214.571    11.1975   3.982654  772540457  0.000e+00
    223.930    11.1828   3.981745  772540467  0.000e+00
    232.668    11.1753   3.981475  772540477  0.000e+00
    241.659    11.1592   3.979802  772540487  0.000e+00
    251.963    11.1460   3.978930  772540497  0.000e+00
    260.579    11.1370   3.978344  772540507  0.000e+00
    270.040    11.1228   3.977366  772540517  0.000e+00
    278.727    11.1135   3.976549  772540527  0.000e+00
    288.353    11.0810   3.973461  772540537  0.000e+00
    298.378    11.0680   3.972793  772540547  0.000e+00
    307.231    11.0578   3.972074  772540557  0.000e+00
    316.225    11.0430   3.970550  772540567  0.000e+00
    324.773    11.0290   3.969839  772540577  0.000e+00
    334.495    11.0086   3.967769  772540587  0.000e+00
    343.812    10.9803   3.965447  772540597  0.000e+00
    352.972    10.9474   3.962573  772540607  0.000e+00
    360.578    10.9390   3.961974  772540617  0.000e+00
    370.395    10.9226   3.960886  772540627  0.000e+00
    379.181    10.8885   3.957733  772540637  0.000e+00
    389.416    10.8400   3.952679  772540647  0.000e+00
    399.816    10.8067   3.950039  772540657  0.000e+00
    409.072    10.7758   3.947938  772540667  0.000e+00
    418.769    10.7529   3.945985  772540677  0.000e+00
    428.237    10.7132   3.941426  772540687  0.000e+00
    437.982    10.6857   3.940151  772540697  0.000e+00
    445.967    10.6388   3.934135  772540707  0.000e+00
    454.920    10.6045   3.931612  772540717  0.000e+00
    463.563    10.5475   3.927443  772540727  0.000e+00
    473.216    10.5166   3.923555  772540737  0.000e+00
    482.875    10.4773   3.920330  772540747  0.000e+00
    492.336    10.4479   3.918382  772540757  0.000e+00
    501.831    10.4167   3.915822  772540767  0.000e+00
    511.252    10.3659   3.911339  772540777  0.000e+00
    521.001    10.3111   3.907270  772540787  0.000e+00
    529.864    10.2712   3.903543  772540797  0.000e+00
    539.280    10.2712   3.904026  772540807  0.000e+00
    543.071    10.2726   3.903687  772540817  0.000e+00
    542.348    10.2730   3.903436  772540827  0.000e+00
    541.644    10.2726   3.903408  772540837  0.000e+00
    542.072    10.2718   3.903547  772540847  0.000e+00
    541.748    10.2710   3.903123  772540857  0.000e+00
    537.714    10.2707   3.902996  772540867  0.000e+00
    528.284    10.2695   3.902345  772540877  0.000e+00
    518.450    10.2980   3.904464  772540887  0.000e+00
    509.228    10.3508   3.908797  772540897  0.000e+00
    504.185    10.3799   3.910354  772540907  0.000e+00
    504.495    10.3828   3.911183  772540917  0.000e+00
    505.457    10.3830   3.911434  772540927  0.000e+00
    505.087    10.3838   3.911678  772540937  0.000e+00
    504.340    10.3836   3.911775  772540947  0.000e+00
    505.336    10.3826   3.911643  772540957  0.000e+00
    504.678    10.3791   3.911497  772540967  0.000e+00
    505.265    10.3786   3.911448  772540977  0.000e+00
    505.158    10.3759   3.911316  772540987  0.000e+00
    505.369    10.3763   3.911232  772540997  0.000e+00
    505.632    10.3774   3.911344  772541007  0.000e+00
    505.538    10.3748   3.911246  772541017  0.000e+00
    505.449    10.3757   3.911226  772541027  0.000e+00
    504.909    10.3768   3.911281  772541037  0.000e+00
    505.524    10.3762   3.911267  772541047  0.000e+00
    505.970    10.3749   3.911163  772541057  0.000e+00
    505.857    10.3751   3.911198  772541067  0.000e+00
    505.510    10.3752   3.911281  772541077  0.000e+00
    504.172    10.3763   3.911232  772541087  0.000e+00
    504.388    10.3774   3.911253  772541097  0.000e+00
    504.697    10.3787   3.911413  772541107  0.000e+00
    504.134    10.3779   3.911406  772541117  0.000e+00
    504.392    10.3775   3.911378  772541127  0.000e+00
    504.373    10.3780   3.911413  772541137  0.000e+00
    504.420    10.3757   3.911302  772541147  0.000e+00
    504.401    10.3767   3.911337  772541157  0.000e+00
    504.448    10.3777   3.911357  772541167  0.000e+00
    505.012    10.3756   3.911260  772541177  0.000e+00
    506.021    10.3754   3.911191  772541187  0.000e+00
    503.749    10.3768   3.911190  772541197  0.000e+00
    504.364    10.3772   3.911371  772541207  0.000e+00
    505.228    10.3749   3.911232  772541217  0.000e+00
    499.246    10.3991   3.912999  772541227  0.000e+00
    489.221    10.4357   3.915643  772541237  0.000e+00
    479.714    10.4589   3.916935  772541247  0.000e+00
    471.475    10.4830   3.918911  772541257  0.000e+00
    461.269    10.5217   3.921988  772541267  0.000e+00
    453.547    10.5448   3.924084  772541277  0.000e+00
    444.492    10.5983   3.928977  772541287  0.000e+00
    435.475    10.6417   3.933112  772541297  0.000e+00
    427.191    10.6645   3.935168  772541307  0.000e+00
    418.274    10.6957   3.938237  772541317  0.000e+00
    407.978    10.7400   3.942137  772541327  0.000e+00
    398.691    10.7724   3.944887  772541337  0.000e+00
    389.372    10.8127   3.948595  772541347  0.000e+00
    379.941    10.8338   3.950255  772541357  0.000e+00
    369.948    10.8739   3.953923  772541367  0.000e+00
    361.085    10.9095   3.957431  772541377  0.000e+00
    351.984    10.9392   3.960318  772541387  0.000e+00
    343.160    10.9500   3.960651  772541397  0.000e+00
    334.482    10.9848   3.964407  772541407  0.000e+00
    324.449    11.0081   3.966455  772541417  0.000e+00
    314.501    11.0310   3.968328  772541427  0.000e+00
    305.403    11.0462   3.969635  772541437  0.000e+00
    296.661    11.0567   3.970381  772541447  0.000e+00
    287.226    11.0701   3.971422  772541457  0.000e+00
    277.056    11.0890   3.972861  772541467  0.000e+00
    268.166    11.1089   3.974729  772541477  0.000e+00
    258.887    11.1279   3.976373  772541487  0.000e+00
    252.370    11.1340   3.976462  772541497  0.000e+00
    250.959    11.1341   3.976447  772541507  0.000e+00
    251.306    11.1324   3.976517  772541517  0.000e+00
    251.774    11.1329   3.976665  772541527  0.000e+00
    251.985    11.1343   3.976931  772541537  0.000e+00
    251.470    11.1340   3.976952  772541547  0.000e+00
    251.259    11.1343   3.977001  772541557  0.000e+00
    251.634    11.1343   3.977043  772541567  0.000e+00
    251.066    11.1345   3.977015  772541577  0.000e+00
    251.348    11.1348   3.977078  772541587  0.000e+00
    251.095    11.1352   3.977099  772541597  0.000e+00
    250.387    11.1353   3.977064  772541607  0.000e+00
    250.452    11.1354   3.977141  772541617  0.000e+00
    250.546    11.1359   3.977134  772541627  0.000e+00
    251.455    11.1355   3.977156  772541637  0.000e+00
    250.452    11.1355   3.977099  772541647  0.000e+00
    252.041    11.1354   3.977163  772541657  0.000e+00
    251.033    11.1348   3.977127  772541667  0.000e+00
    251.432    11.1355   3.977141  772541677  0.000e+00
    251.193    11.1351   3.977127  772541687  0.000e+00
    251.708    11.1345   3.977107  772541697  0.000e+00
    251.357    11.1348   3.977120  772541707  0.000e+00
    251.380    11.1354   3.977113  772541717  0.000e+00
    251.966    11.1347   3.977114  772541727  0.000e+00
    251.544    11.1347   3.977099  772541737  0.000e+00
    252.201    11.1347   3.977149  772541747  0.000e+00
    252.060    11.1343   3.977114  772541757  0.000e+00
    251.610    11.1345   3.977107  772541767  0.000e+00
    249.898    11.1354   3.977092  772541777  0.000e+00
    250.813    11.1352   3.977148  772541787  0.000e+00
    251.323    11.1353   3.977155  772541797  0.000e+00
    251.985    11.1350   3.977163  772541807  0.000e+00
    251.703    11.1350   3.977121  772541817  0.000e+00
    245.773    11.1387   3.977273  772541827  0.000e+00
    235.923    11.1503   3.977963  772541837  0.000e+00
    226.970    11.1701   3.979446  772541847  0.000e+00
    218.509    11.1789   3.979976  772541857  0.000e+00
    209.205    11.1895   3.980709  772541867  0.000e+00
    199.803    11.2075   3.982066  772541877  0.000e+00
    190.106    11.2252   3.983612  772541887  0.000e+00
    180.710    11.2503   3.985686  772541897  0.000e+00
    170.747    11.2592   3.986313  772541907  0.000e+00
    160.790    11.2727   3.987362  772541917  0.000e+00
    152.262    11.3220   3.991950  772541927  0.000e+00
    143.149    11.3424   3.993850  772541937  0.000e+00
    133.972    11.3691   3.996143  772541947  0.000e+00
    124.714    11.4107   3.999912  772541957  0.000e+00
    115.186    11.4512   4.003725  772541967  0.000e+00
    105.977    11.4682   4.004425  772541977  0.000e+00
     99.953    11.5404   4.010175  772541987  0.000e+00
    100.257    11.5536   4.012652  772541997  0.000e+00
    100.632    11.5576   4.012370  772542007  0.000e+00
    101.223    11.5446   4.012300  772542017  0.000e+00
    101.007    11.5404   4.011991  772542027  0.000e+00
    100.328    11.5505   4.012905  772542037  0.000e+00
    100.843    11.5533   4.012990  772542047  0.000e+00
    100.328    11.5466   4.012096  772542057  0.000e+00
     99.742    11.5526   4.013215  772542067  0.000e+00
    100.650    11.5532   4.012863  772542077  0.000e+00
    100.107    11.5534   4.012708  772542087  0.000e+00
    100.018    11.5552   4.012982  772542097  0.000e+00
     99.849    11.5524   4.013194  772542107  0.000e+00
    100.481    11.5352   4.011020  772542117  0.000e+00
    101.038    11.5297   4.010591  772542127  0.000e+00
    100.898    11.5220   4.009831  772542137  0.000e+00
     99.638    11.5195   4.009373  772542147  0.000e+00
     99.984    11.5245   4.010738  772542157  0.000e+00
    100.031    11.5298   4.010379  772542167  0.000e+00
    100.523    11.5173   4.009205  772542177  0.000e+00
     99.703    11.5278   4.010140  772542187  0.000e+00
    100.471    11.5261   4.009992  772542197  0.000e+00
