odissea/data/moor/raw/tc24015/microcat_cal_dip/cast15/7923_Cal_Dip_Data.cnv
* Sea-Bird SBE37SM-RS232  Data File:
* FileName = C:\Users\sa01nf\OneDrive - SAMS\ODISSEA\TC24015\mooring\MooringThings\CALDIP_files\SBE37SM-RS232_03707923_2024_06_24.hex
* Software version SeatermV2 2.8.0.119
* Temperature SN = 7923
* Conductivity SN = 7923
* System UpLoad Time = Jun 24 2024 12:28:35
* sample interval = 10 seconds
* <ApplicationData>
# nquan = 5
# nvalues = 1364                                  
# units = specified
# name 0 = prdM: Pressure, Strain Gauge [db]
# name 1 = tv290C: Temperature [ITS-90, deg C]
# name 2 = cond0S/m: Conductivity [S/m]
# name 3 = timeK: Time, Instrument [seconds]
# name 4 = flag:  0.000e+00
# span 0 =      0.239,    543.071                 
# span 1 =    10.2695,    17.9487                 
# span 2 =   0.000014,   4.340487                 
# span 3 =  772533637,  772547267                 
# span 4 = 0.0000e+00, 0.0000e+00                 
# interval = seconds: 10
# start_time = Jun 24 2024 08:40:37 [Instrument's time stamp, first data scan]
# bad_flag = -9.990e-29
*END*
[from data line 286]
      0.757    16.7167   0.000124  772536497  0.000e+00
      0.757    16.7217   0.000128  772536507  0.000e+00
      0.733    16.7059   0.000124  772536517  0.000e+00
      0.757    16.6202   0.000124  772536527  0.000e+00
      0.757    16.6475   0.000124  772536537  0.000e+00
      0.733    16.6803   0.000124  772536547  0.000e+00
      0.733    16.6971   0.000128  772536557  0.000e+00
      0.757    16.7191   0.000124  772536567  0.000e+00
      0.757    16.7235   0.000124  772536577  0.000e+00
      0.764    16.7196   0.000128  772536587  0.000e+00
      0.757    16.7248   0.000124  772536597  0.000e+00
      0.757    16.7449   0.000124  772536607  0.000e+00
      0.741    16.7070   0.000124  772536617  0.000e+00
      0.764    16.7041   0.000124  772536627  0.000e+00
      0.718    16.7091   0.000124  772536637  0.000e+00
      0.741    16.7171   0.000124  772536647  0.000e+00
      0.764    16.6802   0.000124  772536657  0.000e+00
      0.764    16.6557   0.000121  772536667  0.000e+00
      0.741    16.6593   0.000124  772536677  0.000e+00
      0.741    16.6701   0.000124  772536687  0.000e+00
      0.764    16.6629   0.000124  772536697  0.000e+00
      0.764    16.6532   0.000124  772536707  0.000e+00
      0.764    16.6547   0.000124  772536717  0.000e+00
      0.741    16.6745   0.000124  772536727  0.000e+00
      0.788    16.6895   0.000124  772536737  0.000e+00
      0.749    16.7071   0.000124  772536747  0.000e+00
      0.772    16.7174   0.000124  772536757  0.000e+00
      0.741    16.7238   0.000124  772536767  0.000e+00
      0.772    16.7290   0.000124  772536777  0.000e+00
      0.741    16.7232   0.000124  772536787  0.000e+00
      0.772    16.7034   0.000124  772536797  0.000e+00
      0.749    16.6799   0.000124  772536807  0.000e+00
      0.772    16.6086   0.000124  772536817  0.000e+00
      0.780    16.6129   0.000124  772536827  0.000e+00
      0.772    16.6416   0.000124  772536837  0.000e+00
      0.780    16.6301   0.000124  772536847  0.000e+00
      0.725    16.6480   0.000121  772536857  0.000e+00
      0.772    16.6712   0.000121  772536867  0.000e+00
      0.796    16.6760   0.000124  772536877  0.000e+00
      0.772    16.6844   0.000121  772536887  0.000e+00
      0.757    16.6898   0.000121  772536897  0.000e+00
      0.780    16.6832   0.000124  772536907  0.000e+00
      0.757    16.6664   0.000124  772536917  0.000e+00
      0.780    16.6590   0.000121  772536927  0.000e+00
      0.780    16.6609   0.000124  772536937  0.000e+00
      0.772    16.6541   0.000124  772536947  0.000e+00
      0.780    16.6565   0.000124  772536957  0.000e+00
      0.788    16.6165   0.000124  772536967  0.000e+00
      0.780    16.6458   0.000124  772536977  0.000e+00
      0.757    16.6614   0.000124  772536987  0.000e+00
      0.764    16.6369   0.000124  772536997  0.000e+00
      0.764    16.6396   0.000124  772537007  0.000e+00
      0.788    16.6293   0.000121  772537017  0.000e+00
      0.764    16.6330   0.000121  772537027  0.000e+00
      0.757    16.6492   0.000124  772537037  0.000e+00
      0.764    16.6572   0.000124  772537047  0.000e+00
      0.764    16.6535   0.000124  772537057  0.000e+00
      0.764    16.6662   0.000124  772537067  0.000e+00
      0.764    16.6824   0.000121  772537077  0.000e+00
      0.757    16.5690   0.000121  772537087  0.000e+00
      0.796    16.5196   0.000121  772537097  0.000e+00
      0.764    16.5374   0.000121  772537107  0.000e+00
      0.764    16.5399   0.000121  772537117  0.000e+00
      0.764    16.5607   0.000124  772537127  0.000e+00
      0.796    16.5723   0.000124  772537137  0.000e+00
      0.764    16.5256   0.000124  772537147  0.000e+00
      0.764    16.5532   0.000124  772537157  0.000e+00
      0.764    16.5356   0.000124  772537167  0.000e+00
      0.749    16.5653   0.000124  772537177  0.000e+00
      0.764    16.5970   0.000124  772537187  0.000e+00
      0.764    16.5500   0.000124  772537197  0.000e+00
      0.788    16.4640   0.000124  772537207  0.000e+00
      0.796    16.4156   0.000124  772537217  0.000e+00
      0.796    16.4251   0.000124  772537227  0.000e+00
      0.764    16.4381   0.000124  772537237  0.000e+00
      0.796    16.4811   0.000124  772537247  0.000e+00
      0.796    16.5134   0.000124  772537257  0.000e+00
      0.764    16.5341   0.000124  772537267  0.000e+00
      0.796    16.5438   0.000124  772537277  0.000e+00
      0.803    16.5619   0.000124  772537287  0.000e+00
      0.772    16.5742   0.000124  772537297  0.000e+00
      0.796    16.5261   0.000124  772537307  0.000e+00
      0.796    16.5441   0.000124  772537317  0.000e+00
      0.796    16.5373   0.000124  772537327  0.000e+00
      0.772    16.5385   0.000124  772537337  0.000e+00
      0.796    16.5235   0.000128  772537347  0.000e+00
      0.772    16.5188   0.000128  772537357  0.000e+00
      0.772    16.5167   0.000124  772537367  0.000e+00
      0.772    16.5264   0.000124  772537377  0.000e+00
      0.756    16.5535   0.000124  772537387  0.000e+00
      0.756    16.4757   0.000124  772537397  0.000e+00
      0.803    16.4601   0.000128  772537407  0.000e+00
      0.796    16.4847   0.000128  772537417  0.000e+00
      0.803    16.5155   0.000128  772537427  0.000e+00
      0.772    16.5407   0.000124  772537437  0.000e+00
      0.772    16.5453   0.000124  772537447  0.000e+00
      0.780    16.5457   0.000124  772537457  0.000e+00
      0.780    16.5420   0.000128  772537467  0.000e+00
      0.780    16.5634   0.000124  772537477  0.000e+00
      0.803    16.5828   0.000124  772537487  0.000e+00
      0.780    16.5868   0.000128  772537497  0.000e+00
      0.780    16.5524   0.000128  772537507  0.000e+00
      0.780    16.5570   0.000124  772537517  0.000e+00
      0.788    16.5675   0.000124  772537527  0.000e+00
      0.780    16.5623   0.000128  772537537  0.000e+00
      0.811    16.5537   0.000128  772537547  0.000e+00
      0.780    16.5524   0.000128  772537557  0.000e+00
      0.811    16.5294   0.000128  772537567  0.000e+00
      0.803    16.5364   0.000128  772537577  0.000e+00
      0.780    16.5558   0.000124  772537587  0.000e+00
      0.811    16.5737   0.000124  772537597  0.000e+00
      0.788    16.5763   0.000128  772537607  0.000e+00
      0.788    16.5821   0.000124  772537617  0.000e+00
      0.811    16.5887   0.000124  772537627  0.000e+00
      0.788    16.5880   0.000124  772537637  0.000e+00
      0.803    16.5960   0.000124  772537647  0.000e+00
      0.764    16.5936   0.000124  772537657  0.000e+00
      0.788    16.6066   0.000124  772537667  0.000e+00
      0.788    16.6108   0.000124  772537677  0.000e+00
      0.764    16.5776   0.000124  772537687  0.000e+00
      0.795    16.5639   0.000124  772537697  0.000e+00
      0.788    16.5568   0.000124  772537707  0.000e+00
      0.788    16.5539   0.000128  772537717  0.000e+00
      0.772    16.5714   0.000124  772537727  0.000e+00
      0.788    16.5698   0.000124  772537737  0.000e+00
      0.788    16.5841   0.000128  772537747  0.000e+00
      0.764    16.5805   0.000124  772537757  0.000e+00
      0.764    16.5996   0.000124  772537767  0.000e+00
      0.788    16.5546   0.000124  772537777  0.000e+00
      0.788    16.5405   0.000124  772537787  0.000e+00
      0.795    16.5478   0.000124  772537797  0.000e+00
      0.819    16.5763   0.000124  772537807  0.000e+00
      0.772    16.5973   0.000124  772537817  0.000e+00
      0.795    16.6109   0.000124  772537827  0.000e+00
      0.795    16.6174   0.000124  772537837  0.000e+00
      0.788    16.6230   0.000128  772537847  0.000e+00
      0.795    16.6233   0.000124  772537857  0.000e+00
      0.772    16.6038   0.000128  772537867  0.000e+00
      0.741    16.5929   0.000124  772537877  0.000e+00
      0.772    16.5995   0.000124  772537887  0.000e+00
      0.764    16.6073   0.000124  772537897  0.000e+00
      0.795    16.6174   0.000124  772537907  0.000e+00
      0.795    16.6250   0.000124  772537917  0.000e+00
      0.772    16.6353   0.000124  772537927  0.000e+00
      0.795    16.5852   0.000128  772537937  0.000e+00
      0.772    16.5630   0.000128  772537947  0.000e+00
      0.772    16.5861   0.000128  772537957  0.000e+00
      0.795    16.6030   0.000124  772537967  0.000e+00
      0.772    16.6151   0.000124  772537977  0.000e+00
      0.772    16.6264   0.000128  772537987  0.000e+00
      0.772    16.6038   0.000124  772537997  0.000e+00
      0.795    16.6182   0.000128  772538007  0.000e+00
      0.795    16.6190   0.000124  772538017  0.000e+00
      0.795    16.6133   0.000124  772538027  0.000e+00
      0.772    16.6303   0.000124  772538037  0.000e+00
      0.803    16.6386   0.000124  772538047  0.000e+00
      0.795    16.5964   0.000124  772538057  0.000e+00
      0.803    16.5964   0.000128  772538067  0.000e+00
      0.779    16.6017   0.000124  772538077  0.000e+00
      0.795    16.5421   0.000124  772538087  0.000e+00
      0.756    16.5462   0.000128  772538097  0.000e+00
      0.803    16.5396   0.000124  772538107  0.000e+00
      0.772    16.5554   0.000128  772538117  0.000e+00
      0.779    16.5713   0.000124  772538127  0.000e+00
      0.756    16.5856   0.000124  772538137  0.000e+00
      0.803    16.5966   0.000124  772538147  0.000e+00
      0.803    16.6093   0.000124  772538157  0.000e+00
      0.772    16.6136   0.000124  772538167  0.000e+00
      0.756    16.5719   0.000128  772538177  0.000e+00
      0.795    16.5502   0.000128  772538187  0.000e+00
      0.795    16.5722   0.000128  772538197  0.000e+00
      0.772    16.5296   0.000128  772538207  0.000e+00
      0.756    16.4568   0.000128  772538217  0.000e+00
      0.779    16.4145   0.000124  772538227  0.000e+00
      0.803    16.4047   0.000128  772538237  0.000e+00
      0.779    16.4039   0.000128  772538247  0.000e+00
      0.748    16.4084   0.000128  772538257  0.000e+00
      0.779    16.4217   0.000124  772538267  0.000e+00
      0.779    16.4410   0.000128  772538277  0.000e+00
      0.756    16.4478   0.000128  772538287  0.000e+00
      0.779    16.4805   0.000128  772538297  0.000e+00
      0.779    16.5005   0.000124  772538307  0.000e+00
      0.787    16.5032   0.000128  772538317  0.000e+00
      0.779    16.5235   0.000128  772538327  0.000e+00
      0.779    16.5332   0.000128  772538337  0.000e+00
      0.787    16.5248   0.000124  772538347  0.000e+00
      0.787    16.5301   0.000128  772538357  0.000e+00
      0.779    16.5338   0.000128  772538367  0.000e+00
      0.779    16.5349   0.000128  772538377  0.000e+00
      0.779    16.4988   0.000124  772538387  0.000e+00
      0.779    16.4964   0.000128  772538397  0.000e+00
      0.779    16.5198   0.000128  772538407  0.000e+00
      0.756    16.5059   0.000128  772538417  0.000e+00
      0.811    16.5244   0.000128  772538427  0.000e+00
      0.756    16.5364   0.000128  772538437  0.000e+00
      0.811    16.5230   0.000128  772538447  0.000e+00
      0.779    16.5385   0.000128  772538457  0.000e+00
      0.779    16.5593   0.000124  772538467  0.000e+00
      0.787    16.5560   0.000128  772538477  0.000e+00
      0.756    16.5189   0.000128  772538487  0.000e+00
      0.803    16.4928   0.000128  772538497  0.000e+00
      0.803    16.5230   0.000128  772538507  0.000e+00
      0.779    16.5246   0.000124  772538517  0.000e+00
      0.803    16.5453   0.000124  772538527  0.000e+00
      0.803    16.5345   0.000124  772538537  0.000e+00
      0.756    16.5126   0.000124  772538547  0.000e+00
      0.787    16.5367   0.000128  772538557  0.000e+00
      0.811    16.5481   0.000124  772538567  0.000e+00
      0.756    16.5321   0.000124  772538577  0.000e+00
      0.779    16.5478   0.000124  772538587  0.000e+00
      0.787    16.5681   0.000124  772538597  0.000e+00
      0.811    16.5638   0.000128  772538607  0.000e+00
      0.771    16.5624   0.000124  772538617  0.000e+00
      0.787    16.5487   0.000124  772538627  0.000e+00
      0.811    16.5572   0.000124  772538637  0.000e+00
      0.764    16.5345   0.000128  772538647  0.000e+00
      0.764    16.5325   0.000124  772538657  0.000e+00
      0.764    16.5504   0.000124  772538667  0.000e+00
      0.811    16.5564   0.000124  772538677  0.000e+00
      0.787    16.5669   0.000128  772538687  0.000e+00
      0.787    16.5182   0.000128  772538697  0.000e+00
      0.787    16.5392   0.000128  772538707  0.000e+00
      0.811    16.5551   0.000124  772538717  0.000e+00
      0.756    16.5636   0.000124  772538727  0.000e+00
      0.764    16.5445   0.000124  772538737  0.000e+00
      0.803    16.5182   0.000128  772538747  0.000e+00
      0.764    16.4503   0.000124  772538757  0.000e+00
      0.764    16.4895   0.000128  772538767  0.000e+00
      0.756    16.4928   0.000128  772538777  0.000e+00
      0.818    16.4186   0.000128  772538787  0.000e+00
      0.764    16.4126   0.000128  772538797  0.000e+00
      0.787    16.4436   0.000128  772538807  0.000e+00
      0.764    16.4746   0.000128  772538817  0.000e+00
      0.787    16.4577   0.000128  772538827  0.000e+00
      0.787    16.4788   0.000128  772538837  0.000e+00
      0.787    16.5032   0.000128  772538847  0.000e+00
      0.811    16.5176   0.000128  772538857  0.000e+00
      0.764    16.5279   0.000128  772538867  0.000e+00
      0.795    16.5004   0.000128  772538877  0.000e+00
      0.787    16.4689   0.000128  772538887  0.000e+00
      0.771    16.4913   0.000128  772538897  0.000e+00
      0.795    16.5094   0.000128  772538907  0.000e+00
      0.764    16.5205   0.000128  772538917  0.000e+00
      0.764    16.5009   0.000128  772538927  0.000e+00
      0.803    16.4174   0.000124  772538937  0.000e+00
      0.787    16.4457   0.000128  772538947  0.000e+00
      0.764    16.4687   0.000124  772538957  0.000e+00
      0.787    16.4557   0.000128  772538967  0.000e+00
      0.764    16.4843   0.000128  772538977  0.000e+00
      0.795    16.4676   0.000124  772538987  0.000e+00
      0.795    16.4212   0.000124  772538997  0.000e+00
      0.795    16.4151   0.000124  772539007  0.000e+00
      0.771    16.4328   0.000124  772539017  0.000e+00
      0.787    16.4503   0.000128  772539027  0.000e+00
      0.795    16.4737   0.000128  772539037  0.000e+00
      0.787    16.4992   0.000124  772539047  0.000e+00
      0.787    16.5111   0.000124  772539057  0.000e+00
      0.771    16.5191   0.000124  772539067  0.000e+00
      0.787    16.5229   0.000128  772539077  0.000e+00
      0.795    16.4493   0.000124  772539087  0.000e+00
      0.764    16.4638   0.000128  772539097  0.000e+00
      0.787    16.4914   0.000124  772539107  0.000e+00
      0.795    16.5021   0.000128  772539117  0.000e+00
      0.787    16.5021   0.000124  772539127  0.000e+00
      0.787    16.4861   0.000124  772539137  0.000e+00
      0.764    16.5058   0.000124  772539147  0.000e+00
      0.787    16.5127   0.000128  772539157  0.000e+00
      0.795    16.5094   0.000124  772539167  0.000e+00
      0.787    16.5261   0.000128  772539177  0.000e+00
      0.795    16.5415   0.000124  772539187  0.000e+00
      0.818    16.5258   0.000128  772539197  0.000e+00
      0.795    16.5340   0.000128  772539207  0.000e+00
      0.787    16.5274   0.000128  772539217  0.000e+00
      0.748    16.4948   0.000128  772539227  0.000e+00
      0.771    16.4411   0.000124  772539237  0.000e+00
      0.771    16.3774   0.000128  772539247  0.000e+00
      0.764    16.3592   0.000131  772539257  0.000e+00
      0.771    16.3451   0.000128  772539267  0.000e+00
      0.818    16.3777   0.000128  772539277  0.000e+00
      0.771    16.4037   0.000128  772539287  0.000e+00
      0.771    16.4324   0.000128  772539297  0.000e+00
      0.771    16.4555   0.000128  772539307  0.000e+00
      0.771    16.4748   0.000128  772539317  0.000e+00
      0.771    16.4910   0.000128  772539327  0.000e+00
      0.818    16.5054   0.000128  772539337  0.000e+00
