odissea/data/moor/raw/tc24015/microcat_cal_dip/cast15/7923_Cal_Dip_Data.cnv
* Sea-Bird SBE37SM-RS232  Data File:
* FileName = C:\Users\sa01nf\OneDrive - SAMS\ODISSEA\TC24015\mooring\MooringThings\CALDIP_files\SBE37SM-RS232_03707923_2024_06_24.hex
* Software version SeatermV2 2.8.0.119
* Temperature SN = 7923
* Conductivity SN = 7923
* System UpLoad Time = Jun 24 2024 12:28:35
* sample interval = 10 seconds
* <ApplicationData>
# nquan = 5
# nvalues = 1364                                  
# units = specified
# name 0 = prdM: Pressure, Strain Gauge [db]
# name 1 = tv290C: Temperature [ITS-90, deg C]
# name 2 = cond0S/m: Conductivity [S/m]
# name 3 = timeK: Time, Instrument [seconds]
# name 4 = flag:  0.000e+00
# span 0 =      0.239,    543.071                 
# span 1 =    10.2695,    17.9487                 
# span 2 =   0.000014,   4.340487                 
# span 3 =  772533637,  772547267                 
# span 4 = 0.0000e+00, 0.0000e+00                 
# interval = seconds: 10
# start_time = Jun 24 2024 08:40:37 [Instrument's time stamp, first data scan]
# bad_flag = -9.990e-29
*END*
[from data line 1143]
      0.710    15.4694   0.000027  772545067  0.000e+00
      0.733    15.4729   0.000027  772545077  0.000e+00
      0.740    15.4776   0.000027  772545087  0.000e+00
      0.733    15.4607   0.000024  772545097  0.000e+00
      0.717    15.4570   0.000027  772545107  0.000e+00
      0.710    15.4343   0.000027  772545117  0.000e+00
      0.710    15.4440   0.000027  772545127  0.000e+00
      0.710    15.4565   0.000027  772545137  0.000e+00
      0.710    15.4470   0.000027  772545147  0.000e+00
      0.686    15.4481   0.000027  772545157  0.000e+00
      0.686    15.4583   0.000027  772545167  0.000e+00
      0.703    15.4537   0.000027  772545177  0.000e+00
      0.679    15.4654   0.000027  772545187  0.000e+00
      0.703    15.4716   0.000027  772545197  0.000e+00
      0.710    15.5147   0.000027  772545207  0.000e+00
      0.703    15.5095   0.000027  772545217  0.000e+00
      0.710    15.5239   0.000027  772545227  0.000e+00
      0.703    15.5582   0.000027  772545237  0.000e+00
      0.726    15.5728   0.000027  772545247  0.000e+00
      0.726    15.5778   0.000027  772545257  0.000e+00
      0.703    15.5723   0.000027  772545267  0.000e+00
      0.703    15.5800   0.000027  772545277  0.000e+00
      0.719    15.5850   0.000027  772545287  0.000e+00
      0.696    15.5870   0.000027  772545297  0.000e+00
      0.703    15.5918   0.000027  772545307  0.000e+00
      0.672    15.5999   0.000027  772545317  0.000e+00
      0.672    15.6031   0.000027  772545327  0.000e+00
      0.696    15.5925   0.000027  772545337  0.000e+00
      0.696    15.5726   0.000027  772545347  0.000e+00
      0.719    15.5862   0.000027  772545357  0.000e+00
      0.672    15.5964   0.000027  772545367  0.000e+00
      0.696    15.6013   0.000027  772545377  0.000e+00
      0.719    15.6048   0.000027  772545387  0.000e+00
      0.689    15.6042   0.000027  772545397  0.000e+00
      0.696    15.6109   0.000027  772545407  0.000e+00
      0.696    15.6169   0.000027  772545417  0.000e+00
      0.712    15.6142   0.000024  772545427  0.000e+00
      0.712    15.6009   0.000027  772545437  0.000e+00
      0.712    15.6152   0.000027  772545447  0.000e+00
      0.682    15.6208   0.000027  772545457  0.000e+00
      0.719    15.6266   0.000027  772545467  0.000e+00
      0.712    15.6222   0.000027  772545477  0.000e+00
      0.705    15.6276   0.000027  772545487  0.000e+00
      0.712    15.6327   0.000027  772545497  0.000e+00
      0.682    15.6557   0.000027  772545507  0.000e+00
      0.658    15.6463   0.000027  772545517  0.000e+00
      0.705    15.6784   0.000024  772545527  0.000e+00
      0.682    15.6718   0.000027  772545537  0.000e+00
      0.658    15.6675   0.000024  772545547  0.000e+00
      0.712    15.6687   0.000027  772545557  0.000e+00
      0.705    15.6545   0.000027  772545567  0.000e+00
      0.705    15.6456   0.000027  772545577  0.000e+00
      0.682    15.6498   0.000027  772545587  0.000e+00
      0.705    15.6524   0.000027  772545597  0.000e+00
      0.698    15.6611   0.000027  772545607  0.000e+00
      0.705    15.6502   0.000027  772545617  0.000e+00
      0.698    15.6356   0.000027  772545627  0.000e+00
      0.674    15.6302   0.000027  772545637  0.000e+00
      0.698    15.6297   0.000027  772545647  0.000e+00
      0.674    15.6316   0.000027  772545657  0.000e+00
      0.698    15.6367   0.000027  772545667  0.000e+00
      0.698    15.6485   0.000027  772545677  0.000e+00
      0.698    15.6722   0.000027  772545687  0.000e+00
      0.705    15.6773   0.000027  772545697  0.000e+00
      0.667    15.6780   0.000027  772545707  0.000e+00
      0.691    15.6895   0.000027  772545717  0.000e+00
      0.698    15.7013   0.000027  772545727  0.000e+00
      0.667    15.6914   0.000024  772545737  0.000e+00
      0.667    15.7055   0.000027  772545747  0.000e+00
      0.698    15.7085   0.000027  772545757  0.000e+00
      0.691    15.7248   0.000027  772545767  0.000e+00
      0.691    15.7162   0.000027  772545777  0.000e+00
      0.714    15.7142   0.000027  772545787  0.000e+00
      0.667    15.7089   0.000027  772545797  0.000e+00
      0.667    15.7043   0.000027  772545807  0.000e+00
      0.714    15.6932   0.000027  772545817  0.000e+00
      0.691    15.7044   0.000027  772545827  0.000e+00
      0.660    15.6923   0.000027  772545837  0.000e+00
      0.684    15.6939   0.000027  772545847  0.000e+00
      0.684    15.6830   0.000027  772545857  0.000e+00
      0.691    15.6976   0.000027  772545867  0.000e+00
      0.660    15.6961   0.000027  772545877  0.000e+00
      0.730    15.7109   0.000027  772545887  0.000e+00
      0.691    15.7297   0.000027  772545897  0.000e+00
      0.707    15.7288   0.000027  772545907  0.000e+00
      0.684    15.7430   0.000027  772545917  0.000e+00
      0.707    15.7368   0.000027  772545927  0.000e+00
      0.684    15.7408   0.000027  772545937  0.000e+00
      0.676    15.7538   0.000027  772545947  0.000e+00
      0.730    15.7637   0.000027  772545957  0.000e+00
      0.684    15.7530   0.000027  772545967  0.000e+00
      0.653    15.7641   0.000027  772545977  0.000e+00
      0.676    15.7626   0.000027  772545987  0.000e+00
      0.700    15.7979   0.000027  772545997  0.000e+00
      0.700    15.8182   0.000027  772546007  0.000e+00
      0.723    15.8326   0.000027  772546017  0.000e+00
      0.707    15.8260   0.000027  772546027  0.000e+00
      0.707    15.8456   0.000027  772546037  0.000e+00
      0.700    15.8464   0.000024  772546047  0.000e+00
      0.700    15.8565   0.000027  772546057  0.000e+00
      0.700    15.8550   0.000027  772546067  0.000e+00
      0.676    15.8692   0.000027  772546077  0.000e+00
      0.700    15.8714   0.000027  772546087  0.000e+00
      0.700    15.8566   0.000027  772546097  0.000e+00
      0.723    15.8500   0.000027  772546107  0.000e+00
      0.669    15.8573   0.000027  772546117  0.000e+00
      0.669    15.8782   0.000027  772546127  0.000e+00
      0.700    15.8688   0.000027  772546137  0.000e+00
      0.700    15.8705   0.000027  772546147  0.000e+00
      0.723    15.8828   0.000027  772546157  0.000e+00
      0.693    15.8874   0.000027  772546167  0.000e+00
      0.693    15.8897   0.000027  772546177  0.000e+00
      0.693    15.8644   0.000027  772546187  0.000e+00
      0.716    15.8690   0.000027  772546197  0.000e+00
      0.716    15.8849   0.000027  772546207  0.000e+00
      0.693    15.8754   0.000027  772546217  0.000e+00
      0.693    15.8858   0.000027  772546227  0.000e+00
      0.716    15.8912   0.000027  772546237  0.000e+00
      0.693    15.8992   0.000027  772546247  0.000e+00
      0.709    15.9032   0.000027  772546257  0.000e+00
      0.716    15.9061   0.000027  772546267  0.000e+00
      0.716    15.9000   0.000027  772546277  0.000e+00
      0.709    15.9086   0.000027  772546287  0.000e+00
      0.709    15.9105   0.000027  772546297  0.000e+00
      0.709    15.9248   0.000027  772546307  0.000e+00
      0.732    15.9318   0.000027  772546317  0.000e+00
      0.685    15.9284   0.000027  772546327  0.000e+00
      0.709    15.9273   0.000027  772546337  0.000e+00
      0.693    15.9450   0.000027  772546347  0.000e+00
      0.678    15.9417   0.000027  772546357  0.000e+00
      0.685    15.9422   0.000024  772546367  0.000e+00
      0.716    15.9517   0.000027  772546377  0.000e+00
      0.685    15.9524   0.000027  772546387  0.000e+00
      0.702    15.9409   0.000027  772546397  0.000e+00
      0.709    15.9403   0.000027  772546407  0.000e+00
      0.702    15.9380   0.000027  772546417  0.000e+00
      0.685    15.9348   0.000027  772546427  0.000e+00
      0.702    15.9479   0.000027  772546437  0.000e+00
      0.678    15.9544   0.000027  772546447  0.000e+00
      0.725    15.9613   0.000027  772546457  0.000e+00
      0.702    15.9651   0.000027  772546467  0.000e+00
      0.702    15.9646   0.000027  772546477  0.000e+00
      0.702    15.9701   0.000027  772546487  0.000e+00
      0.678    15.9642   0.000027  772546497  0.000e+00
      0.725    15.9690   0.000027  772546507  0.000e+00
      0.709    15.9734   0.000027  772546517  0.000e+00
      0.709    15.9773   0.000027  772546527  0.000e+00
      0.694    15.9714   0.000027  772546537  0.000e+00
      0.702    15.9757   0.000027  772546547  0.000e+00
      0.694    15.9821   0.000027  772546557  0.000e+00
      0.718    15.9839   0.000027  772546567  0.000e+00
      0.718    15.9857   0.000027  772546577  0.000e+00
      0.671    15.9874   0.000027  772546587  0.000e+00
      0.694    15.9950   0.000027  772546597  0.000e+00
      0.671    15.9996   0.000027  772546607  0.000e+00
      0.678    15.9970   0.000027  772546617  0.000e+00
      0.718    15.9980   0.000027  772546627  0.000e+00
      0.718    15.9963   0.000027  772546637  0.000e+00
      0.694    15.9727   0.000027  772546647  0.000e+00
      0.694    15.9831   0.000027  772546657  0.000e+00
      0.694    15.9850   0.000027  772546667  0.000e+00
      0.694    15.9977   0.000027  772546677  0.000e+00
      0.694    15.9806   0.000027  772546687  0.000e+00
      0.694    15.9805   0.000027  772546697  0.000e+00
      0.711    15.9741   0.000027  772546707  0.000e+00
      0.664    15.9844   0.000027  772546717  0.000e+00
      0.687    15.9804   0.000027  772546727  0.000e+00
      0.718    15.9814   0.000027  772546737  0.000e+00
      0.694    15.9826   0.000027  772546747  0.000e+00
      0.687    15.9911   0.000027  772546757  0.000e+00
      0.687    15.9908   0.000027  772546767  0.000e+00
      0.687    15.9961   0.000027  772546777  0.000e+00
      0.694    16.0085   0.000027  772546787  0.000e+00
      0.694    16.0136   0.000027  772546797  0.000e+00
      0.687    16.0257   0.000027  772546807  0.000e+00
      0.711    16.0245   0.000027  772546817  0.000e+00
      0.711    16.0300   0.000027  772546827  0.000e+00
      0.711    16.0356   0.000027  772546837  0.000e+00
      0.694    16.0441   0.000027  772546847  0.000e+00
      0.711    16.0506   0.000027  772546857  0.000e+00
      0.687    16.0535   0.000027  772546867  0.000e+00
      0.711    16.0582   0.000027  772546877  0.000e+00
      0.718    16.0666   0.000027  772546887  0.000e+00
      0.711    16.0665   0.000027  772546897  0.000e+00
      0.711    16.0529   0.000027  772546907  0.000e+00
      0.711    16.0578   0.000030  772546917  0.000e+00
      0.711    16.0683   0.000027  772546927  0.000e+00
      0.703    16.0767   0.000027  772546937  0.000e+00
      0.711    16.0783   0.000027  772546947  0.000e+00
      0.727    16.0803   0.000027  772546957  0.000e+00
      0.703    16.0863   0.000027  772546967  0.000e+00
      0.711    16.0873   0.000030  772546977  0.000e+00
      0.711    16.0841   0.000027  772546987  0.000e+00
      0.703    16.0910   0.000030  772546997  0.000e+00
      0.711    16.0961   0.000027  772547007  0.000e+00
      0.727    16.0931   0.000027  772547017  0.000e+00
      0.703    16.0903   0.000027  772547027  0.000e+00
      0.703    16.0795   0.000027  772547037  0.000e+00
      0.703    16.0553   0.000027  772547047  0.000e+00
      0.703    16.0544   0.000027  772547057  0.000e+00
      0.727    16.0603   0.000027  772547067  0.000e+00
      0.696    16.0760   0.000027  772547077  0.000e+00
      0.703    16.0716   0.000027  772547087  0.000e+00
      0.727    16.0751   0.000027  772547097  0.000e+00
      0.703    16.0697   0.000027  772547107  0.000e+00
      0.680    16.0617   0.000027  772547117  0.000e+00
      0.703    16.0436   0.000027  772547127  0.000e+00
      0.719    16.0396   0.000027  772547137  0.000e+00
      0.696    16.0525   0.000027  772547147  0.000e+00
      0.743    16.0630   0.000027  772547157  0.000e+00
      0.719    16.0476   0.000027  772547167  0.000e+00
      0.696    16.0427   0.000027  772547177  0.000e+00
      0.696    16.0443   0.000027  772547187  0.000e+00
      0.703    16.0494   0.000027  772547197  0.000e+00
      0.743    16.0185   0.000027  772547207  0.000e+00
      0.696    16.0089   0.000027  772547217  0.000e+00
      0.696    16.0234   0.000027  772547227  0.000e+00
      0.673    16.0179   0.000027  772547237  0.000e+00
      0.719    16.0026   0.000027  772547247  0.000e+00
      0.719    15.9976   0.000027  772547257  0.000e+00
      0.696    16.0117   0.000027  772547267  0.000e+00
