odissea/data/moor/raw/tc24015/microcat_cal_dip/cast15/7923_Cal_Dip_Data.cnv
* Sea-Bird SBE37SM-RS232  Data File:
* FileName = C:\Users\sa01nf\OneDrive - SAMS\ODISSEA\TC24015\mooring\MooringThings\CALDIP_files\SBE37SM-RS232_03707923_2024_06_24.hex
* Software version SeatermV2 2.8.0.119
* Temperature SN = 7923
* Conductivity SN = 7923
* System UpLoad Time = Jun 24 2024 12:28:35
* sample interval = 10 seconds
* <ApplicationData>
# nquan = 5
# nvalues = 1364                                  
# units = specified
# name 0 = prdM: Pressure, Strain Gauge [db]
# name 1 = tv290C: Temperature [ITS-90, deg C]
# name 2 = cond0S/m: Conductivity [S/m]
# name 3 = timeK: Time, Instrument [seconds]
# name 4 = flag:  0.000e+00
# span 0 =      0.239,    543.071                 
# span 1 =    10.2695,    17.9487                 
# span 2 =   0.000014,   4.340487                 
# span 3 =  772533637,  772547267                 
# span 4 = 0.0000e+00, 0.0000e+00                 
# interval = seconds: 10
# start_time = Jun 24 2024 08:40:37 [Instrument's time stamp, first data scan]
# bad_flag = -9.990e-29
*END*
[from data line 858]
     99.768    11.5220   4.009563  772542217  0.000e+00
    100.705    11.5198   4.009711  772542227  0.000e+00
    100.934    11.5123   4.008909  772542237  0.000e+00
    100.442    11.5125   4.008740  772542247  0.000e+00
    100.330    11.5405   4.011118  772542257  0.000e+00
    100.442    11.5434   4.010654  772542267  0.000e+00
     99.875    11.5300   4.009809  772542277  0.000e+00
     99.763    11.5365   4.011188  772542287  0.000e+00
    101.046    11.5235   4.009585  772542297  0.000e+00
     94.161    11.6027   4.017668  772542307  0.000e+00
     85.613    11.6328   4.018002  772542317  0.000e+00
     76.340    11.7385   4.027190  772542327  0.000e+00
     66.763    11.8723   4.040987  772542337  0.000e+00
     57.702    12.0710   4.059976  772542347  0.000e+00
     51.001    12.3368   4.079116  772542357  0.000e+00
     49.624    12.3524   4.087067  772542367  0.000e+00
     50.420    12.3818   4.086968  772542377  0.000e+00
     50.345    12.3979   4.089761  772542387  0.000e+00
     50.064    12.3980   4.090179  772542397  0.000e+00
     50.064    12.3987   4.090733  772542407  0.000e+00
     50.387    12.3482   4.084607  772542417  0.000e+00
     50.223    12.3108   4.085671  772542427  0.000e+00
     50.316    12.3615   4.090598  772542437  0.000e+00
     50.030    12.3044   4.084693  772542447  0.000e+00
     49.632    12.4012   4.090534  772542457  0.000e+00
     48.391    12.3933   4.090406  772542467  0.000e+00
     48.948    12.4061   4.091456  772542477  0.000e+00
     48.732    12.4059   4.091682  772542487  0.000e+00
     49.124    12.4056   4.091668  772542497  0.000e+00
     49.223    12.3988   4.091250  772542507  0.000e+00
     49.405    12.4018   4.091406  772542517  0.000e+00
     48.773    12.3984   4.091300  772542527  0.000e+00
     49.470    12.4034   4.091619  772542537  0.000e+00
     48.979    12.4025   4.091534  772542547  0.000e+00
     48.926    12.4058   4.091732  772542557  0.000e+00
     49.249    12.4081   4.091938  772542567  0.000e+00
     49.717    12.4083   4.091988  772542577  0.000e+00
     49.548    12.4083   4.092030  772542587  0.000e+00
     48.705    12.4048   4.091888  772542597  0.000e+00
     49.992    12.4037   4.091825  772542607  0.000e+00
     49.220    12.4078   4.091952  772542617  0.000e+00
     48.887    12.4107   4.092215  772542627  0.000e+00
     48.764    12.4129   4.092512  772542637  0.000e+00
     47.453    12.4110   4.092257  772542647  0.000e+00
     48.319    12.4102   4.092165  772542657  0.000e+00
     49.068    12.4120   4.092335  772542667  0.000e+00
     47.003    12.4124   4.092370  772542677  0.000e+00
     38.855    12.4742   4.097319  772542687  0.000e+00
     29.298    13.4142   4.183311  772542697  0.000e+00
     20.052    13.7405   4.216174  772542707  0.000e+00
     11.128    14.0245   4.243403  772542717  0.000e+00
      8.717    14.0419   4.245324  772542727  0.000e+00
      9.115    14.0426   4.246585  772542737  0.000e+00
      9.694    14.0445   4.245973  772542747  0.000e+00
      9.741    14.0445   4.246542  772542757  0.000e+00
     10.256    14.0434   4.247947  772542767  0.000e+00
     10.485    14.0474   4.248386  772542777  0.000e+00
      4.861    14.0459   4.248304  772542787  0.000e+00
      1.602    14.0447   4.248224  772542797  0.000e+00
      0.608    14.2307   0.326173  772542807  0.000e+00
      0.579    14.2595   0.025031  772542817  0.000e+00
      0.579    14.2701   0.000334  772542827  0.000e+00
      0.573    14.2813   0.000275  772542837  0.000e+00
      0.567    14.2825   0.000152  772542847  0.000e+00
      0.538    14.3307   0.000074  772542857  0.000e+00
      0.486    14.4477   0.000067  772542867  0.000e+00
      0.527    14.4715   0.000058  772542877  0.000e+00
      0.538    14.4778   0.000036  772542887  0.000e+00
      0.509    14.4805   0.000033  772542897  0.000e+00
      0.509    14.4629   0.000033  772542907  0.000e+00
      0.526    14.4992   0.000033  772542917  0.000e+00
      0.544    14.5725   0.000030  772542927  0.000e+00
      0.532    14.5760   0.000030  772542937  0.000e+00
      0.555    14.5489   0.000030  772542947  0.000e+00
      0.526    14.5169   0.000030  772542957  0.000e+00
      0.544    14.4935   0.000026  772542967  0.000e+00
      0.614    14.4724   0.000026  772542977  0.000e+00
      0.578    14.4520   0.000023  772542987  0.000e+00
      0.602    14.4311   0.000023  772542997  0.000e+00
      0.642    14.4224   0.000023  772543007  0.000e+00
      0.590    14.4638   0.000020  772543017  0.000e+00
      0.654    14.4744   0.000023  772543027  0.000e+00
      0.654    14.4806   0.000023  772543037  0.000e+00
      0.665    14.4731   0.000020  772543047  0.000e+00
      0.665    14.4666   0.000020  772543057  0.000e+00
      0.682    14.4652   0.000020  772543067  0.000e+00
      0.705    14.4781   0.000017  772543077  0.000e+00
      0.699    14.4726   0.000017  772543087  0.000e+00
      0.699    14.5150   0.000014  772543097  0.000e+00
      0.740    14.5365   0.000014  772543107  0.000e+00
      0.740    14.5572   0.000014  772543117  0.000e+00
      0.734    14.5480   0.000014  772543127  0.000e+00
      0.757    14.5523   0.000014  772543137  0.000e+00
      0.781    14.5455   0.000014  772543147  0.000e+00
      0.751    14.5470   0.000014  772543157  0.000e+00
      0.768    14.5698   0.000014  772543167  0.000e+00
      0.768    14.5621   0.000014  772543177  0.000e+00
      0.768    14.5943   0.000014  772543187  0.000e+00
      0.809    14.6115   0.000023  772543197  0.000e+00
      0.709    14.6603   0.000020  772543207  0.000e+00
      0.662    14.5437   0.354480  772543217  0.000e+00
      0.709    14.5475   0.000325  772543227  0.000e+00
      0.709    15.0448   0.000146  772543237  0.000e+00
      0.702    15.0063   0.000077  772543247  0.000e+00
      0.702    14.9216   0.000036  772543257  0.000e+00
      0.702    14.8588   0.000033  772543267  0.000e+00
      0.719    14.8206   0.000033  772543277  0.000e+00
      0.719    14.7865   0.000030  772543287  0.000e+00
      0.696    14.7819   0.000030  772543297  0.000e+00
      0.690    14.7672   0.000030  772543307  0.000e+00
      0.666    14.7625   0.000030  772543317  0.000e+00
      0.660    14.7435   0.000030  772543327  0.000e+00
      0.683    14.7527   0.000030  772543337  0.000e+00
      0.707    14.7493   0.000027  772543347  0.000e+00
      0.700    14.7607   0.000030  772543357  0.000e+00
      0.724    14.7597   0.000027  772543367  0.000e+00
      0.694    14.7671   0.000030  772543377  0.000e+00
      0.717    14.7754   0.000027  772543387  0.000e+00
      0.687    14.7819   0.000027  772543397  0.000e+00
      0.687    14.7801   0.000027  772543407  0.000e+00
      0.711    14.7955   0.000027  772543417  0.000e+00
      0.711    14.7963   0.000027  772543427  0.000e+00
      0.704    14.7975   0.000027  772543437  0.000e+00
      0.721    14.8093   0.000027  772543447  0.000e+00
      0.721    14.8060   0.000027  772543457  0.000e+00
      0.704    14.8280   0.000027  772543467  0.000e+00
      0.738    14.8330   0.000027  772543477  0.000e+00
      0.721    14.8425   0.000027  772543487  0.000e+00
      0.745    14.8599   0.000027  772543497  0.000e+00
      0.762    14.8660   0.000027  772543507  0.000e+00
      0.685    14.8537   0.000027  772543517  0.000e+00
      0.708    14.8715   0.000027  772543527  0.000e+00
      0.708    14.8842   0.000027  772543537  0.000e+00
      0.732    14.8873   0.000027  772543547  0.000e+00
      0.732    14.8777   0.000027  772543557  0.000e+00
      0.725    14.8903   0.000027  772543567  0.000e+00
      0.749    14.8900   0.000027  772543577  0.000e+00
      0.725    14.9068   0.000027  772543587  0.000e+00
      0.749    14.9125   0.000027  772543597  0.000e+00
      0.719    14.9191   0.000027  772543607  0.000e+00
      0.735    14.9202   0.000027  772543617  0.000e+00
      0.759    14.9287   0.000027  772543627  0.000e+00
      0.712    14.9270   0.000027  772543637  0.000e+00
      0.729    14.9337   0.000027  772543647  0.000e+00
      0.752    14.9349   0.000027  772543657  0.000e+00
      0.729    14.9527   0.000027  772543667  0.000e+00
      0.705    14.9582   0.000027  772543677  0.000e+00
      0.752    14.9630   0.000027  772543687  0.000e+00
      0.752    14.9650   0.000027  772543697  0.000e+00
      0.752    14.9737   0.000027  772543707  0.000e+00
      0.752    14.9717   0.000027  772543717  0.000e+00
      0.746    14.9731   0.000027  772543727  0.000e+00
      0.722    14.9750   0.000027  772543737  0.000e+00
      0.769    14.9814   0.000027  772543747  0.000e+00
      0.769    14.9892   0.000027  772543757  0.000e+00
      0.732    14.9922   0.000027  772543767  0.000e+00
      0.762    15.0046   0.000027  772543777  0.000e+00
      0.762    15.0055   0.000027  772543787  0.000e+00
      0.732    15.0098   0.000027  772543797  0.000e+00
      0.762    15.0159   0.000023  772543807  0.000e+00
      0.732    15.0239   0.000027  772543817  0.000e+00
      0.779    15.0221   0.000027  772543827  0.000e+00
      0.756    15.0316   0.000027  772543837  0.000e+00
      0.749    15.0358   0.000027  772543847  0.000e+00
      0.732    15.0391   0.000027  772543857  0.000e+00
      0.749    15.0414   0.000027  772543867  0.000e+00
      0.726    15.0436   0.000027  772543877  0.000e+00
      0.726    15.0501   0.000027  772543887  0.000e+00
      0.726    15.0551   0.000027  772543897  0.000e+00
      0.749    15.0618   0.000027  772543907  0.000e+00
      0.726    15.0670   0.000027  772543917  0.000e+00
      0.736    15.0724   0.000027  772543927  0.000e+00
      0.742    15.0803   0.000027  772543937  0.000e+00
      0.742    15.0877   0.000027  772543947  0.000e+00
      0.736    15.0873   0.000027  772543957  0.000e+00
      0.742    15.0935   0.000027  772543967  0.000e+00
      0.736    15.0975   0.000027  772543977  0.000e+00
      0.759    15.1040   0.000027  772543987  0.000e+00
      0.759    15.1051   0.000027  772543997  0.000e+00
      0.759    15.1031   0.000027  772544007  0.000e+00
      0.752    15.1114   0.000027  772544017  0.000e+00
      0.752    15.1148   0.000027  772544027  0.000e+00
      0.729    15.1194   0.000027  772544037  0.000e+00
      0.736    15.1201   0.000027  772544047  0.000e+00
      0.752    15.1220   0.000023  772544057  0.000e+00
      0.722    15.1230   0.000027  772544067  0.000e+00
      0.729    15.1254   0.000023  772544077  0.000e+00
      0.776    15.1282   0.000027  772544087  0.000e+00
      0.752    15.1341   0.000027  772544097  0.000e+00
      0.722    15.1403   0.000027  772544107  0.000e+00
      0.746    15.1381   0.000027  772544117  0.000e+00
      0.722    15.1497   0.000027  772544127  0.000e+00
      0.715    15.1518   0.000023  772544137  0.000e+00
      0.739    15.1572   0.000027  772544147  0.000e+00
      0.715    15.1600   0.000027  772544157  0.000e+00
      0.762    15.1636   0.000027  772544167  0.000e+00
      0.739    15.1717   0.000027  772544177  0.000e+00
      0.739    15.1759   0.000027  772544187  0.000e+00
      0.762    15.1779   0.000027  772544197  0.000e+00
      0.739    15.1831   0.000027  772544207  0.000e+00
      0.755    15.1841   0.000027  772544217  0.000e+00
      0.739    15.1886   0.000027  772544227  0.000e+00
      0.755    15.1945   0.000027  772544237  0.000e+00
      0.755    15.1987   0.000027  772544247  0.000e+00
      0.685    15.2053   0.000027  772544257  0.000e+00
      0.772    15.2075   0.000027  772544267  0.000e+00
      0.725    15.2099   0.000027  772544277  0.000e+00
      0.725    15.2082   0.000027  772544287  0.000e+00
      0.709    15.2155   0.000023  772544297  0.000e+00
      0.749    15.2131   0.000027  772544307  0.000e+00
      0.749    15.2101   0.000027  772544317  0.000e+00
      0.725    15.2123   0.000027  772544327  0.000e+00
      0.755    15.2192   0.000027  772544337  0.000e+00
      0.725    15.2193   0.000027  772544347  0.000e+00
      0.718    15.2335   0.000027  772544357  0.000e+00
      0.702    15.2424   0.000027  772544367  0.000e+00
      0.742    15.2424   0.000027  772544377  0.000e+00
      0.695    15.2388   0.000027  772544387  0.000e+00
      0.718    15.2431   0.000027  772544397  0.000e+00
      0.718    15.2473   0.000027  772544407  0.000e+00
      0.718    15.2519   0.000027  772544417  0.000e+00
      0.742    15.2474   0.000027  772544427  0.000e+00
      0.718    15.2670   0.000027  772544437  0.000e+00
      0.711    15.2692   0.000027  772544447  0.000e+00
      0.728    15.2713   0.000027  772544457  0.000e+00
      0.711    15.2808   0.000027  772544467  0.000e+00
      0.735    15.2811   0.000024  772544477  0.000e+00
      0.711    15.2802   0.000027  772544487  0.000e+00
      0.711    15.2829   0.000027  772544497  0.000e+00
      0.711    15.2800   0.000024  772544507  0.000e+00
      0.728    15.2795   0.000027  772544517  0.000e+00
      0.705    15.2784   0.000027  772544527  0.000e+00
      0.711    15.2848   0.000027  772544537  0.000e+00
      0.705    15.2919   0.000027  772544547  0.000e+00
      0.721    15.2896   0.000024  772544557  0.000e+00
      0.721    15.2883   0.000027  772544567  0.000e+00
      0.705    15.2995   0.000027  772544577  0.000e+00
      0.698    15.2914   0.000027  772544587  0.000e+00
      0.721    15.3073   0.000027  772544597  0.000e+00
      0.698    15.3160   0.000027  772544607  0.000e+00
      0.698    15.3159   0.000027  772544617  0.000e+00
      0.751    15.3243   0.000027  772544627  0.000e+00
      0.744    15.3108   0.000027  772544637  0.000e+00
      0.721    15.3264   0.000027  772544647  0.000e+00
      0.698    15.3208   0.000027  772544657  0.000e+00
      0.691    15.3338   0.000027  772544667  0.000e+00
      0.721    15.3315   0.000024  772544677  0.000e+00
      0.714    15.3438   0.000027  772544687  0.000e+00
      0.714    15.3413   0.000027  772544697  0.000e+00
      0.738    15.3484   0.000027  772544707  0.000e+00
      0.714    15.3481   0.000027  772544717  0.000e+00
      0.714    15.3367   0.000027  772544727  0.000e+00
      0.698    15.3414   0.000024  772544737  0.000e+00
      0.738    15.3446   0.000024  772544747  0.000e+00
      0.738    15.3554   0.000027  772544757  0.000e+00
      0.714    15.3528   0.000027  772544767  0.000e+00
      0.738    15.3483   0.000027  772544777  0.000e+00
      0.761    15.3496   0.000027  772544787  0.000e+00
      0.714    15.3550   0.000027  772544797  0.000e+00
      0.738    15.3654   0.000027  772544807  0.000e+00
      0.731    15.3756   0.000027  772544817  0.000e+00
      0.731    15.3866   0.000027  772544827  0.000e+00
      0.707    15.3883   0.000027  772544837  0.000e+00
      0.731    15.3822   0.000027  772544847  0.000e+00
      0.738    15.3781   0.000027  772544857  0.000e+00
      0.707    15.3694   0.000027  772544867  0.000e+00
      0.707    15.3818   0.000027  772544877  0.000e+00
      0.700    15.3904   0.000027  772544887  0.000e+00
      0.731    15.4000   0.000027  772544897  0.000e+00
      0.724    15.4095   0.000024  772544907  0.000e+00
      0.731    15.3951   0.000027  772544917  0.000e+00
      0.724    15.3850   0.000027  772544927  0.000e+00
      0.724    15.3951   0.000027  772544937  0.000e+00
      0.724    15.3961   0.000027  772544947  0.000e+00
      0.724    15.4043   0.000027  772544957  0.000e+00
      0.700    15.4192   0.000027  772544967  0.000e+00
      0.693    15.4151   0.000027  772544977  0.000e+00
      0.747    15.4138   0.000027  772544987  0.000e+00
      0.670    15.4140   0.000027  772544997  0.000e+00
      0.717    15.4178   0.000027  772545007  0.000e+00
      0.670    15.4292   0.000027  772545017  0.000e+00
      0.740    15.4309   0.000027  772545027  0.000e+00
      0.700    15.4397   0.000027  772545037  0.000e+00
      0.693    15.4469   0.000027  772545047  0.000e+00
