odissea/data/moor/raw/tc24015/microcat_cal_dip/cast15/9141_Cal_Dip_Data.cnv
* Sea-Bird SBE37SM-RS232  Data File:
* FileName = C:\Users\sa01nf\OneDrive - SAMS\ODISSEA\TC24015\mooring\MooringThings\CALDIP_files\SBE37SM-RS232_03709141_2024_06_24.hex
* Software version SeatermV2 2.8.0.119
* Temperature SN = 9141
* Conductivity SN = 9141
* System UpLoad Time = Jun 24 2024 12:07:59
* sample interval = 10 seconds
* <ApplicationData>
# nquan = 5
# nvalues = 1245                                  
# units = specified
# name 0 = prdM: Pressure, Strain Gauge [db]
# name 1 = tv290C: Temperature [ITS-90, deg C]
# name 2 = cond0S/m: Conductivity [S/m]
# name 3 = timeK: Time, Instrument [seconds]
# name 4 = flag:  0.000e+00
# span 0 =      0.057,    542.712                 
# span 1 =    10.2715,    17.8223                 
# span 2 =  -0.000040,   4.258360                 
# span 3 =  772529986,  772542426                 
# span 4 = 0.0000e+00, 0.0000e+00                 
# interval = seconds: 10
# start_time = Jun 24 2024 07:39:46 [Instrument's time stamp, first data scan]
# bad_flag = -9.990e-29
*END*
[from data line 1143]
      0.089    15.5029   0.000045  772541416  0.000e+00
      0.089    15.5054   0.000042  772541426  0.000e+00
      0.089    15.5080   0.000045  772541436  0.000e+00
      0.089    15.5130   0.000045  772541446  0.000e+00
      0.089    15.5200   0.000045  772541456  0.000e+00
      0.079    15.5544   0.000045  772541466  0.000e+00
      0.062    15.6188   0.000045  772541476  0.000e+00
      0.089    15.6216   0.000045  772541486  0.000e+00
      0.086    15.6228   0.000045  772541496  0.000e+00
      0.082    15.6246   0.000045  772541506  0.000e+00
      0.086    15.6245   0.000045  772541516  0.000e+00
      0.082    15.6277   0.000045  772541526  0.000e+00
      0.089    15.6286   0.000045  772541536  0.000e+00
      0.086    15.6286   0.000045  772541546  0.000e+00
      0.086    15.6287   0.000045  772541556  0.000e+00
      0.086    15.6260   0.000045  772541566  0.000e+00
      0.089    15.6238   0.000042  772541576  0.000e+00
      0.079    15.6250   0.000045  772541586  0.000e+00
      0.089    15.6259   0.000045  772541596  0.000e+00
      0.093    15.6242   0.000045  772541606  0.000e+00
      0.086    15.6225   0.000045  772541616  0.000e+00
      0.082    15.6225   0.000042  772541626  0.000e+00
      0.086    15.6232   0.000042  772541636  0.000e+00
      0.082    15.6230   0.000042  772541646  0.000e+00
      0.086    15.6212   0.000045  772541656  0.000e+00
      0.089    15.6220   0.000042  772541666  0.000e+00
      0.089    15.6219   0.000045  772541676  0.000e+00
      0.086    15.6243   0.000045  772541686  0.000e+00
      0.093    15.6258   0.000045  772541696  0.000e+00
      0.086    15.6260   0.000045  772541706  0.000e+00
      0.082    15.6259   0.000042  772541716  0.000e+00
      0.086    15.6250   0.000045  772541726  0.000e+00
      0.086    15.6239   0.000045  772541736  0.000e+00
      0.086    15.6206   0.000045  772541746  0.000e+00
      0.086    15.6173   0.000045  772541756  0.000e+00
      0.089    15.6192   0.000045  772541766  0.000e+00
      0.089    15.6196   0.000042  772541776  0.000e+00
      0.086    15.6247   0.000045  772541786  0.000e+00
      0.086    15.6242   0.000045  772541796  0.000e+00
      0.079    15.6278   0.000045  772541806  0.000e+00
      0.086    15.6308   0.000045  772541816  0.000e+00
      0.086    15.6329   0.000045  772541826  0.000e+00
      0.079    15.6291   0.000045  772541836  0.000e+00
      0.079    15.6321   0.000045  772541846  0.000e+00
      0.082    15.6326   0.000045  772541856  0.000e+00
      0.086    15.6348   0.000045  772541866  0.000e+00
      0.082    15.6376   0.000045  772541876  0.000e+00
      0.086    15.6358   0.000045  772541886  0.000e+00
      0.079    15.6353   0.000045  772541896  0.000e+00
      0.086    15.6360   0.000045  772541906  0.000e+00
      0.086    15.6389   0.000045  772541916  0.000e+00
      0.082    15.6367   0.000042  772541926  0.000e+00
      0.086    15.6390   0.000045  772541936  0.000e+00
      0.079    15.6414   0.000045  772541946  0.000e+00
      0.086    15.6429   0.000045  772541956  0.000e+00
      0.079    15.6416   0.000042  772541966  0.000e+00
      0.086    15.6391   0.000045  772541976  0.000e+00
      0.089    15.6455   0.000042  772541986  0.000e+00
      0.082    15.6484   0.000045  772541996  0.000e+00
      0.086    15.6516   0.000042  772542006  0.000e+00
      0.093    15.6518   0.000045  772542016  0.000e+00
      0.079    15.6491   0.000045  772542026  0.000e+00
      0.086    15.6465   0.000045  772542036  0.000e+00
      0.086    15.6487   0.000042  772542046  0.000e+00
      0.075    15.6544   0.000045  772542056  0.000e+00
      0.086    15.6526   0.000045  772542066  0.000e+00
      0.082    15.6605   0.000045  772542076  0.000e+00
      0.082    15.6610   0.000045  772542086  0.000e+00
      0.086    15.6620   0.000045  772542096  0.000e+00
      0.082    15.6644   0.000045  772542106  0.000e+00
      0.082    15.6659   0.000042  772542116  0.000e+00
      0.082    15.6672   0.000045  772542126  0.000e+00
      0.082    15.6682   0.000045  772542136  0.000e+00
      0.079    15.6669   0.000045  772542146  0.000e+00
      0.079    15.6645   0.000045  772542156  0.000e+00
      0.082    15.6665   0.000045  772542166  0.000e+00
      0.082    15.6679   0.000042  772542176  0.000e+00
      0.079    15.6718   0.000042  772542186  0.000e+00
      0.075    15.6754   0.000042  772542196  0.000e+00
      0.082    15.6778   0.000045  772542206  0.000e+00
      0.082    15.6807   0.000045  772542216  0.000e+00
      0.075    15.6834   0.000045  772542226  0.000e+00
      0.082    15.6850   0.000042  772542236  0.000e+00
      0.086    15.6799   0.000042  772542246  0.000e+00
      0.079    15.6839   0.000042  772542256  0.000e+00
      0.082    15.6845   0.000042  772542266  0.000e+00
      0.075    15.6857   0.000042  772542276  0.000e+00
      0.075    15.6867   0.000045  772542286  0.000e+00
      0.079    15.6925   0.000045  772542296  0.000e+00
      0.075    15.6946   0.000045  772542306  0.000e+00
      0.079    15.6981   0.000042  772542316  0.000e+00
      0.079    15.6998   0.000045  772542326  0.000e+00
      0.082    15.7026   0.000045  772542336  0.000e+00
      0.075    15.7053   0.000042  772542346  0.000e+00
      0.072    15.7076   0.000042  772542356  0.000e+00
      0.079    15.7134   0.000045  772542366  0.000e+00
      0.079    15.7142   0.000042  772542376  0.000e+00
      0.089    15.7157   0.000045  772542386  0.000e+00
      0.075    15.7209   0.000045  772542396  0.000e+00
      0.075    15.7250   0.000042  772542406  0.000e+00
      0.072    15.7277   0.000042  772542416  0.000e+00
      0.072    15.7278   0.000045  772542426  0.000e+00
