odissea/data/moor/raw/tc24015/microcat_cal_dip/cast15/9141_Cal_Dip_Data.cnv
* Sea-Bird SBE37SM-RS232  Data File:
* FileName = C:\Users\sa01nf\OneDrive - SAMS\ODISSEA\TC24015\mooring\MooringThings\CALDIP_files\SBE37SM-RS232_03709141_2024_06_24.hex
* Software version SeatermV2 2.8.0.119
* Temperature SN = 9141
* Conductivity SN = 9141
* System UpLoad Time = Jun 24 2024 12:07:59
* sample interval = 10 seconds
* <ApplicationData>
# nquan = 5
# nvalues = 1245                                  
# units = specified
# name 0 = prdM: Pressure, Strain Gauge [db]
# name 1 = tv290C: Temperature [ITS-90, deg C]
# name 2 = cond0S/m: Conductivity [S/m]
# name 3 = timeK: Time, Instrument [seconds]
# name 4 = flag:  0.000e+00
# span 0 =      0.057,    542.712                 
# span 1 =    10.2715,    17.8223                 
# span 2 =  -0.000040,   4.258360                 
# span 3 =  772529986,  772542426                 
# span 4 = 0.0000e+00, 0.0000e+00                 
# interval = seconds: 10
# start_time = Jun 24 2024 07:39:46 [Instrument's time stamp, first data scan]
# bad_flag = -9.990e-29
*END*
[from data line 286]
      0.085    16.8835  -0.000035  772532846  0.000e+00
      0.081    16.8839  -0.000032  772532856  0.000e+00
      0.081    16.8828  -0.000035  772532866  0.000e+00
      0.085    16.8833  -0.000035  772532876  0.000e+00
      0.081    16.8821  -0.000032  772532886  0.000e+00
      0.088    16.8812  -0.000032  772532896  0.000e+00
      0.081    16.8769  -0.000032  772532906  0.000e+00
      0.078    16.8770  -0.000035  772532916  0.000e+00
      0.088    16.8739  -0.000035  772532926  0.000e+00
      0.085    16.8730  -0.000032  772532936  0.000e+00
      0.085    16.8739  -0.000032  772532946  0.000e+00
      0.085    16.8748  -0.000032  772532956  0.000e+00
      0.081    16.8746  -0.000035  772532966  0.000e+00
      0.085    16.8744  -0.000035  772532976  0.000e+00
      0.078    16.8728  -0.000032  772532986  0.000e+00
      0.085    16.8718  -0.000032  772532996  0.000e+00
      0.081    16.8719  -0.000032  772533006  0.000e+00
      0.085    16.8710  -0.000032  772533016  0.000e+00
      0.085    16.8694  -0.000032  772533026  0.000e+00
      0.085    16.8665  -0.000032  772533036  0.000e+00
      0.088    16.8660  -0.000032  772533046  0.000e+00
      0.081    16.8621  -0.000035  772533056  0.000e+00
      0.085    16.8623  -0.000035  772533066  0.000e+00
      0.088    16.8616  -0.000035  772533076  0.000e+00
      0.088    16.8606  -0.000035  772533086  0.000e+00
      0.088    16.8608  -0.000035  772533096  0.000e+00
      0.085    16.8591  -0.000032  772533106  0.000e+00
      0.088    16.8586  -0.000035  772533116  0.000e+00
      0.088    16.8577  -0.000032  772533126  0.000e+00
      0.085    16.8570  -0.000032  772533136  0.000e+00
      0.085    16.8558  -0.000032  772533146  0.000e+00
      0.088    16.8560  -0.000035  772533156  0.000e+00
      0.088    16.8549  -0.000035  772533166  0.000e+00
      0.085    16.8528  -0.000035  772533176  0.000e+00
      0.088    16.8527  -0.000035  772533186  0.000e+00
      0.088    16.8517  -0.000032  772533196  0.000e+00
      0.088    16.8485  -0.000032  772533206  0.000e+00
      0.088    16.8460  -0.000032  772533216  0.000e+00
      0.092    16.8442  -0.000032  772533226  0.000e+00
      0.085    16.8450  -0.000035  772533236  0.000e+00
      0.088    16.8442  -0.000035  772533246  0.000e+00
      0.085    16.8438  -0.000035  772533256  0.000e+00
      0.088    16.8432  -0.000035  772533266  0.000e+00
      0.092    16.8424  -0.000035  772533276  0.000e+00
      0.092    16.8412  -0.000035  772533286  0.000e+00
      0.088    16.8406  -0.000032  772533296  0.000e+00
      0.092    16.8396  -0.000032  772533306  0.000e+00
      0.085    16.8387  -0.000035  772533316  0.000e+00
      0.085    16.8371  -0.000035  772533326  0.000e+00
      0.092    16.8347  -0.000032  772533336  0.000e+00
      0.088    16.8342  -0.000035  772533346  0.000e+00
      0.092    16.8338  -0.000035  772533356  0.000e+00
      0.092    16.8348  -0.000035  772533366  0.000e+00
      0.092    16.8333  -0.000035  772533376  0.000e+00
      0.088    16.8334  -0.000035  772533386  0.000e+00
      0.085    16.8320  -0.000035  772533396  0.000e+00
      0.092    16.8316  -0.000035  772533406  0.000e+00
      0.092    16.8314  -0.000032  772533416  0.000e+00
      0.088    16.8295  -0.000032  772533426  0.000e+00
      0.088    16.8291  -0.000035  772533436  0.000e+00
      0.092    16.8289  -0.000032  772533446  0.000e+00
      0.088    16.8270  -0.000035  772533456  0.000e+00
      0.092    16.8266  -0.000035  772533466  0.000e+00
      0.092    16.8264  -0.000035  772533476  0.000e+00
      0.095    16.8251  -0.000032  772533486  0.000e+00
      0.092    16.8214  -0.000035  772533496  0.000e+00
      0.088    16.8200  -0.000035  772533506  0.000e+00
      0.088    16.8198  -0.000032  772533516  0.000e+00
      0.092    16.8174  -0.000032  772533526  0.000e+00
      0.092    16.8156  -0.000035  772533536  0.000e+00
      0.092    16.8146  -0.000032  772533546  0.000e+00
      0.095    16.8120  -0.000032  772533556  0.000e+00
      0.095    16.8080  -0.000032  772533566  0.000e+00
      0.088    16.8082  -0.000035  772533576  0.000e+00
      0.088    16.8073  -0.000032  772533586  0.000e+00
      0.092    16.8075  -0.000035  772533596  0.000e+00
      0.088    16.8024  -0.000035  772533606  0.000e+00
      0.088    16.7986  -0.000035  772533616  0.000e+00
      0.092    16.7965  -0.000035  772533626  0.000e+00
      0.088    16.7957  -0.000032  772533636  0.000e+00
      0.092    16.7947  -0.000035  772533646  0.000e+00
      0.088    16.7935  -0.000035  772533656  0.000e+00
      0.088    16.7923  -0.000035  772533666  0.000e+00
      0.092    16.7915  -0.000035  772533676  0.000e+00
      0.092    16.7894  -0.000035  772533686  0.000e+00
      0.088    16.7881  -0.000035  772533696  0.000e+00
      0.095    16.7866  -0.000035  772533706  0.000e+00
      0.088    16.7827  -0.000035  772533716  0.000e+00
      0.085    16.7808  -0.000032  772533726  0.000e+00
      0.092    16.7795  -0.000032  772533736  0.000e+00
      0.092    16.7773  -0.000032  772533746  0.000e+00
      0.092    16.7747  -0.000032  772533756  0.000e+00
      0.095    16.7730  -0.000035  772533766  0.000e+00
      0.092    16.7723  -0.000035  772533776  0.000e+00
      0.092    16.7710  -0.000032  772533786  0.000e+00
      0.092    16.7683  -0.000035  772533796  0.000e+00
      0.095    16.7648  -0.000032  772533806  0.000e+00
      0.088    16.7617  -0.000035  772533816  0.000e+00
      0.092    16.7602  -0.000035  772533826  0.000e+00
      0.092    16.7593  -0.000035  772533836  0.000e+00
      0.092    16.7581  -0.000035  772533846  0.000e+00
      0.095    16.7561  -0.000032  772533856  0.000e+00
      0.099    16.7543  -0.000035  772533866  0.000e+00
      0.088    16.7536  -0.000035  772533876  0.000e+00
      0.088    16.7528  -0.000032  772533886  0.000e+00
      0.092    16.7518  -0.000032  772533896  0.000e+00
      0.092    16.7486  -0.000035  772533906  0.000e+00
      0.095    16.7466  -0.000032  772533916  0.000e+00
      0.095    16.7457  -0.000035  772533926  0.000e+00
      0.095    16.7439  -0.000035  772533936  0.000e+00
      0.099    16.7415  -0.000035  772533946  0.000e+00
      0.092    16.7420  -0.000032  772533956  0.000e+00
      0.095    16.7401  -0.000032  772533966  0.000e+00
      0.095    16.7384  -0.000032  772533976  0.000e+00
      0.099    16.7388  -0.000032  772533986  0.000e+00
      0.092    16.7391  -0.000032  772533996  0.000e+00
      0.088    16.7390  -0.000032  772534006  0.000e+00
      0.092    16.7385  -0.000032  772534016  0.000e+00
      0.092    16.7372  -0.000035  772534026  0.000e+00
      0.099    16.7358  -0.000035  772534036  0.000e+00
      0.088    16.7364  -0.000032  772534046  0.000e+00
      0.092    16.7365  -0.000032  772534056  0.000e+00
      0.095    16.7364  -0.000035  772534066  0.000e+00
      0.095    16.7360  -0.000035  772534076  0.000e+00
      0.092    16.7341  -0.000032  772534086  0.000e+00
      0.095    16.7320  -0.000035  772534096  0.000e+00
      0.095    16.7308  -0.000032  772534106  0.000e+00
      0.092    16.7305  -0.000032  772534116  0.000e+00
      0.088    16.7308  -0.000032  772534126  0.000e+00
      0.092    16.7298  -0.000032  772534136  0.000e+00
      0.095    16.7291  -0.000032  772534146  0.000e+00
      0.092    16.7262  -0.000035  772534156  0.000e+00
      0.099    16.7267  -0.000035  772534166  0.000e+00
      0.092    16.7265  -0.000032  772534176  0.000e+00
      0.092    16.7247  -0.000032  772534186  0.000e+00
      0.092    16.7259  -0.000035  772534196  0.000e+00
      0.088    16.7270  -0.000035  772534206  0.000e+00
      0.095    16.7289  -0.000032  772534216  0.000e+00
      0.099    16.7308  -0.000032  772534226  0.000e+00
      0.102    16.7317  -0.000032  772534236  0.000e+00
      0.095    16.7323  -0.000032  772534246  0.000e+00
      0.095    16.7336  -0.000032  772534256  0.000e+00
      0.095    16.7344  -0.000032  772534266  0.000e+00
      0.095    16.7355  -0.000035  772534276  0.000e+00
      0.095    16.7371  -0.000032  772534286  0.000e+00
      0.095    16.7375  -0.000035  772534296  0.000e+00
      0.095    16.7387  -0.000035  772534306  0.000e+00
      0.099    16.7418  -0.000032  772534316  0.000e+00
      0.092    16.7449  -0.000032  772534326  0.000e+00
      0.092    16.7455  -0.000032  772534336  0.000e+00
      0.095    16.7476  -0.000032  772534346  0.000e+00
      0.085    16.7508  -0.000032  772534356  0.000e+00
      0.092    16.7533  -0.000032  772534366  0.000e+00
      0.092    16.7555  -0.000032  772534376  0.000e+00
      0.095    16.7576  -0.000032  772534386  0.000e+00
      0.095    16.7597  -0.000032  772534396  0.000e+00
      0.088    16.7620  -0.000032  772534406  0.000e+00
      0.092    16.7645  -0.000032  772534416  0.000e+00
      0.088    16.7665  -0.000035  772534426  0.000e+00
      0.099    16.7687  -0.000032  772534436  0.000e+00
      0.095    16.7725  -0.000035  772534446  0.000e+00
      0.095    16.7756  -0.000032  772534456  0.000e+00
      0.095    16.7767  -0.000032  772534466  0.000e+00
      0.095    16.7773  -0.000032  772534476  0.000e+00
      0.092    16.7785  -0.000032  772534486  0.000e+00
      0.092    16.7774  -0.000032  772534496  0.000e+00
      0.088    16.7792  -0.000032  772534506  0.000e+00
      0.088    16.7808  -0.000032  772534516  0.000e+00
      0.092    16.7825  -0.000035  772534526  0.000e+00
      0.092    16.7833  -0.000032  772534536  0.000e+00
      0.088    16.7839  -0.000035  772534546  0.000e+00
      0.092    16.7837  -0.000032  772534556  0.000e+00
      0.092    16.7834  -0.000032  772534566  0.000e+00
      0.095    16.7823  -0.000032  772534576  0.000e+00
      0.102    16.7827  -0.000032  772534586  0.000e+00
      0.095    16.7838  -0.000035  772534596  0.000e+00
      0.095    16.7861  -0.000032  772534606  0.000e+00
      0.095    16.7861  -0.000032  772534616  0.000e+00
      0.099    16.7856  -0.000035  772534626  0.000e+00
      0.088    16.7837  -0.000032  772534636  0.000e+00
      0.092    16.7830  -0.000035  772534646  0.000e+00
      0.099    16.7843  -0.000035  772534656  0.000e+00
      0.099    16.7852  -0.000035  772534666  0.000e+00
      0.088    16.7860  -0.000032  772534676  0.000e+00
      0.092    16.7843  -0.000029  772534686  0.000e+00
      0.095    16.7853  -0.000035  772534696  0.000e+00
      0.099    16.7866  -0.000032  772534706  0.000e+00
      0.106    16.7850  -0.000032  772534716  0.000e+00
      0.095    16.7843  -0.000032  772534726  0.000e+00
      0.099    16.7856  -0.000035  772534736  0.000e+00
      0.092    16.7840  -0.000032  772534746  0.000e+00
      0.092    16.7838  -0.000032  772534756  0.000e+00
      0.092    16.7824  -0.000032  772534766  0.000e+00
      0.088    16.7827  -0.000032  772534776  0.000e+00
      0.095    16.7811  -0.000032  772534786  0.000e+00
      0.092    16.7819  -0.000035  772534796  0.000e+00
      0.095    16.7820  -0.000032  772534806  0.000e+00
      0.095    16.7825  -0.000035  772534816  0.000e+00
      0.092    16.7836  -0.000032  772534826  0.000e+00
      0.095    16.7859  -0.000035  772534836  0.000e+00
      0.095    16.7877  -0.000032  772534846  0.000e+00
      0.099    16.7881  -0.000032  772534856  0.000e+00
      0.099    16.7903  -0.000032  772534866  0.000e+00
      0.095    16.7929  -0.000032  772534876  0.000e+00
      0.092    16.7941  -0.000035  772534886  0.000e+00
      0.092    16.7939  -0.000032  772534896  0.000e+00
      0.088    16.7956  -0.000032  772534906  0.000e+00
      0.092    16.7977  -0.000035  772534916  0.000e+00
      0.092    16.7989  -0.000032  772534926  0.000e+00
      0.099    16.8001  -0.000032  772534936  0.000e+00
      0.088    16.7966  -0.000035  772534946  0.000e+00
      0.095    16.7975  -0.000032  772534956  0.000e+00
      0.095    16.7984  -0.000035  772534966  0.000e+00
      0.092    16.7987  -0.000032  772534976  0.000e+00
      0.092    16.7989  -0.000032  772534986  0.000e+00
      0.099    16.8001  -0.000035  772534996  0.000e+00
      0.095    16.8009  -0.000032  772535006  0.000e+00
      0.095    16.8003  -0.000035  772535016  0.000e+00
      0.095    16.7995  -0.000035  772535026  0.000e+00
      0.095    16.7995  -0.000032  772535036  0.000e+00
      0.095    16.8001  -0.000032  772535046  0.000e+00
      0.092    16.8003  -0.000032  772535056  0.000e+00
      0.092    16.7996  -0.000032  772535066  0.000e+00
      0.095    16.8013  -0.000032  772535076  0.000e+00
      0.095    16.8015  -0.000032  772535086  0.000e+00
      0.095    16.8016  -0.000032  772535096  0.000e+00
      0.095    16.8023  -0.000032  772535106  0.000e+00
      0.099    16.8040  -0.000035  772535116  0.000e+00
      0.092    16.8061  -0.000032  772535126  0.000e+00
      0.092    16.8064  -0.000035  772535136  0.000e+00
      0.092    16.8057  -0.000032  772535146  0.000e+00
      0.092    16.8053  -0.000032  772535156  0.000e+00
      0.095    16.8040  -0.000032  772535166  0.000e+00
      0.095    16.8024  -0.000032  772535176  0.000e+00
      0.099    16.7993  -0.000035  772535186  0.000e+00
      0.095    16.7973  -0.000032  772535196  0.000e+00
      0.099    16.7973  -0.000032  772535206  0.000e+00
      0.095    16.7983  -0.000032  772535216  0.000e+00
      0.095    16.7985  -0.000032  772535226  0.000e+00
      0.095    16.7992  -0.000032  772535236  0.000e+00
      0.095    16.8005  -0.000032  772535246  0.000e+00
      0.099    16.8021  -0.000032  772535256  0.000e+00
      0.099    16.8030  -0.000032  772535266  0.000e+00
      0.092    16.8025  -0.000032  772535276  0.000e+00
      0.095    16.8005  -0.000032  772535286  0.000e+00
      0.095    16.8011  -0.000032  772535296  0.000e+00
      0.102    16.8026  -0.000032  772535306  0.000e+00
      0.102    16.8028  -0.000035  772535316  0.000e+00
      0.099    16.8021  -0.000032  772535326  0.000e+00
      0.095    16.8003  -0.000032  772535336  0.000e+00
      0.092    16.7976  -0.000035  772535346  0.000e+00
      0.095    16.7970  -0.000032  772535356  0.000e+00
      0.092    16.7952  -0.000035  772535366  0.000e+00
      0.095    16.7944  -0.000035  772535376  0.000e+00
      0.099    16.7945  -0.000035  772535386  0.000e+00
      0.095    16.7904  -0.000035  772535396  0.000e+00
      0.095    16.7888  -0.000032  772535406  0.000e+00
      0.092    16.7883  -0.000032  772535416  0.000e+00
      0.099    16.7857  -0.000032  772535426  0.000e+00
      0.092    16.7853  -0.000032  772535436  0.000e+00
      0.092    16.7856  -0.000032  772535446  0.000e+00
      0.095    16.7856  -0.000035  772535456  0.000e+00
      0.099    16.7859  -0.000035  772535466  0.000e+00
      0.099    16.7861  -0.000032  772535476  0.000e+00
      0.092    16.7855  -0.000032  772535486  0.000e+00
      0.095    16.7839  -0.000032  772535496  0.000e+00
      0.095    16.7831  -0.000032  772535506  0.000e+00
      0.099    16.7837  -0.000032  772535516  0.000e+00
      0.102    16.7830  -0.000035  772535526  0.000e+00
      0.099    16.7807  -0.000032  772535536  0.000e+00
      0.095    16.7805  -0.000032  772535546  0.000e+00
      0.092    16.7821  -0.000032  772535556  0.000e+00
      0.095    16.7824  -0.000032  772535566  0.000e+00
      0.095    16.7835  -0.000032  772535576  0.000e+00
      0.092    16.7857  -0.000032  772535586  0.000e+00
      0.099    16.7867  -0.000035  772535596  0.000e+00
      0.099    16.7870  -0.000032  772535606  0.000e+00
      0.095    16.7895  -0.000032  772535616  0.000e+00
      0.092    16.7913  -0.000032  772535626  0.000e+00
      0.095    16.7902  -0.000032  772535636  0.000e+00
      0.092    16.7868  -0.000032  772535646  0.000e+00
      0.095    16.7854  -0.000032  772535656  0.000e+00
      0.095    16.7835  -0.000032  772535666  0.000e+00
      0.095    16.7827  -0.000032  772535676  0.000e+00
      0.095    16.7826  -0.000032  772535686  0.000e+00
