odissea/data/moor/raw/tc24015/microcat_cal_dip/cast15/9141_Cal_Dip_Data.cnv
* Sea-Bird SBE37SM-RS232  Data File:
* FileName = C:\Users\sa01nf\OneDrive - SAMS\ODISSEA\TC24015\mooring\MooringThings\CALDIP_files\SBE37SM-RS232_03709141_2024_06_24.hex
* Software version SeatermV2 2.8.0.119
* Temperature SN = 9141
* Conductivity SN = 9141
* System UpLoad Time = Jun 24 2024 12:07:59
* sample interval = 10 seconds
* <ApplicationData>
# nquan = 5
# nvalues = 1245                                  
# units = specified
# name 0 = prdM: Pressure, Strain Gauge [db]
# name 1 = tv290C: Temperature [ITS-90, deg C]
# name 2 = cond0S/m: Conductivity [S/m]
# name 3 = timeK: Time, Instrument [seconds]
# name 4 = flag:  0.000e+00
# span 0 =      0.057,    542.712                 
# span 1 =    10.2715,    17.8223                 
# span 2 =  -0.000040,   4.258360                 
# span 3 =  772529986,  772542426                 
# span 4 = 0.0000e+00, 0.0000e+00                 
# interval = seconds: 10
# start_time = Jun 24 2024 07:39:46 [Instrument's time stamp, first data scan]
# bad_flag = -9.990e-29
*END*
      0.081    17.4435  -0.000026  772529986  0.000e+00
      0.074    17.4445  -0.000029  772529996  0.000e+00
      0.078    17.4451  -0.000032  772530006  0.000e+00
      0.074    17.4464  -0.000032  772530016  0.000e+00
      0.074    17.4473  -0.000032  772530026  0.000e+00
      0.074    17.4482  -0.000032  772530036  0.000e+00
      0.074    17.4487  -0.000032  772530046  0.000e+00
      0.074    17.4498  -0.000032  772530056  0.000e+00
      0.074    17.4512  -0.000032  772530066  0.000e+00
      0.078    17.4520  -0.000032  772530076  0.000e+00
      0.074    17.4536  -0.000032  772530086  0.000e+00
      0.081    17.4552  -0.000032  772530096  0.000e+00
      0.078    17.4564  -0.000032  772530106  0.000e+00
      0.077    17.4571  -0.000032  772530116  0.000e+00
      0.081    17.4584  -0.000032  772530126  0.000e+00
      0.077    17.4593  -0.000032  772530136  0.000e+00
      0.081    17.4602  -0.000032  772530146  0.000e+00
      0.074    17.4611  -0.000032  772530156  0.000e+00
      0.081    17.4620  -0.000032  772530166  0.000e+00
      0.081    17.4632  -0.000032  772530176  0.000e+00
      0.081    17.4642  -0.000032  772530186  0.000e+00
      0.078    17.4656  -0.000032  772530196  0.000e+00
      0.074    17.4667  -0.000032  772530206  0.000e+00
      0.071    17.4693  -0.000032  772530216  0.000e+00
      0.074    17.4715  -0.000032  772530226  0.000e+00
      0.074    17.4740  -0.000035  772530236  0.000e+00
      0.074    17.4753  -0.000032  772530246  0.000e+00
      0.067    17.4780  -0.000032  772530256  0.000e+00
      0.078    17.4795  -0.000040  772530266  0.000e+00
      0.081    17.4880  -0.000032  772530276  0.000e+00
      0.074    17.4903  -0.000032  772530286  0.000e+00
      0.081    17.4898  -0.000032  772530296  0.000e+00
      0.074    17.4913  -0.000032  772530306  0.000e+00
      0.074    17.4933  -0.000032  772530316  0.000e+00
      0.077    17.4961  -0.000032  772530326  0.000e+00
      0.077    17.4986  -0.000032  772530336  0.000e+00
      0.091    17.5004  -0.000032  772530346  0.000e+00
      0.067    17.5010  -0.000032  772530356  0.000e+00
      0.071    17.5011  -0.000032  772530366  0.000e+00
      0.091    17.5011  -0.000032  772530376  0.000e+00
      0.071    17.5075  -0.000032  772530386  0.000e+00
      0.077    17.5094  -0.000032  772530396  0.000e+00
      0.077    17.5116  -0.000032  772530406  0.000e+00
      0.074    17.5147  -0.000032  772530416  0.000e+00
      0.074    17.5185  -0.000029  772530426  0.000e+00
      0.074    17.5210  -0.000032  772530436  0.000e+00
      0.077    17.5248  -0.000032  772530446  0.000e+00
      0.081    17.5277  -0.000032  772530456  0.000e+00
      0.071    17.5316  -0.000032  772530466  0.000e+00
      0.077    17.5360  -0.000032  772530476  0.000e+00
      0.074    17.5393  -0.000032  772530486  0.000e+00
      0.077    17.5435  -0.000032  772530496  0.000e+00
      0.077    17.5475  -0.000032  772530506  0.000e+00
      0.077    17.5513  -0.000035  772530516  0.000e+00
      0.074    17.5566  -0.000032  772530526  0.000e+00
      0.077    17.5608  -0.000032  772530536  0.000e+00
      0.074    17.5650  -0.000032  772530546  0.000e+00
      0.074    17.5692  -0.000029  772530556  0.000e+00
      0.074    17.5735  -0.000032  772530566  0.000e+00
      0.074    17.5770  -0.000032  772530576  0.000e+00
      0.074    17.5809  -0.000032  772530586  0.000e+00
      0.067    17.5854  -0.000032  772530596  0.000e+00
      0.070    17.5892  -0.000032  772530606  0.000e+00
      0.070    17.5926  -0.000032  772530616  0.000e+00
      0.070    17.5964  -0.000032  772530626  0.000e+00
      0.070    17.5985  -0.000032  772530636  0.000e+00
      0.070    17.6014  -0.000032  772530646  0.000e+00
      0.070    17.6059  -0.000032  772530656  0.000e+00
      0.067    17.6140  -0.000032  772530666  0.000e+00
      0.084    17.6189  -0.000029  772530676  0.000e+00
      0.077    17.6220  -0.000032  772530686  0.000e+00
      0.081    17.6305  -0.000032  772530696  0.000e+00
      0.077    17.6479  -0.000029  772530706  0.000e+00
      0.074    17.6653  -0.000029  772530716  0.000e+00
      0.081    17.6738  -0.000029  772530726  0.000e+00
      0.081    17.6885  -0.000032  772530736  0.000e+00
      0.077    17.7023  -0.000032  772530746  0.000e+00
      0.077    17.7193  -0.000032  772530756  0.000e+00
      0.074    17.7331  -0.000032  772530766  0.000e+00
      0.077    17.7512  -0.000029  772530776  0.000e+00
      0.077    17.7617  -0.000032  772530786  0.000e+00
      0.077    17.7608  -0.000032  772530796  0.000e+00
      0.074    17.7739  -0.000032  772530806  0.000e+00
      0.077    17.7854  -0.000032  772530816  0.000e+00
      0.070    17.7920  -0.000032  772530826  0.000e+00
      0.070    17.7961  -0.000032  772530836  0.000e+00
      0.067    17.8009  -0.000032  772530846  0.000e+00
      0.067    17.8086  -0.000032  772530856  0.000e+00
      0.070    17.8101  -0.000032  772530866  0.000e+00
      0.070    17.8135  -0.000032  772530876  0.000e+00
      0.070    17.8177  -0.000032  772530886  0.000e+00
      0.070    17.8208  -0.000029  772530896  0.000e+00
      0.063    17.8180  -0.000032  772530906  0.000e+00
      0.067    17.8223  -0.000032  772530916  0.000e+00
      0.067    17.8163  -0.000032  772530926  0.000e+00
      0.067    17.8143  -0.000032  772530936  0.000e+00
      0.070    17.8123  -0.000032  772530946  0.000e+00
      0.074    17.8100  -0.000032  772530956  0.000e+00
      0.067    17.8072  -0.000032  772530966  0.000e+00
      0.067    17.8049  -0.000032  772530976  0.000e+00
      0.067    17.8002  -0.000032  772530986  0.000e+00
      0.067    17.7961  -0.000032  772530996  0.000e+00
      0.067    17.7893  -0.000032  772531006  0.000e+00
      0.063    17.7863  -0.000032  772531016  0.000e+00
      0.070    17.7995  -0.000032  772531026  0.000e+00
      0.063    17.7906  -0.000032  772531036  0.000e+00
      0.063    17.7847  -0.000032  772531046  0.000e+00
      0.067    17.7833  -0.000035  772531056  0.000e+00
      0.074    17.7755  -0.000032  772531066  0.000e+00
      0.063    17.7682  -0.000035  772531076  0.000e+00
      0.067    17.7630  -0.000032  772531086  0.000e+00
      0.067    17.7525  -0.000035  772531096  0.000e+00
      0.067    17.7486  -0.000035  772531106  0.000e+00
      0.063    17.7401  -0.000032  772531116  0.000e+00
      0.063    17.7330  -0.000032  772531126  0.000e+00
      0.067    17.7273  -0.000032  772531136  0.000e+00
      0.067    17.7197  -0.000032  772531146  0.000e+00
      0.063    17.7028  -0.000032  772531156  0.000e+00
      0.067    17.6972  -0.000032  772531166  0.000e+00
      0.063    17.6889  -0.000032  772531176  0.000e+00
      0.067    17.6837  -0.000032  772531186  0.000e+00
      0.067    17.6730  -0.000032  772531196  0.000e+00
      0.067    17.6660  -0.000032  772531206  0.000e+00
      0.060    17.6586  -0.000032  772531216  0.000e+00
      0.057    17.6492  -0.000032  772531226  0.000e+00
      0.063    17.6420  -0.000032  772531236  0.000e+00
      0.060    17.6347  -0.000032  772531246  0.000e+00
      0.063    17.6252  -0.000035  772531256  0.000e+00
      0.063    17.6157  -0.000035  772531266  0.000e+00
      0.070    17.6038  -0.000032  772531276  0.000e+00
      0.063    17.5896  -0.000032  772531286  0.000e+00
      0.063    17.5831  -0.000032  772531296  0.000e+00
      0.060    17.5745  -0.000032  772531306  0.000e+00
      0.060    17.5662  -0.000032  772531316  0.000e+00
      0.063    17.5513  -0.000032  772531326  0.000e+00
      0.067    17.5429  -0.000032  772531336  0.000e+00
      0.063    17.5335  -0.000032  772531346  0.000e+00
      0.063    17.5216  -0.000032  772531356  0.000e+00
      0.070    17.5144  -0.000032  772531366  0.000e+00
      0.067    17.5021  -0.000032  772531376  0.000e+00
      0.067    17.4936  -0.000032  772531386  0.000e+00
      0.067    17.4846  -0.000032  772531396  0.000e+00
      0.063    17.4745  -0.000032  772531406  0.000e+00
      0.063    17.4666  -0.000032  772531416  0.000e+00
      0.064    17.4589  -0.000032  772531426  0.000e+00
      0.070    17.4510  -0.000032  772531436  0.000e+00
      0.063    17.4437  -0.000035  772531446  0.000e+00
      0.063    17.4343  -0.000035  772531456  0.000e+00
      0.067    17.4269  -0.000032  772531466  0.000e+00
      0.067    17.4171  -0.000032  772531476  0.000e+00
      0.064    17.4054  -0.000035  772531486  0.000e+00
      0.067    17.3987  -0.000032  772531496  0.000e+00
      0.064    17.3923  -0.000032  772531506  0.000e+00
      0.060    17.3835  -0.000032  772531516  0.000e+00
      0.067    17.3783  -0.000032  772531526  0.000e+00
      0.067    17.3728  -0.000032  772531536  0.000e+00
      0.067    17.3669  -0.000032  772531546  0.000e+00
      0.060    17.3559  -0.000032  772531556  0.000e+00
      0.067    17.3510  -0.000035  772531566  0.000e+00
      0.064    17.3445  -0.000032  772531576  0.000e+00
      0.064    17.3382  -0.000032  772531586  0.000e+00
      0.067    17.3324  -0.000032  772531596  0.000e+00
      0.067    17.3255  -0.000035  772531606  0.000e+00
      0.064    17.3205  -0.000032  772531616  0.000e+00
      0.064    17.3143  -0.000032  772531626  0.000e+00
      0.071    17.3087  -0.000032  772531636  0.000e+00
      0.071    17.3036  -0.000035  772531646  0.000e+00
      0.071    17.3004  -0.000032  772531656  0.000e+00
      0.067    17.2954  -0.000032  772531666  0.000e+00
      0.067    17.2843  -0.000032  772531676  0.000e+00
      0.071    17.2796  -0.000032  772531686  0.000e+00
      0.067    17.2750  -0.000035  772531696  0.000e+00
      0.071    17.2716  -0.000035  772531706  0.000e+00
      0.067    17.2630  -0.000035  772531716  0.000e+00
      0.067    17.2593  -0.000035  772531726  0.000e+00
      0.064    17.2500  -0.000032  772531736  0.000e+00
      0.071    17.2430  -0.000032  772531746  0.000e+00
      0.067    17.2378  -0.000035  772531756  0.000e+00
      0.071    17.2329  -0.000032  772531766  0.000e+00
      0.071    17.2295  -0.000035  772531776  0.000e+00
      0.071    17.2248  -0.000035  772531786  0.000e+00
      0.071    17.2196  -0.000032  772531796  0.000e+00
      0.067    17.2136  -0.000035  772531806  0.000e+00
      0.071    17.2098  -0.000032  772531816  0.000e+00
      0.071    17.2036  -0.000032  772531826  0.000e+00
      0.074    17.1979  -0.000032  772531836  0.000e+00
      0.067    17.1909  -0.000032  772531846  0.000e+00
      0.071    17.1825  -0.000032  772531856  0.000e+00
      0.074    17.1746  -0.000032  772531866  0.000e+00
      0.078    17.1727  -0.000032  772531876  0.000e+00
      0.074    17.1680  -0.000032  772531886  0.000e+00
      0.071    17.1609  -0.000032  772531896  0.000e+00
      0.081    17.1561  -0.000032  772531906  0.000e+00
      0.074    17.1493  -0.000032  772531916  0.000e+00
      0.067    17.1453  -0.000032  772531926  0.000e+00
      0.074    17.1403  -0.000032  772531936  0.000e+00
      0.074    17.1364  -0.000032  772531946  0.000e+00
      0.074    17.1297  -0.000032  772531956  0.000e+00
      0.074    17.1247  -0.000035  772531966  0.000e+00
      0.074    17.1223  -0.000035  772531976  0.000e+00
      0.071    17.1194  -0.000035  772531986  0.000e+00
      0.078    17.1147  -0.000032  772531996  0.000e+00
      0.074    17.1105  -0.000035  772532006  0.000e+00
      0.074    17.1058  -0.000035  772532016  0.000e+00
      0.071    17.0982  -0.000035  772532026  0.000e+00
      0.074    17.0940  -0.000035  772532036  0.000e+00
      0.071    17.0912  -0.000032  772532046  0.000e+00
      0.078    17.0882  -0.000032  772532056  0.000e+00
      0.071    17.0825  -0.000032  772532066  0.000e+00
      0.074    17.0758  -0.000032  772532076  0.000e+00
      0.071    17.0720  -0.000032  772532086  0.000e+00
      0.074    17.0683  -0.000032  772532096  0.000e+00
      0.078    17.0616  -0.000032  772532106  0.000e+00
      0.074    17.0552  -0.000035  772532116  0.000e+00
      0.078    17.0523  -0.000032  772532126  0.000e+00
      0.074    17.0498  -0.000035  772532136  0.000e+00
      0.074    17.0463  -0.000035  772532146  0.000e+00
      0.078    17.0405  -0.000035  772532156  0.000e+00
      0.071    17.0363  -0.000032  772532166  0.000e+00
      0.074    17.0325  -0.000032  772532176  0.000e+00
      0.074    17.0255  -0.000032  772532186  0.000e+00
      0.074    17.0218  -0.000035  772532196  0.000e+00
      0.074    17.0175  -0.000035  772532206  0.000e+00
      0.074    17.0115  -0.000032  772532216  0.000e+00
      0.074    17.0081  -0.000035  772532226  0.000e+00
      0.078    17.0027  -0.000032  772532236  0.000e+00
      0.078    16.9986  -0.000032  772532246  0.000e+00
      0.074    16.9966  -0.000035  772532256  0.000e+00
      0.078    16.9940  -0.000035  772532266  0.000e+00
      0.074    16.9912  -0.000035  772532276  0.000e+00
      0.078    16.9879  -0.000032  772532286  0.000e+00
      0.074    16.9844  -0.000032  772532296  0.000e+00
      0.074    16.9816  -0.000032  772532306  0.000e+00
      0.078    16.9785  -0.000032  772532316  0.000e+00
      0.085    16.9758  -0.000032  772532326  0.000e+00
      0.081    16.9742  -0.000032  772532336  0.000e+00
      0.078    16.9714  -0.000035  772532346  0.000e+00
      0.074    16.9682  -0.000032  772532356  0.000e+00
      0.078    16.9665  -0.000032  772532366  0.000e+00
      0.081    16.9616  -0.000035  772532376  0.000e+00
      0.078    16.9591  -0.000032  772532386  0.000e+00
      0.078    16.9560  -0.000032  772532396  0.000e+00
      0.081    16.9527  -0.000032  772532406  0.000e+00
      0.078    16.9507  -0.000035  772532416  0.000e+00
      0.078    16.9500  -0.000032  772532426  0.000e+00
      0.085    16.9484  -0.000035  772532436  0.000e+00
      0.081    16.9448  -0.000035  772532446  0.000e+00
      0.081    16.9410  -0.000032  772532456  0.000e+00
      0.081    16.9395  -0.000035  772532466  0.000e+00
      0.085    16.9379  -0.000032  772532476  0.000e+00
      0.074    16.9367  -0.000032  772532486  0.000e+00
      0.078    16.9336  -0.000035  772532496  0.000e+00
      0.081    16.9311  -0.000035  772532506  0.000e+00
      0.085    16.9292  -0.000032  772532516  0.000e+00
      0.081    16.9268  -0.000032  772532526  0.000e+00
      0.085    16.9247  -0.000035  772532536  0.000e+00
      0.078    16.9233  -0.000032  772532546  0.000e+00
      0.081    16.9219  -0.000032  772532556  0.000e+00
      0.081    16.9215  -0.000032  772532566  0.000e+00
      0.085    16.9199  -0.000035  772532576  0.000e+00
      0.085    16.9195  -0.000035  772532586  0.000e+00
      0.081    16.9175  -0.000032  772532596  0.000e+00
      0.081    16.9161  -0.000032  772532606  0.000e+00
      0.081    16.9151  -0.000035  772532616  0.000e+00
      0.081    16.9128  -0.000032  772532626  0.000e+00
      0.081    16.9120  -0.000035  772532636  0.000e+00
      0.078    16.9103  -0.000035  772532646  0.000e+00
      0.081    16.9084  -0.000035  772532656  0.000e+00
      0.081    16.9076  -0.000035  772532666  0.000e+00
      0.081    16.9050  -0.000032  772532676  0.000e+00
      0.078    16.9031  -0.000035  772532686  0.000e+00
      0.081    16.9030  -0.000035  772532696  0.000e+00
      0.081    16.9019  -0.000035  772532706  0.000e+00
      0.081    16.9002  -0.000035  772532716  0.000e+00
      0.085    16.8991  -0.000035  772532726  0.000e+00
      0.078    16.8973  -0.000032  772532736  0.000e+00
      0.081    16.8967  -0.000032  772532746  0.000e+00
      0.081    16.8964  -0.000035  772532756  0.000e+00
      0.085    16.8951  -0.000035  772532766  0.000e+00
      0.081    16.8920  -0.000032  772532776  0.000e+00
      0.081    16.8926  -0.000032  772532786  0.000e+00
      0.088    16.8922  -0.000035  772532796  0.000e+00
      0.085    16.8908  -0.000032  772532806  0.000e+00
      0.081    16.8899  -0.000032  772532816  0.000e+00
      0.085    16.8889  -0.000035  772532826  0.000e+00
