odissea/data/moor/raw/tc24015/microcat_cal_dip/cast15/9141_Cal_Dip_Data.cnv
* Sea-Bird SBE37SM-RS232  Data File:
* FileName = C:\Users\sa01nf\OneDrive - SAMS\ODISSEA\TC24015\mooring\MooringThings\CALDIP_files\SBE37SM-RS232_03709141_2024_06_24.hex
* Software version SeatermV2 2.8.0.119
* Temperature SN = 9141
* Conductivity SN = 9141
* System UpLoad Time = Jun 24 2024 12:07:59
* sample interval = 10 seconds
* <ApplicationData>
# nquan = 5
# nvalues = 1245                                  
# units = specified
# name 0 = prdM: Pressure, Strain Gauge [db]
# name 1 = tv290C: Temperature [ITS-90, deg C]
# name 2 = cond0S/m: Conductivity [S/m]
# name 3 = timeK: Time, Instrument [seconds]
# name 4 = flag:  0.000e+00
# span 0 =      0.057,    542.712                 
# span 1 =    10.2715,    17.8223                 
# span 2 =  -0.000040,   4.258360                 
# span 3 =  772529986,  772542426                 
# span 4 = 0.0000e+00, 0.0000e+00                 
# interval = seconds: 10
# start_time = Jun 24 2024 07:39:46 [Instrument's time stamp, first data scan]
# bad_flag = -9.990e-29
*END*
[from data line 858]
    100.239    11.5213   4.009528  772538566  0.000e+00
    100.530    11.5176   4.009091  772538576  0.000e+00
    100.900    11.5211   4.009376  772538586  0.000e+00
    100.703    11.5140   4.008720  772538596  0.000e+00
    100.000    11.5162   4.008918  772538606  0.000e+00
    100.156    11.5269   4.010005  772538616  0.000e+00
    101.614    11.5103   4.008382  772538626  0.000e+00
    100.783    11.5108   4.008455  772538636  0.000e+00
    100.041    11.5118   4.008461  772538646  0.000e+00
     99.650    11.5136   4.008620  772538656  0.000e+00
     98.867    11.5345   4.010780  772538666  0.000e+00
     99.162    11.5411   4.011635  772538676  0.000e+00
     99.737    11.5401   4.011072  772538686  0.000e+00
     99.574    11.5210   4.009554  772538696  0.000e+00
     98.891    11.5293   4.010495  772538706  0.000e+00
     89.370    11.7171   4.029303  772538716  0.000e+00
     79.907    11.6901   4.022615  772538726  0.000e+00
     70.433    11.7871   4.031626  772538736  0.000e+00
     61.224    11.9626   4.047794  772538746  0.000e+00
     52.310    12.2370   4.074574  772538756  0.000e+00
     49.133    12.3474   4.084863  772538766  0.000e+00
     48.873    12.3814   4.087735  772538776  0.000e+00
     48.585    12.3999   4.089752  772538786  0.000e+00
     48.613    12.4067   4.090767  772538796  0.000e+00
     49.278    12.4027   4.090734  772538806  0.000e+00
     49.154    12.4011   4.090768  772538816  0.000e+00
     49.268    12.3274   4.085638  772538826  0.000e+00
     49.195    12.3143   4.084537  772538836  0.000e+00
     49.257    12.3400   4.087522  772538846  0.000e+00
     48.907    12.3815   4.089572  772538856  0.000e+00
     48.824    12.4053   4.091115  772538866  0.000e+00
     49.298    12.4045   4.091202  772538876  0.000e+00
     48.758    12.4078   4.091522  772538886  0.000e+00
     49.059    12.4088   4.091683  772538896  0.000e+00
     49.343    12.4077   4.091636  772538906  0.000e+00
     50.137    12.4032   4.091430  772538916  0.000e+00
     49.797    12.4058   4.091543  772538926  0.000e+00
     49.825    12.4029   4.091396  772538936  0.000e+00
     48.328    12.4042   4.091469  772538946  0.000e+00
     49.225    12.4019   4.091409  772538956  0.000e+00
     48.259    12.4103   4.091843  772538966  0.000e+00
     47.725    12.4096   4.091796  772538976  0.000e+00
     47.635    12.4099   4.091843  772538986  0.000e+00
     47.929    12.4107   4.091936  772538996  0.000e+00
     48.764    12.4052   4.091583  772539006  0.000e+00
     47.898    12.4092   4.091843  772539016  0.000e+00
     48.861    12.4124   4.092151  772539026  0.000e+00
     49.318    12.4129   4.092198  772539036  0.000e+00
     49.201    12.4127   4.092218  772539046  0.000e+00
     48.265    12.4115   4.092064  772539056  0.000e+00
     49.104    12.4111   4.092091  772539066  0.000e+00
     48.944    12.4137   4.092264  772539076  0.000e+00
     43.376    12.4209   4.092690  772539086  0.000e+00
     33.179    12.7828   4.126058  772539096  0.000e+00
     24.430    13.5689   4.194576  772539106  0.000e+00
     14.481    14.0106   4.237639  772539116  0.000e+00
      8.995    14.0370   4.243739  772539126  0.000e+00
      7.824    14.0452   4.245950  772539136  0.000e+00
      8.427    14.0500   4.247172  772539146  0.000e+00
      8.756    14.0488   4.247823  772539156  0.000e+00
      8.479    14.0475   4.248074  772539166  0.000e+00
      9.023    14.0486   4.248461  772539176  0.000e+00
      6.642    14.0488   4.248460  772539186  0.000e+00
      1.267    14.0478   4.248153  772539196  0.000e+00
      0.175    14.0226   0.061414  772539206  0.000e+00
      0.164    14.0703   0.000062  772539216  0.000e+00
      0.161    14.1270   0.000059  772539226  0.000e+00
      0.161    14.1626   0.000056  772539236  0.000e+00
      0.161    14.1891   0.000053  772539246  0.000e+00
      0.164    14.2066   0.000053  772539256  0.000e+00
      0.167    14.2206   0.000053  772539266  0.000e+00
      0.167    14.2282   0.000050  772539276  0.000e+00
      0.167    14.2442   0.000050  772539286  0.000e+00
      0.171    14.2609   0.000050  772539296  0.000e+00
      0.167    14.2664   0.000050  772539306  0.000e+00
      0.164    14.2659   0.000050  772539316  0.000e+00
      0.167    14.2746   0.000050  772539326  0.000e+00
      0.164    14.2842   0.000050  772539336  0.000e+00
      0.164    14.2837   0.000050  772539346  0.000e+00
      0.160    14.2904   0.000048  772539356  0.000e+00
      0.153    14.3029   0.000050  772539366  0.000e+00
      0.153    14.3126   0.000048  772539376  0.000e+00
      0.150    14.3223   0.000048  772539386  0.000e+00
      0.146    14.3325   0.000050  772539396  0.000e+00
      0.146    14.3444   0.000048  772539406  0.000e+00
      0.150    14.3547   0.000048  772539416  0.000e+00
      0.146    14.3789   0.000048  772539426  0.000e+00
      0.146    14.3863   0.000048  772539436  0.000e+00
      0.146    14.3934   0.000048  772539446  0.000e+00
      0.153    14.4005   0.000048  772539456  0.000e+00
      0.143    14.4077   0.000048  772539466  0.000e+00
      0.153    14.4165   0.000048  772539476  0.000e+00
      0.150    14.4241   0.000048  772539486  0.000e+00
      0.146    14.4334   0.000048  772539496  0.000e+00
      0.150    14.4436   0.000048  772539506  0.000e+00
      0.139    14.4494   0.000048  772539516  0.000e+00
      0.143    14.4588   0.000048  772539526  0.000e+00
      0.146    14.4671   0.000048  772539536  0.000e+00
      0.146    14.4789   0.000045  772539546  0.000e+00
      0.139    14.4861   0.000045  772539556  0.000e+00
      0.118    14.5501   0.000045  772539566  0.000e+00
      0.115    14.5697   0.000045  772539576  0.000e+00
      0.125    14.5766   0.000045  772539586  0.000e+00
      0.118    14.5861   0.000045  772539596  0.000e+00
      0.122    14.5895   0.000045  772539606  0.000e+00
      0.118    14.5733   0.000045  772539616  0.000e+00
      0.122    14.5835   0.000045  772539626  0.000e+00
      0.150    14.6131   0.000045  772539636  0.000e+00
      0.139    14.6533   0.000045  772539646  0.000e+00
      0.125    14.6628   0.000045  772539656  0.000e+00
      0.122    14.6684   0.000045  772539666  0.000e+00
      0.125    14.6767   0.000042  772539676  0.000e+00
      0.122    14.6857   0.000045  772539686  0.000e+00
      0.129    14.6960   0.000045  772539696  0.000e+00
      0.129    14.7069   0.000045  772539706  0.000e+00
      0.125    14.7166   0.000045  772539716  0.000e+00
      0.132    14.7273   0.000045  772539726  0.000e+00
      0.132    14.7382   0.000045  772539736  0.000e+00
      0.125    14.7493   0.000042  772539746  0.000e+00
      0.129    14.7603   0.000045  772539756  0.000e+00
      0.128    14.7710   0.000042  772539766  0.000e+00
      0.128    14.7834   0.000042  772539776  0.000e+00
      0.128    14.7948   0.000045  772539786  0.000e+00
      0.125    14.8059   0.000045  772539796  0.000e+00
      0.125    14.8161   0.000045  772539806  0.000e+00
      0.125    14.8261   0.000045  772539816  0.000e+00
      0.122    14.8357   0.000045  772539826  0.000e+00
      0.121    14.8441   0.000045  772539836  0.000e+00
      0.118    14.8534   0.000045  772539846  0.000e+00
      0.118    14.8630   0.000045  772539856  0.000e+00
      0.121    14.8720   0.000045  772539866  0.000e+00
      0.121    14.8819   0.000045  772539876  0.000e+00
      0.118    14.8914   0.000042  772539886  0.000e+00
      0.121    14.9008   0.000045  772539896  0.000e+00
      0.118    14.9096   0.000045  772539906  0.000e+00
      0.114    14.9180   0.000042  772539916  0.000e+00
      0.118    14.9274   0.000045  772539926  0.000e+00
      0.111    14.9352   0.000042  772539936  0.000e+00
      0.114    14.9441   0.000045  772539946  0.000e+00
      0.118    14.9521   0.000042  772539956  0.000e+00
      0.104    14.9596   0.000045  772539966  0.000e+00
      0.114    14.9673   0.000042  772539976  0.000e+00
      0.111    14.9749   0.000042  772539986  0.000e+00
      0.114    14.9818   0.000045  772539996  0.000e+00
      0.107    14.9884   0.000042  772540006  0.000e+00
      0.107    14.9951   0.000042  772540016  0.000e+00
      0.104    15.0036   0.000042  772540026  0.000e+00
      0.111    15.0088   0.000045  772540036  0.000e+00
      0.104    15.0163   0.000042  772540046  0.000e+00
      0.107    15.0223   0.000042  772540056  0.000e+00
      0.107    15.0288   0.000042  772540066  0.000e+00
      0.107    15.0363   0.000045  772540076  0.000e+00
      0.104    15.0433   0.000045  772540086  0.000e+00
      0.104    15.0492   0.000042  772540096  0.000e+00
      0.104    15.0545   0.000042  772540106  0.000e+00
      0.100    15.0618   0.000042  772540116  0.000e+00
      0.107    15.0685   0.000045  772540126  0.000e+00
      0.097    15.0752   0.000042  772540136  0.000e+00
      0.104    15.0794   0.000042  772540146  0.000e+00
      0.107    15.0852   0.000042  772540156  0.000e+00
      0.107    15.0908   0.000042  772540166  0.000e+00
      0.097    15.0954   0.000042  772540176  0.000e+00
      0.100    15.1010   0.000042  772540186  0.000e+00
      0.097    15.1075   0.000042  772540196  0.000e+00
      0.100    15.1129   0.000042  772540206  0.000e+00
      0.097    15.1179   0.000042  772540216  0.000e+00
      0.097    15.1236   0.000045  772540226  0.000e+00
      0.097    15.1286   0.000045  772540236  0.000e+00
      0.104    15.1326   0.000042  772540246  0.000e+00
      0.097    15.1400   0.000042  772540256  0.000e+00
      0.100    15.1443   0.000045  772540266  0.000e+00
      0.097    15.1478   0.000042  772540276  0.000e+00
      0.100    15.1523   0.000045  772540286  0.000e+00
      0.097    15.1552   0.000042  772540296  0.000e+00
      0.100    15.1599   0.000045  772540306  0.000e+00
      0.104    15.1644   0.000042  772540316  0.000e+00
      0.097    15.1702   0.000045  772540326  0.000e+00
      0.093    15.1747   0.000045  772540336  0.000e+00
      0.097    15.1806   0.000045  772540346  0.000e+00
      0.093    15.1859   0.000042  772540356  0.000e+00
      0.100    15.1895   0.000045  772540366  0.000e+00
      0.100    15.1944   0.000045  772540376  0.000e+00
      0.093    15.1992   0.000045  772540386  0.000e+00
      0.093    15.2041   0.000045  772540396  0.000e+00
      0.100    15.2087   0.000042  772540406  0.000e+00
      0.093    15.2136   0.000042  772540416  0.000e+00
      0.093    15.2186   0.000045  772540426  0.000e+00
      0.097    15.2226   0.000045  772540436  0.000e+00
      0.100    15.2268   0.000045  772540446  0.000e+00
      0.093    15.2309   0.000045  772540456  0.000e+00
      0.090    15.2354   0.000042  772540466  0.000e+00
      0.097    15.2380   0.000042  772540476  0.000e+00
      0.093    15.2436   0.000042  772540486  0.000e+00
      0.090    15.2482   0.000045  772540496  0.000e+00
      0.097    15.2526   0.000045  772540506  0.000e+00
      0.097    15.2546   0.000045  772540516  0.000e+00
      0.097    15.2590   0.000045  772540526  0.000e+00
      0.093    15.2635   0.000045  772540536  0.000e+00
      0.097    15.2660   0.000042  772540546  0.000e+00
      0.093    15.2701   0.000045  772540556  0.000e+00
      0.093    15.2731   0.000045  772540566  0.000e+00
      0.097    15.2774   0.000045  772540576  0.000e+00
      0.093    15.2822   0.000042  772540586  0.000e+00
      0.090    15.2860   0.000045  772540596  0.000e+00
      0.093    15.2877   0.000045  772540606  0.000e+00
      0.090    15.2890   0.000045  772540616  0.000e+00
      0.097    15.2914   0.000042  772540626  0.000e+00
      0.093    15.2953   0.000045  772540636  0.000e+00
      0.093    15.2981   0.000042  772540646  0.000e+00
      0.093    15.3010   0.000045  772540656  0.000e+00
      0.090    15.3036   0.000045  772540666  0.000e+00
      0.093    15.3093   0.000042  772540676  0.000e+00
      0.090    15.3127   0.000045  772540686  0.000e+00
      0.093    15.3171   0.000045  772540696  0.000e+00
      0.090    15.3196   0.000045  772540706  0.000e+00
      0.090    15.3236   0.000045  772540716  0.000e+00
      0.097    15.3259   0.000042  772540726  0.000e+00
      0.090    15.3286   0.000045  772540736  0.000e+00
      0.090    15.3316   0.000045  772540746  0.000e+00
      0.090    15.3354   0.000045  772540756  0.000e+00
      0.086    15.3405   0.000045  772540766  0.000e+00
      0.090    15.3434   0.000042  772540776  0.000e+00
      0.093    15.3435   0.000045  772540786  0.000e+00
      0.090    15.3474   0.000042  772540796  0.000e+00
      0.093    15.3485   0.000045  772540806  0.000e+00
      0.093    15.3520   0.000045  772540816  0.000e+00
      0.090    15.3557   0.000045  772540826  0.000e+00
      0.090    15.3585   0.000045  772540836  0.000e+00
      0.093    15.3615   0.000045  772540846  0.000e+00
      0.086    15.3644   0.000045  772540856  0.000e+00
      0.093    15.3676   0.000042  772540866  0.000e+00
      0.090    15.3706   0.000042  772540876  0.000e+00
      0.090    15.3729   0.000045  772540886  0.000e+00
      0.093    15.3776   0.000042  772540896  0.000e+00
      0.090    15.3796   0.000045  772540906  0.000e+00
      0.093    15.3824   0.000045  772540916  0.000e+00
      0.093    15.3841   0.000042  772540926  0.000e+00
      0.096    15.3881   0.000045  772540936  0.000e+00
      0.090    15.3887   0.000045  772540946  0.000e+00
      0.093    15.3914   0.000045  772540956  0.000e+00
      0.093    15.3947   0.000045  772540966  0.000e+00
      0.086    15.3968   0.000045  772540976  0.000e+00
      0.089    15.4001   0.000042  772540986  0.000e+00
      0.090    15.4029   0.000045  772540996  0.000e+00
      0.093    15.4066   0.000045  772541006  0.000e+00
      0.086    15.4068   0.000045  772541016  0.000e+00
      0.089    15.4117   0.000045  772541026  0.000e+00
      0.086    15.4136   0.000045  772541036  0.000e+00
      0.089    15.4150   0.000045  772541046  0.000e+00
      0.096    15.4182   0.000045  772541056  0.000e+00
      0.086    15.4219   0.000045  772541066  0.000e+00
      0.089    15.4255   0.000045  772541076  0.000e+00
      0.093    15.4262   0.000042  772541086  0.000e+00
      0.086    15.4286   0.000045  772541096  0.000e+00
      0.093    15.4319   0.000045  772541106  0.000e+00
      0.093    15.4357   0.000042  772541116  0.000e+00
      0.093    15.4373   0.000045  772541126  0.000e+00
      0.093    15.4392   0.000045  772541136  0.000e+00
      0.093    15.4411   0.000045  772541146  0.000e+00
      0.093    15.4431   0.000045  772541156  0.000e+00
      0.089    15.4452   0.000042  772541166  0.000e+00
      0.086    15.4470   0.000045  772541176  0.000e+00
      0.089    15.4497   0.000042  772541186  0.000e+00
      0.089    15.4528   0.000045  772541196  0.000e+00
      0.083    15.4561   0.000045  772541206  0.000e+00
      0.093    15.4589   0.000042  772541216  0.000e+00
      0.086    15.4613   0.000045  772541226  0.000e+00
      0.089    15.4646   0.000045  772541236  0.000e+00
      0.086    15.4674   0.000045  772541246  0.000e+00
      0.089    15.4712   0.000042  772541256  0.000e+00
      0.083    15.4730   0.000042  772541266  0.000e+00
      0.083    15.4749   0.000045  772541276  0.000e+00
      0.086    15.4780   0.000045  772541286  0.000e+00
      0.089    15.4803   0.000045  772541296  0.000e+00
      0.089    15.4834   0.000042  772541306  0.000e+00
      0.089    15.4811   0.000045  772541316  0.000e+00
      0.082    15.4829   0.000045  772541326  0.000e+00
      0.093    15.4841   0.000045  772541336  0.000e+00
      0.086    15.4886   0.000045  772541346  0.000e+00
      0.089    15.4917   0.000045  772541356  0.000e+00
      0.086    15.4938   0.000045  772541366  0.000e+00
      0.093    15.4959   0.000042  772541376  0.000e+00
      0.086    15.4964   0.000045  772541386  0.000e+00
      0.082    15.4970   0.000045  772541396  0.000e+00
