odissea/data/moor/raw/tc24015/microcat_cal_dip/cast21/16363_Cal_Dip_Data.cnv
* Sea-Bird SBE37SM-RS232  Data File:
* FileName = C:\Users\edaly\Documents\Cruise_material_data_misc\TC24015\ODISSEA_Deployment\SBE37SM-RS232_03716363_2024_06_25.hex
* Software version SeatermV2 2.8.0.119
* Temperature SN = 16363
* Conductivity SN = 16363
* System UpLoad Time = Jun 25 2024 06:55:29
* sample interval = 10 seconds
* <ApplicationData>
# nquan = 5
# nvalues = 2125                                  
# units = specified
# name 0 = prdM: Pressure, Strain Gauge [db]
# name 1 = tv290C: Temperature [ITS-90, deg C]
# name 2 = cond0S/m: Conductivity [S/m]
# name 3 = timeK: Time, Instrument [seconds]
# name 4 = flag:  0.000e+00
# span 0 =      0.347,   2034.051                 
# span 1 =     3.4261,    14.0879                 
# span 2 =  -0.000054,   4.203262                 
# span 3 =  772588801,  772610041                 
# span 4 = 0.0000e+00, 0.0000e+00                 
# interval = seconds: 10
# start_time = Jun 25 2024 00:00:01 [Instrument's time stamp, first data scan]
# bad_flag = -9.990e-29
*END*
[from data line 572]
      0.430    13.9512   0.000012  772594521  0.000e+00
      0.431    13.9507   0.000009  772594531  0.000e+00
      0.451    13.9510   0.000009  772594541  0.000e+00
      0.429    13.9516   0.000009  772594551  0.000e+00
      0.430    13.9498   0.000012  772594561  0.000e+00
      0.410    13.9501   0.000012  772594571  0.000e+00
      0.410    13.9495   0.000009  772594581  0.000e+00
      0.410    13.9480   0.000012  772594591  0.000e+00
      0.429    13.9496   0.000009  772594601  0.000e+00
      0.389    13.9491   0.000009  772594611  0.000e+00
      0.429    13.9499   0.000009  772594621  0.000e+00
      0.389    13.9505   0.000009  772594631  0.000e+00
      0.389    13.9502   0.000009  772594641  0.000e+00
      0.410    13.9516   0.000009  772594651  0.000e+00
      0.430    13.9514   0.000009  772594661  0.000e+00
      0.430    13.9505   0.000009  772594671  0.000e+00
      0.471    13.9507   0.000009  772594681  0.000e+00
      0.430    13.9497   0.000007  772594691  0.000e+00
      0.389    13.9511   0.000009  772594701  0.000e+00
      0.410    13.9506   0.000009  772594711  0.000e+00
      0.411    13.9513   0.000009  772594721  0.000e+00
      0.369    13.9521   0.000009  772594731  0.000e+00
      0.430    13.9529   0.000009  772594741  0.000e+00
      0.389    13.9532   0.000009  772594751  0.000e+00
      0.430    13.9541   0.000012  772594761  0.000e+00
      0.430    13.9553   0.000009  772594771  0.000e+00
      0.451    13.9553   0.000009  772594781  0.000e+00
      0.410    13.9562   0.000009  772594791  0.000e+00
      0.410    13.9556   0.000009  772594801  0.000e+00
      0.410    13.9558   0.000009  772594811  0.000e+00
      0.430    13.9563   0.000009  772594821  0.000e+00
      0.410    13.9557   0.000009  772594831  0.000e+00
      0.430    13.9572   0.000009  772594841  0.000e+00
      0.410    13.9577   0.000009  772594851  0.000e+00
      0.452    13.9584   0.000012  772594861  0.000e+00
      0.451    13.9584   0.000009  772594871  0.000e+00
      0.430    13.9592   0.000009  772594881  0.000e+00
      0.389    13.9603   0.000009  772594891  0.000e+00
      0.430    13.9608   0.000012  772594901  0.000e+00
      0.369    13.9616   0.000009  772594911  0.000e+00
      0.430    13.9617   0.000012  772594921  0.000e+00
      0.409    13.9628   0.000009  772594931  0.000e+00
      0.388    13.9621   0.000009  772594941  0.000e+00
      0.388    13.9616   0.000009  772594951  0.000e+00
      0.430    13.9628   0.000009  772594961  0.000e+00
      0.389    13.9619   0.000009  772594971  0.000e+00
      0.410    13.9621   0.000009  772594981  0.000e+00
      0.410    13.9629   0.000012  772594991  0.000e+00
      0.471    13.9633   0.000009  772595001  0.000e+00
      0.370    13.9637   0.000009  772595011  0.000e+00
      0.389    13.9637   0.000009  772595021  0.000e+00
      0.430    13.9626   0.000009  772595031  0.000e+00
      0.471    13.9634   0.000009  772595041  0.000e+00
      0.411    13.9651   0.000009  772595051  0.000e+00
      0.410    13.9656   0.000009  772595061  0.000e+00
      0.389    13.9625   0.000009  772595071  0.000e+00
      0.410    13.9611   0.000009  772595081  0.000e+00
      0.410    13.9625   0.000009  772595091  0.000e+00
      0.389    13.9637   0.000009  772595101  0.000e+00
      0.430    13.9632   0.000009  772595111  0.000e+00
      0.451    13.9639   0.000009  772595121  0.000e+00
      0.431    13.9638   0.000009  772595131  0.000e+00
      0.411    13.9638   0.000009  772595141  0.000e+00
      0.430    13.9616   0.000009  772595151  0.000e+00
      0.430    13.9607   0.000009  772595161  0.000e+00
      0.430    13.9612   0.000009  772595171  0.000e+00
      0.410    13.9607   0.000009  772595181  0.000e+00
      0.431    13.9608   0.000009  772595191  0.000e+00
      0.388    13.9600   0.000009  772595201  0.000e+00
      0.390    13.9592   0.000009  772595211  0.000e+00
      0.431    13.9582   0.000009  772595221  0.000e+00
      0.410    13.9550   0.000009  772595231  0.000e+00
      0.451    13.9546   0.000009  772595241  0.000e+00
      0.409    13.9548   0.000009  772595251  0.000e+00
      0.390    13.9545   0.000009  772595261  0.000e+00
      0.409    13.9547   0.000009  772595271  0.000e+00
      0.430    13.9540   0.000009  772595281  0.000e+00
      0.411    13.9523   0.000009  772595291  0.000e+00
      0.451    13.9494   0.000009  772595301  0.000e+00
      0.431    13.9483   0.000009  772595311  0.000e+00
      0.369    13.9482   0.000009  772595321  0.000e+00
      0.369    13.9465   0.000009  772595331  0.000e+00
      0.410    13.9432   0.000009  772595341  0.000e+00
      0.389    13.9441   0.000009  772595351  0.000e+00
      0.389    13.9437   0.000009  772595361  0.000e+00
      0.410    13.9427   0.000009  772595371  0.000e+00
      0.411    13.9406   0.000009  772595381  0.000e+00
      0.410    13.9407   0.000012  772595391  0.000e+00
      0.410    13.9412   0.000012  772595401  0.000e+00
      0.451    13.9412   0.000009  772595411  0.000e+00
      0.389    13.9414   0.000009  772595421  0.000e+00
      0.430    13.9402   0.000009  772595431  0.000e+00
      0.451    13.9391   0.000007  772595441  0.000e+00
      0.451    13.9396   0.000009  772595451  0.000e+00
      0.410    13.9397   0.000009  772595461  0.000e+00
      0.431    13.9373   0.000009  772595471  0.000e+00
      0.492    13.9372   0.000009  772595481  0.000e+00
      0.430    13.9384   0.000009  772595491  0.000e+00
      0.452    13.9391   0.000009  772595501  0.000e+00
      0.410    13.9378   0.000009  772595511  0.000e+00
      0.388    13.9385   0.000009  772595521  0.000e+00
      0.389    13.9385   0.000009  772595531  0.000e+00
      0.410    13.9378   0.000009  772595541  0.000e+00
      0.410    13.9382   0.000009  772595551  0.000e+00
      0.411    13.9393   0.000009  772595561  0.000e+00
      0.451    13.9408   0.000009  772595571  0.000e+00
      0.451    13.9428   0.000009  772595581  0.000e+00
      0.390    13.9425   0.000009  772595591  0.000e+00
      0.411    13.9414   0.000009  772595601  0.000e+00
      0.410    13.9430   0.000009  772595611  0.000e+00
      0.430    13.9428   0.000009  772595621  0.000e+00
      0.390    13.9423   0.000009  772595631  0.000e+00
      0.430    13.9418   0.000009  772595641  0.000e+00
      0.450    13.9439   0.000009  772595651  0.000e+00
      0.411    13.9452   0.000009  772595661  0.000e+00
      0.451    13.9455   0.000009  772595671  0.000e+00
      0.411    13.9456   0.000012  772595681  0.000e+00
      0.410    13.9461   0.000009  772595691  0.000e+00
      0.411    13.9464   0.000009  772595701  0.000e+00
      0.430    13.9472   0.000009  772595711  0.000e+00
      0.471    13.9484   0.000009  772595721  0.000e+00
      0.430    13.9492   0.000012  772595731  0.000e+00
      0.410    13.9499   0.000009  772595741  0.000e+00
      0.430    13.9498   0.000009  772595751  0.000e+00
      0.430    13.9511   0.000009  772595761  0.000e+00
      0.390    13.9526   0.000009  772595771  0.000e+00
      0.410    13.9533   0.000009  772595781  0.000e+00
      0.349    13.9546   0.000009  772595791  0.000e+00
      0.429    13.9530   0.000009  772595801  0.000e+00
      0.389    13.9535   0.000009  772595811  0.000e+00
      0.410    13.9548   0.000009  772595821  0.000e+00
      0.389    13.9552   0.000009  772595831  0.000e+00
      0.451    13.9548   0.000009  772595841  0.000e+00
      0.410    13.9542   0.000009  772595851  0.000e+00
      0.471    13.9557   0.000009  772595861  0.000e+00
      0.410    13.9554   0.000009  772595871  0.000e+00
      0.430    13.9560   0.000009  772595881  0.000e+00
      0.411    13.9554   0.000009  772595891  0.000e+00
      0.430    13.9567   0.000009  772595901  0.000e+00
      0.389    13.9570   0.000009  772595911  0.000e+00
      0.471    13.9569   0.000009  772595921  0.000e+00
      0.430    13.9560   0.000009  772595931  0.000e+00
      0.472    13.9550   0.000009  772595941  0.000e+00
      0.389    13.9557   0.000009  772595951  0.000e+00
      0.430    13.9559   0.000009  772595961  0.000e+00
      0.369    13.9562   0.000009  772595971  0.000e+00
      0.369    13.9565   0.000009  772595981  0.000e+00
      0.430    13.9553   0.000009  772595991  0.000e+00
      0.451    13.9543   0.000009  772596001  0.000e+00
      0.430    13.9538   0.000009  772596011  0.000e+00
      0.451    13.9536   0.000009  772596021  0.000e+00
      0.389    13.9524   0.000009  772596031  0.000e+00
      0.410    13.9536   0.000012  772596041  0.000e+00
      0.430    13.9545   0.000009  772596051  0.000e+00
      0.369    13.9540   0.000009  772596061  0.000e+00
      0.390    13.9556   0.000009  772596071  0.000e+00
      0.451    13.9570   0.000009  772596081  0.000e+00
      0.389    13.9568   0.000009  772596091  0.000e+00
      0.471    13.9565   0.000009  772596101  0.000e+00
      0.410    13.9575   0.000009  772596111  0.000e+00
      0.430    13.9588   0.000009  772596121  0.000e+00
      0.410    13.9575   0.000009  772596131  0.000e+00
      0.389    13.9540   0.000009  772596141  0.000e+00
      0.410    13.9536   0.000009  772596151  0.000e+00
      0.431    13.9552   0.000009  772596161  0.000e+00
      0.389    13.9572   0.000009  772596171  0.000e+00
      0.369    13.9564   0.000009  772596181  0.000e+00
      0.410    13.9560   0.000009  772596191  0.000e+00
      0.452    13.9555   0.000009  772596201  0.000e+00
      0.411    13.9549   0.000009  772596211  0.000e+00
      0.389    13.9554   0.000009  772596221  0.000e+00
      0.389    13.9531   0.000009  772596231  0.000e+00
      0.410    13.9506   0.000009  772596241  0.000e+00
      0.410    13.9497   0.000009  772596251  0.000e+00
      0.430    13.9488   0.000009  772596261  0.000e+00
      0.390    13.9488   0.000009  772596271  0.000e+00
      0.410    13.9488   0.000009  772596281  0.000e+00
      0.370    13.9477   0.000009  772596291  0.000e+00
      0.430    13.9458   0.000009  772596301  0.000e+00
      0.389    13.9442   0.000009  772596311  0.000e+00
      0.410    13.9440   0.000009  772596321  0.000e+00
      0.451    13.9451   0.000009  772596331  0.000e+00
      0.411    13.9442   0.000009  772596341  0.000e+00
      0.430    13.9428   0.000009  772596351  0.000e+00
      0.389    13.9430   0.000009  772596361  0.000e+00
      0.430    13.9415   0.000009  772596371  0.000e+00
      0.451    13.9413   0.000009  772596381  0.000e+00
      0.430    13.9390   0.000009  772596391  0.000e+00
      0.389    13.9386   0.000009  772596401  0.000e+00
      0.410    13.9388   0.000009  772596411  0.000e+00
      0.452    13.9382   0.000009  772596421  0.000e+00
      0.430    13.9387   0.000009  772596431  0.000e+00
      0.430    13.9396   0.000009  772596441  0.000e+00
      0.410    13.9392   0.000009  772596451  0.000e+00
      0.451    13.9391   0.000009  772596461  0.000e+00
      0.430    13.9389   0.000009  772596471  0.000e+00
      0.389    13.9385   0.000009  772596481  0.000e+00
      0.471    13.9374   0.000009  772596491  0.000e+00
      0.410    13.9385   0.000012  772596501  0.000e+00
      0.411    13.9395   0.000009  772596511  0.000e+00
      0.369    13.9396   0.000009  772596521  0.000e+00
      0.389    13.9407   0.000009  772596531  0.000e+00
      0.451    13.9412   0.000009  772596541  0.000e+00
      0.411    13.9422   0.000009  772596551  0.000e+00
      0.411    13.9428   0.000009  772596561  0.000e+00
      0.452    13.9435   0.000009  772596571  0.000e+00
      0.451    13.9446   0.000009  772596581  0.000e+00
      0.389    13.9450   0.000009  772596591  0.000e+00
      0.430    13.9462   0.000009  772596601  0.000e+00
      0.451    13.9462   0.000009  772596611  0.000e+00
      0.348    13.9457   0.000009  772596621  0.000e+00
      0.389    13.9473   0.000009  772596631  0.000e+00
      0.389    13.9477   0.000009  772596641  0.000e+00
      0.451    13.9484   0.000009  772596651  0.000e+00
      0.389    13.9494   0.000009  772596661  0.000e+00
      0.431    13.9489   0.000009  772596671  0.000e+00
      0.410    13.9494   0.000009  772596681  0.000e+00
      0.431    13.9513   0.000009  772596691  0.000e+00
      0.512    13.9526   0.000009  772596701  0.000e+00
      0.410    13.9528   0.000009  772596711  0.000e+00
      0.410    13.9531   0.000009  772596721  0.000e+00
      0.430    13.9541   0.000009  772596731  0.000e+00
      0.410    13.9516   0.000012  772596741  0.000e+00
      0.389    13.9524   0.000009  772596751  0.000e+00
      0.451    13.9541   0.000009  772596761  0.000e+00
      0.410    13.9536   0.000012  772596771  0.000e+00
      0.411    13.9541   0.000009  772596781  0.000e+00
      0.370    13.9549   0.000009  772596791  0.000e+00
      0.389    13.9544   0.000009  772596801  0.000e+00
      0.389    13.9551   0.000009  772596811  0.000e+00
      0.410    13.9559   0.000009  772596821  0.000e+00
      0.410    13.9565   0.000009  772596831  0.000e+00
      0.430    13.9565   0.000009  772596841  0.000e+00
      0.430    13.9567   0.000012  772596851  0.000e+00
      0.389    13.9562   0.000009  772596861  0.000e+00
      0.431    13.9563   0.000009  772596871  0.000e+00
      0.410    13.9556   0.000009  772596881  0.000e+00
      0.410    13.9565   0.000012  772596891  0.000e+00
      0.410    13.9564   0.000009  772596901  0.000e+00
      0.452    13.9551   0.000009  772596911  0.000e+00
      0.410    13.9554   0.000009  772596921  0.000e+00
      0.430    13.9571   0.000009  772596931  0.000e+00
      0.389    13.9579   0.000009  772596941  0.000e+00
      0.369    13.9576   0.000009  772596951  0.000e+00
      0.410    13.9573   0.000009  772596961  0.000e+00
      0.389    13.9580   0.000009  772596971  0.000e+00
      0.430    13.9584   0.000009  772596981  0.000e+00
      0.410    13.9585   0.000009  772596991  0.000e+00
      0.389    13.9585   0.000009  772597001  0.000e+00
      0.471    13.9580   0.000009  772597011  0.000e+00
      0.410    13.9581   0.000009  772597021  0.000e+00
      0.390    13.9590   0.000009  772597031  0.000e+00
      0.430    13.9589   0.000009  772597041  0.000e+00
      0.430    13.9601   0.000009  772597051  0.000e+00
      0.430    13.9598   0.000009  772597061  0.000e+00
      0.389    13.9612   0.000009  772597071  0.000e+00
      0.348    13.9619   0.000009  772597081  0.000e+00
      0.411    13.9630   0.000009  772597091  0.000e+00
      0.451    13.9634   0.000012  772597101  0.000e+00
      0.389    13.9644   0.000009  772597111  0.000e+00
      0.389    13.9647   0.000009  772597121  0.000e+00
      0.430    13.9645   0.000009  772597131  0.000e+00
      0.430    13.9656   0.000009  772597141  0.000e+00
      0.431    13.9663   0.000009  772597151  0.000e+00
      0.451    13.9671   0.000009  772597161  0.000e+00
      0.451    13.9687   0.000009  772597171  0.000e+00
      0.389    13.9701   0.000009  772597181  0.000e+00
      0.410    13.9711   0.000009  772597191  0.000e+00
      0.411    13.9712   0.000009  772597201  0.000e+00
      0.430    13.9715   0.000009  772597211  0.000e+00
      0.369    13.9720   0.000009  772597221  0.000e+00
      0.471    13.9711   0.000009  772597231  0.000e+00
      0.430    13.9703   0.000009  772597241  0.000e+00
      0.430    13.9703   0.000009  772597251  0.000e+00
      0.410    13.9698   0.000012  772597261  0.000e+00
      0.430    13.9700   0.000007  772597271  0.000e+00
      0.431    13.9712   0.000009  772597281  0.000e+00
      0.390    13.9716   0.000009  772597291  0.000e+00
      0.431    13.9712   0.000009  772597301  0.000e+00
      0.390    13.9708   0.000009  772597311  0.000e+00
      0.411    13.9706   0.000009  772597321  0.000e+00
      0.348    13.9701   0.000009  772597331  0.000e+00
      0.451    13.9682   0.000009  772597341  0.000e+00
      0.369    13.9671   0.000009  772597351  0.000e+00
      0.513    13.9665   0.000009  772597361  0.000e+00
