odissea/data/moor/raw/tc24015/microcat_cal_dip/cast21/16363_Cal_Dip_Data.cnv
* Sea-Bird SBE37SM-RS232  Data File:
* FileName = C:\Users\edaly\Documents\Cruise_material_data_misc\TC24015\ODISSEA_Deployment\SBE37SM-RS232_03716363_2024_06_25.hex
* Software version SeatermV2 2.8.0.119
* Temperature SN = 16363
* Conductivity SN = 16363
* System UpLoad Time = Jun 25 2024 06:55:29
* sample interval = 10 seconds
* <ApplicationData>
# nquan = 5
# nvalues = 2125                                  
# units = specified
# name 0 = prdM: Pressure, Strain Gauge [db]
# name 1 = tv290C: Temperature [ITS-90, deg C]
# name 2 = cond0S/m: Conductivity [S/m]
# name 3 = timeK: Time, Instrument [seconds]
# name 4 = flag:  0.000e+00
# span 0 =      0.347,   2034.051                 
# span 1 =     3.4261,    14.0879                 
# span 2 =  -0.000054,   4.203262                 
# span 3 =  772588801,  772610041                 
# span 4 = 0.0000e+00, 0.0000e+00                 
# interval = seconds: 10
# start_time = Jun 25 2024 00:00:01 [Instrument's time stamp, first data scan]
# bad_flag = -9.990e-29
*END*
[from data line 1143]
      0.371    14.0853   0.000010  772600231  0.000e+00
      0.390    14.0760   0.000010  772600241  0.000e+00
      0.412    14.0768   0.000012  772600251  0.000e+00
      0.391    14.0748   0.000010  772600261  0.000e+00
      0.391    14.0752   0.000012  772600271  0.000e+00
      0.391    14.0706   0.000010  772600281  0.000e+00
      0.412    14.0607   0.000010  772600291  0.000e+00
      0.412    13.9939   0.000010  772600301  0.000e+00
      0.412    13.8701   0.000012  772600311  0.000e+00
      0.391    13.7301   0.000012  772600321  0.000e+00
      0.350    13.6214   0.000012  772600331  0.000e+00
      0.453    13.5228   0.000012  772600341  0.000e+00
      0.350    13.4369   0.000009  772600351  0.000e+00
      0.412    13.3639   0.000012  772600361  0.000e+00
      2.196    13.4961   2.111142  772600371  0.000e+00
      5.682    13.4997   4.174066  772600381  0.000e+00
      6.255    13.5017   4.200516  772600391  0.000e+00
      6.400    13.5022   4.200808  772600401  0.000e+00
      6.501    13.5050   4.199589  772600411  0.000e+00
      6.153    13.5071   4.197963  772600421  0.000e+00
      6.111    13.5062   4.201633  772600431  0.000e+00
      6.112    13.5051   4.201278  772600441  0.000e+00
      5.352    13.5038   4.170741  772600451  0.000e+00
      2.317    13.4990   3.766568  772600461  0.000e+00
      2.214    13.4970   3.988365  772600471  0.000e+00
      1.906    13.4982   4.176275  772600481  0.000e+00
      1.987    13.4936   3.899476  772600491  0.000e+00
      1.782    13.4982   4.193437  772600501  0.000e+00
      2.376    13.4906   4.200476  772600511  0.000e+00
      9.698    13.5076   4.202054  772600521  0.000e+00
     19.623    13.5092   4.202718  772600531  0.000e+00
     29.818    13.5088   4.203262  772600541  0.000e+00
     39.293    13.3269   4.190561  772600551  0.000e+00
     48.748    12.9982   4.160659  772600561  0.000e+00
     58.185    12.6215   4.127038  772600571  0.000e+00
     68.647    12.3158   4.098417  772600581  0.000e+00
     78.926    12.1586   4.077789  772600591  0.000e+00
     89.145    11.9570   4.061005  772600601  0.000e+00
     98.829    11.9110   4.055093  772600611  0.000e+00
    108.738    11.8557   4.049748  772600621  0.000e+00
    118.917    11.8109   4.045787  772600631  0.000e+00
    128.336    11.8457   4.049862  772600641  0.000e+00
    138.495    11.8251   4.048071  772600651  0.000e+00
    148.549    11.7656   4.042067  772600661  0.000e+00
    158.669    11.5821   4.022598  772600671  0.000e+00
    168.786    11.5495   4.018817  772600681  0.000e+00
    179.688    11.5317   4.017013  772600691  0.000e+00
    189.149    11.5124   4.015196  772600701  0.000e+00
    199.350    11.4752   4.011580  772600711  0.000e+00
    209.597    11.4708   4.011291  772600721  0.000e+00
    219.678    11.4349   4.008249  772600731  0.000e+00
    230.064    11.4255   4.007443  772600741  0.000e+00
    239.984    11.4021   4.005498  772600751  0.000e+00
    249.738    11.3834   4.003839  772600761  0.000e+00
    259.942    11.3256   3.998379  772600771  0.000e+00
    270.129    11.3062   3.996442  772600781  0.000e+00
    279.248    11.2959   3.995438  772600791  0.000e+00
    289.867    11.2825   3.994366  772600801  0.000e+00
    299.398    11.2798   3.994369  772600811  0.000e+00
    310.016    11.2554   3.992278  772600821  0.000e+00
    319.941    11.2302   3.990118  772600831  0.000e+00
    329.721    11.2137   3.988686  772600841  0.000e+00
    340.138    11.2124   3.988920  772600851  0.000e+00
    350.329    11.2071   3.988911  772600861  0.000e+00
    360.768    11.1839   3.986864  772600871  0.000e+00
    370.344    11.1777   3.986576  772600881  0.000e+00
    380.294    11.1762   3.986859  772600891  0.000e+00
    390.320    11.1690   3.986577  772600901  0.000e+00
    400.436    11.1617   3.986289  772600911  0.000e+00
    410.607    11.1573   3.986187  772600921  0.000e+00
    420.580    11.1481   3.985700  772600931  0.000e+00
    430.739    11.1422   3.985593  772600941  0.000e+00
    441.738    11.1193   3.983702  772600951  0.000e+00
    451.525    11.0905   3.980879  772600961  0.000e+00
    463.036    11.0669   3.978536  772600971  0.000e+00
    472.807    11.0321   3.975268  772600981  0.000e+00
    483.356    10.9761   3.969619  772600991  0.000e+00
    493.659    10.9261   3.964481  772601001  0.000e+00
    504.691    10.8853   3.960295  772601011  0.000e+00
    514.951    10.8098   3.952697  772601021  0.000e+00
    525.362    10.7554   3.947091  772601031  0.000e+00
    535.792    10.6925   3.940685  772601041  0.000e+00
    546.596    10.6100   3.932126  772601051  0.000e+00
    556.904    10.4988   3.920865  772601061  0.000e+00
    567.335    10.4445   3.915901  772601071  0.000e+00
    577.174    10.3451   3.905151  772601081  0.000e+00
    587.525    10.2460   3.895835  772601091  0.000e+00
    597.423    10.1062   3.881941  772601101  0.000e+00
    608.067    10.0148   3.872562  772601111  0.000e+00
    618.687     9.9673   3.867482  772601121  0.000e+00
    628.649     9.8905   3.860147  772601131  0.000e+00
    639.327     9.8895   3.860095  772601141  0.000e+00
    649.130     9.9299   3.865738  772601151  0.000e+00
    659.592     9.8623   3.860177  772601161  0.000e+00
    669.016     9.8351   3.857979  772601171  0.000e+00
    679.249     9.8048   3.855683  772601181  0.000e+00
    689.503     9.7310   3.848823  772601191  0.000e+00
    699.572     9.6522   3.841796  772601201  0.000e+00
    710.713     9.6061   3.838158  772601211  0.000e+00
    720.911     9.6499   3.844235  772601221  0.000e+00
    731.018     9.5787   3.838190  772601231  0.000e+00
    741.358     9.4439   3.826171  772601241  0.000e+00
    751.966     9.3890   3.821091  772601251  0.000e+00
    762.579     9.3555   3.818493  772601261  0.000e+00
    773.472     9.1820   3.801346  772601271  0.000e+00
    784.123     9.1316   3.796419  772601281  0.000e+00
    794.466     9.1514   3.798306  772601291  0.000e+00
    804.788     9.0843   3.793552  772601301  0.000e+00
    815.256     8.9536   3.782714  772601311  0.000e+00
    824.646     8.8415   3.770570  772601321  0.000e+00
    834.543     8.8497   3.772250  772601331  0.000e+00
    844.512     9.0362   3.792988  772601341  0.000e+00
    854.204     9.1213   3.803687  772601351  0.000e+00
    865.520     9.1722   3.812805  772601361  0.000e+00
    875.992     8.9662   3.794182  772601371  0.000e+00
    885.922     8.7259   3.768509  772601381  0.000e+00
    895.879     8.8055   3.777057  772601391  0.000e+00
    905.176     8.8962   3.788347  772601401  0.000e+00
    915.794     8.8856   3.789221  772601411  0.000e+00
    926.501     8.7877   3.780432  772601421  0.000e+00
    936.791     8.6563   3.767805  772601431  0.000e+00
    946.771     8.5616   3.757791  772601441  0.000e+00
    956.505     8.4768   3.749340  772601451  0.000e+00
    966.363     8.4509   3.747222  772601461  0.000e+00
    977.232     8.4002   3.743597  772601471  0.000e+00
    988.261     8.3493   3.739264  772601481  0.000e+00
    998.850     8.2818   3.733644  772601491  0.000e+00
   1009.185     8.1917   3.725142  772601501  0.000e+00
   1019.108     8.1400   3.719621  772601511  0.000e+00
   1030.146     8.0767   3.713704  772601521  0.000e+00
   1040.339     7.9648   3.703598  772601531  0.000e+00
   1050.621     7.8761   3.694509  772601541  0.000e+00
   1060.829     7.8314   3.689910  772601551  0.000e+00
   1071.085     7.7963   3.686505  772601561  0.000e+00
   1082.051     7.7451   3.681639  772601571  0.000e+00
   1091.214     7.6337   3.671212  772601581  0.000e+00
   1102.292     7.5278   3.661081  772601591  0.000e+00
   1112.330     7.4493   3.653630  772601601  0.000e+00
   1122.521     7.2454   3.632275  772601611  0.000e+00
   1132.471     7.0748   3.615295  772601621  0.000e+00
   1143.261     6.8941   3.597517  772601631  0.000e+00
   1153.840     6.7781   3.584704  772601641  0.000e+00
   1164.226     6.5985   3.567498  772601651  0.000e+00
   1174.212     6.4569   3.552294  772601661  0.000e+00
   1184.592     6.3308   3.539053  772601671  0.000e+00
   1194.773     6.2517   3.531086  772601681  0.000e+00
   1204.686     6.1163   3.517605  772601691  0.000e+00
   1214.405     5.9542   3.500982  772601701  0.000e+00
   1224.795     5.8549   3.491352  772601711  0.000e+00
   1234.702     5.6942   3.475360  772601721  0.000e+00
   1245.283     5.5977   3.465746  772601731  0.000e+00
   1254.537     5.5330   3.458203  772601741  0.000e+00
   1264.818     5.4914   3.454121  772601751  0.000e+00
   1274.279     5.4212   3.447385  772601761  0.000e+00
   1284.499     5.3456   3.440432  772601771  0.000e+00
   1295.442     5.2534   3.431618  772601781  0.000e+00
   1305.133     5.1805   3.424724  772601791  0.000e+00
   1315.726     5.0913   3.416007  772601801  0.000e+00
   1326.320     5.0800   3.414725  772601811  0.000e+00
   1336.314     5.0444   3.411610  772601821  0.000e+00
   1346.660     4.9647   3.404294  772601831  0.000e+00
   1357.049     4.8449   3.393226  772601841  0.000e+00
   1367.499     4.7497   3.384547  772601851  0.000e+00
   1377.785     4.7262   3.382030  772601861  0.000e+00
   1388.887     4.7002   3.379247  772601871  0.000e+00
   1398.885     4.6676   3.376528  772601881  0.000e+00
   1408.862     4.6112   3.371578  772601891  0.000e+00
   1418.943     4.5584   3.367090  772601901  0.000e+00
   1428.237     4.5174   3.363005  772601911  0.000e+00
   1439.032     4.5000   3.361545  772601921  0.000e+00
   1450.035     4.4780   3.359767  772601931  0.000e+00
   1460.366     4.4452   3.357194  772601941  0.000e+00
   1470.760     4.4172   3.354696  772601951  0.000e+00
   1482.045     4.4011   3.353552  772601961  0.000e+00
   1492.781     4.3718   3.351195  772601971  0.000e+00
   1502.783     4.3506   3.349314  772601981  0.000e+00
   1513.221     4.3247   3.347434  772601991  0.000e+00
   1523.906     4.2868   3.344331  772602001  0.000e+00
   1534.542     4.2540   3.341549  772602011  0.000e+00
   1545.560     4.2285   3.339520  772602021  0.000e+00
   1555.400     4.1995   3.337028  772602031  0.000e+00
   1565.498     4.1532   3.333159  772602041  0.000e+00
   1575.897     4.1142   3.330178  772602051  0.000e+00
   1585.955     4.0825   3.327341  772602061  0.000e+00
   1596.231     4.0698   3.326316  772602071  0.000e+00
   1606.550     4.0548   3.325151  772602081  0.000e+00
   1616.723     4.0425   3.324420  772602091  0.000e+00
   1625.789     3.9967   3.320742  772602101  0.000e+00
   1635.456     3.9778   3.319261  772602111  0.000e+00
   1646.637     3.9518   3.317295  772602121  0.000e+00
   1656.895     3.9356   3.316016  772602131  0.000e+00
   1667.902     3.9009   3.313427  772602141  0.000e+00
   1678.099     3.8841   3.312143  772602151  0.000e+00
   1687.925     3.8443   3.308950  772602161  0.000e+00
   1698.663     3.7926   3.304927  772602171  0.000e+00
   1708.562     3.7835   3.304106  772602181  0.000e+00
   1719.054     3.7766   3.303723  772602191  0.000e+00
   1728.954     3.7692   3.303368  772602201  0.000e+00
   1739.217     3.7634   3.303199  772602211  0.000e+00
   1750.250     3.7611   3.303346  772602221  0.000e+00
   1759.779     3.7535   3.303032  772602231  0.000e+00
   1770.304     3.7514   3.303214  772602241  0.000e+00
   1780.839     3.7295   3.301949  772602251  0.000e+00
   1790.787     3.7097   3.300621  772602261  0.000e+00
   1800.742     3.6987   3.300042  772602271  0.000e+00
   1810.896     3.6896   3.299550  772602281  0.000e+00
   1820.491     3.6800   3.299138  772602291  0.000e+00
   1830.367     3.6604   3.297891  772602301  0.000e+00
   1840.514     3.6510   3.297421  772602311  0.000e+00
   1851.261     3.6201   3.295420  772602321  0.000e+00
   1861.219     3.6095   3.294795  772602331  0.000e+00
   1871.608     3.6014   3.294436  772602341  0.000e+00
   1882.099     3.5848   3.293575  772602351  0.000e+00
   1892.300     3.5802   3.293510  772602361  0.000e+00
   1903.219     3.5636   3.292540  772602371  0.000e+00
   1913.794     3.5329   3.290603  772602381  0.000e+00
   1924.175     3.5100   3.289006  772602391  0.000e+00
   1935.084     3.4853   3.287352  772602401  0.000e+00
   1945.849     3.4809   3.287246  772602411  0.000e+00
   1956.323     3.4685   3.286726  772602421  0.000e+00
   1966.416     3.4542   3.285774  772602431  0.000e+00
   1976.676     3.4476   3.285558  772602441  0.000e+00
   1986.799     3.4530   3.286246  772602451  0.000e+00
   1997.546     3.4493   3.286376  772602461  0.000e+00
   2007.662     3.4470   3.286564  772602471  0.000e+00
   2017.497     3.4501   3.287165  772602481  0.000e+00
   2028.820     3.4487   3.287520  772602491  0.000e+00
   2033.108     3.4490   3.287711  772602501  0.000e+00
   2033.108     3.4435   3.287211  772602511  0.000e+00
   2032.409     3.4434   3.287159  772602521  0.000e+00
   2032.513     3.4445   3.287251  772602531  0.000e+00
   2032.243     3.4455   3.287262  772602541  0.000e+00
   2032.833     3.4462   3.287366  772602551  0.000e+00
   2032.384     3.4469   3.287366  772602561  0.000e+00
   2032.820     3.4471   3.287395  772602571  0.000e+00
   2033.556     3.4474   3.287435  772602581  0.000e+00
   2033.680     3.4465   3.287395  772602591  0.000e+00
   2033.522     3.4462   3.287378  772602601  0.000e+00
   2032.808     3.4453   3.287279  772602611  0.000e+00
   2032.504     3.4454   3.287256  772602621  0.000e+00
   2032.678     3.4459   3.287262  772602631  0.000e+00
   2032.803     3.4445   3.287216  772602641  0.000e+00
   2032.678     3.4441   3.287164  772602651  0.000e+00
   2032.616     3.4412   3.286917  772602661  0.000e+00
   2032.782     3.4376   3.286681  772602671  0.000e+00
   2033.260     3.4340   3.286365  772602681  0.000e+00
   2032.583     3.4325   3.286215  772602691  0.000e+00
   2033.414     3.4348   3.286393  772602701  0.000e+00
   2033.256     3.4341   3.286324  772602711  0.000e+00
   2033.442     3.4331   3.286255  772602721  0.000e+00
   2033.172     3.4334   3.286232  772602731  0.000e+00
   2033.554     3.4342   3.286330  772602741  0.000e+00
   2033.741     3.4334   3.286284  772602751  0.000e+00
   2032.715     3.4335   3.286261  772602761  0.000e+00
   2031.996     3.4352   3.286335  772602771  0.000e+00
   2031.975     3.4351   3.286307  772602781  0.000e+00
   2033.284     3.4331   3.286238  772602791  0.000e+00
   2032.038     3.4325   3.286123  772602801  0.000e+00
   2033.438     3.4310   3.286071  772602811  0.000e+00
   2033.105     3.4321   3.286140  772602821  0.000e+00
   2032.931     3.4337   3.286255  772602831  0.000e+00
   2033.562     3.4333   3.286221  772602841  0.000e+00
   2032.648     3.4327   3.286163  772602851  0.000e+00
   2032.947     3.4314   3.286100  772602861  0.000e+00
   2033.500     3.4313   3.286094  772602871  0.000e+00
   2033.487     3.4312   3.286071  772602881  0.000e+00
   2032.968     3.4325   3.286203  772602891  0.000e+00
   2032.947     3.4321   3.286134  772602901  0.000e+00
   2032.469     3.4326   3.286123  772602911  0.000e+00
   2032.947     3.4329   3.286186  772602921  0.000e+00
   2032.573     3.4305   3.286013  772602931  0.000e+00
   2032.186     3.4315   3.286042  772602941  0.000e+00
   2032.519     3.4313   3.286042  772602951  0.000e+00
   2033.038     3.4308   3.286014  772602961  0.000e+00
   2032.153     3.4303   3.285950  772602971  0.000e+00
   2032.402     3.4307   3.285990  772602981  0.000e+00
   2033.840     3.4302   3.286014  772602991  0.000e+00
   2032.851     3.4305   3.285996  772603001  0.000e+00
   2033.308     3.4301   3.285991  772603011  0.000e+00
   2032.277     3.4307   3.285967  772603021  0.000e+00
   2032.290     3.4300   3.285939  772603031  0.000e+00
   2032.360     3.4298   3.285939  772603041  0.000e+00
   2032.830     3.4299   3.285921  772603051  0.000e+00
   2033.025     3.4293   3.285893  772603061  0.000e+00
   2033.212     3.4261   3.285657  772603071  0.000e+00
