odissea/data/moor/raw/tc24015/microcat_cal_dip/cast21/16363_Cal_Dip_Data.cnv
* Sea-Bird SBE37SM-RS232  Data File:
* FileName = C:\Users\edaly\Documents\Cruise_material_data_misc\TC24015\ODISSEA_Deployment\SBE37SM-RS232_03716363_2024_06_25.hex
* Software version SeatermV2 2.8.0.119
* Temperature SN = 16363
* Conductivity SN = 16363
* System UpLoad Time = Jun 25 2024 06:55:29
* sample interval = 10 seconds
* <ApplicationData>
# nquan = 5
# nvalues = 2125                                  
# units = specified
# name 0 = prdM: Pressure, Strain Gauge [db]
# name 1 = tv290C: Temperature [ITS-90, deg C]
# name 2 = cond0S/m: Conductivity [S/m]
# name 3 = timeK: Time, Instrument [seconds]
# name 4 = flag:  0.000e+00
# span 0 =      0.347,   2034.051                 
# span 1 =     3.4261,    14.0879                 
# span 2 =  -0.000054,   4.203262                 
# span 3 =  772588801,  772610041                 
# span 4 = 0.0000e+00, 0.0000e+00                 
# interval = seconds: 10
# start_time = Jun 25 2024 00:00:01 [Instrument's time stamp, first data scan]
# bad_flag = -9.990e-29
*END*
[from data line 1429]
   2033.025     3.4279   3.285783  772603091  0.000e+00
   2033.661     3.4275   3.285749  772603101  0.000e+00
   2033.075     3.4277   3.285755  772603111  0.000e+00
   2032.984     3.4284   3.285795  772603121  0.000e+00
   2033.649     3.4284   3.285841  772603131  0.000e+00
   2033.192     3.4294   3.285887  772603141  0.000e+00
   2033.939     3.4292   3.285899  772603151  0.000e+00
   2034.051     3.4295   3.285933  772603161  0.000e+00
   2033.005     3.4289   3.285864  772603171  0.000e+00
   2033.171     3.4292   3.285899  772603181  0.000e+00
   2033.794     3.4280   3.285812  772603191  0.000e+00
   2033.407     3.4293   3.285922  772603201  0.000e+00
   2033.012     3.4295   3.285899  772603211  0.000e+00
   2033.532     3.4294   3.285916  772603221  0.000e+00
   2033.345     3.4295   3.285916  772603231  0.000e+00
   2033.158     3.4291   3.285899  772603241  0.000e+00
   2033.116     3.4295   3.285910  772603251  0.000e+00
   2033.054     3.4295   3.285922  772603261  0.000e+00
   2033.187     3.4296   3.285922  772603271  0.000e+00
   2032.950     3.4300   3.285927  772603281  0.000e+00
   2033.823     3.4297   3.285951  772603291  0.000e+00
   2033.075     3.4301   3.285956  772603301  0.000e+00
   2033.228     3.4309   3.286014  772603311  0.000e+00
   2033.283     3.4328   3.286181  772603321  0.000e+00
   2030.283     3.4332   3.286116  772603331  0.000e+00
   2028.200     3.4303   3.285776  772603341  0.000e+00
   2027.465     3.4312   3.285833  772603351  0.000e+00
   2028.325     3.4311   3.285839  772603361  0.000e+00
   2028.595     3.4332   3.286001  772603371  0.000e+00
   2028.450     3.4340   3.286081  772603381  0.000e+00
   2028.928     3.4355   3.286185  772603391  0.000e+00
   2029.239     3.4338   3.286093  772603401  0.000e+00
   2028.463     3.4349   3.286196  772603411  0.000e+00
   2028.242     3.4365   3.286202  772603421  0.000e+00
   2028.761     3.4403   3.286605  772603431  0.000e+00
   2028.907     3.4415   3.286714  772603441  0.000e+00
   2028.400     3.4414   3.286697  772603451  0.000e+00
   2019.226     3.4432   3.286423  772603461  0.000e+00
   2009.849     3.4387   3.285742  772603471  0.000e+00
   1998.516     3.4392   3.285209  772603481  0.000e+00
   1988.172     3.4564   3.286189  772603491  0.000e+00
   1978.299     3.4588   3.286002  772603501  0.000e+00
   1967.965     3.4586   3.285590  772603511  0.000e+00
   1957.479     3.4608   3.285380  772603521  0.000e+00
   1947.304     3.4719   3.285860  772603531  0.000e+00
   1936.673     3.4820   3.286173  772603541  0.000e+00
   1926.824     3.4962   3.286992  772603551  0.000e+00
   1927.289     3.4911   3.286808  772603561  0.000e+00
   1927.488     3.4886   3.286642  772603571  0.000e+00
   1927.219     3.4903   3.286739  772603581  0.000e+00
   1927.987     3.4940   3.287096  772603591  0.000e+00
   1926.907     3.4949   3.287177  772603601  0.000e+00
   1926.749     3.4954   3.287228  772603611  0.000e+00
   1927.933     3.4964   3.287350  772603621  0.000e+00
   1917.490     3.5182   3.288463  772603631  0.000e+00
   1907.153     3.5295   3.289098  772603641  0.000e+00
   1896.828     3.5345   3.289118  772603651  0.000e+00
   1886.616     3.5535   3.290214  772603661  0.000e+00
   1875.865     3.5683   3.290942  772603671  0.000e+00
   1867.003     3.5807   3.291676  772603681  0.000e+00
   1856.242     3.5907   3.292139  772603691  0.000e+00
   1846.552     3.6002   3.292568  772603701  0.000e+00
   1835.451     3.6188   3.293601  772603711  0.000e+00
   1825.318     3.6435   3.295193  772603721  0.000e+00
   1824.218     3.6402   3.295123  772603731  0.000e+00
   1824.529     3.6463   3.295688  772603741  0.000e+00
   1824.612     3.6474   3.295901  772603751  0.000e+00
   1825.006     3.6479   3.296022  772603761  0.000e+00
   1823.857     3.6491   3.296085  772603771  0.000e+00
   1824.156     3.6484   3.296114  772603781  0.000e+00
   1824.529     3.6463   3.295970  772603791  0.000e+00
   1823.845     3.6455   3.295889  772603801  0.000e+00
   1812.974     3.6607   3.296502  772603811  0.000e+00
   1803.630     3.6707   3.297052  772603821  0.000e+00
   1794.130     3.6868   3.297942  772603831  0.000e+00
   1783.282     3.7047   3.298907  772603841  0.000e+00
   1781.996     3.7070   3.299235  772603851  0.000e+00
   1781.125     3.7053   3.299229  772603861  0.000e+00
   1781.540     3.7094   3.299598  772603871  0.000e+00
   1781.851     3.7109   3.299759  772603881  0.000e+00
   1781.332     3.7120   3.299903  772603891  0.000e+00
   1781.021     3.7122   3.299926  772603901  0.000e+00
   1780.918     3.7124   3.299932  772603911  0.000e+00
   1781.510     3.7122   3.299996  772603921  0.000e+00
   1781.738     3.7133   3.300076  772603931  0.000e+00
   1781.324     3.7138   3.300105  772603941  0.000e+00
   1781.386     3.7145   3.300140  772603951  0.000e+00
   1781.469     3.7150   3.300203  772603961  0.000e+00
   1782.103     3.7141   3.300180  772603971  0.000e+00
   1781.593     3.7138   3.300134  772603981  0.000e+00
   1781.439     3.7137   3.300111  772603991  0.000e+00
   1781.365     3.7122   3.300001  772604001  0.000e+00
   1781.261     3.7125   3.300007  772604011  0.000e+00
   1781.344     3.7132   3.300070  772604021  0.000e+00
   1780.473     3.7126   3.299978  772604031  0.000e+00
   1780.361     3.7119   3.299920  772604041  0.000e+00
   1781.418     3.7121   3.299967  772604051  0.000e+00
   1782.061     3.7120   3.299990  772604061  0.000e+00
   1781.448     3.7120   3.299961  772604071  0.000e+00
   1781.418     3.7117   3.299955  772604081  0.000e+00
   1782.476     3.7112   3.299973  772604091  0.000e+00
   1781.833     3.7112   3.299932  772604101  0.000e+00
   1781.895     3.7112   3.299938  772604111  0.000e+00
   1781.252     3.7114   3.299932  772604121  0.000e+00
   1781.356     3.7109   3.299880  772604131  0.000e+00
   1781.223     3.7111   3.299903  772604141  0.000e+00
   1781.335     3.7109   3.299909  772604151  0.000e+00
   1781.916     3.7109   3.299915  772604161  0.000e+00
   1774.263     3.7267   3.300685  772604171  0.000e+00
   1764.993     3.7459   3.302008  772604181  0.000e+00
   1755.267     3.7595   3.302794  772604191  0.000e+00
   1744.786     3.7599   3.302462  772604201  0.000e+00
   1734.646     3.7647   3.302528  772604211  0.000e+00
   1724.445     3.7671   3.302294  772604221  0.000e+00
   1721.460     3.7684   3.302380  772604231  0.000e+00
   1720.785     3.7678   3.302357  772604241  0.000e+00
   1720.930     3.7687   3.302472  772604251  0.000e+00
   1720.092     3.7685   3.302455  772604261  0.000e+00
   1720.838     3.7684   3.302489  772604271  0.000e+00
   1720.568     3.7684   3.302495  772604281  0.000e+00
   1721.190     3.7684   3.302524  772604291  0.000e+00
   1720.962     3.7690   3.302576  772604301  0.000e+00
   1720.299     3.7691   3.302570  772604311  0.000e+00
   1720.589     3.7698   3.302645  772604321  0.000e+00
   1710.120     3.7729   3.302440  772604331  0.000e+00
   1700.480     3.7788   3.302512  772604341  0.000e+00
   1690.344     3.7888   3.302912  772604351  0.000e+00
   1679.556     3.7995   3.303318  772604361  0.000e+00
   1669.990     3.8623   3.308263  772604371  0.000e+00
   1659.960     3.8779   3.309529  772604381  0.000e+00
   1650.190     3.9108   3.311944  772604391  0.000e+00
   1639.870     3.9643   3.315987  772604401  0.000e+00
   1628.723     3.9894   3.318525  772604411  0.000e+00
   1621.761     4.0049   3.319874  772604421  0.000e+00
   1621.616     4.0003   3.319568  772604431  0.000e+00
   1621.741     4.0069   3.320417  772604441  0.000e+00
   1621.545     4.0179   3.321446  772604451  0.000e+00
   1621.927     4.0119   3.321053  772604461  0.000e+00
   1622.259     4.0166   3.321533  772604471  0.000e+00
   1622.777     4.0136   3.321654  772604481  0.000e+00
   1622.560     4.0059   3.320712  772604491  0.000e+00
   1619.204     4.0190   3.321653  772604501  0.000e+00
   1608.721     4.0535   3.324175  772604511  0.000e+00
   1597.824     4.0633   3.324593  772604521  0.000e+00
   1588.058     4.0727   3.325139  772604531  0.000e+00
   1577.991     4.0834   3.325633  772604541  0.000e+00
   1566.890     4.0856   3.325508  772604551  0.000e+00
   1556.949     4.1058   3.326933  772604561  0.000e+00
   1546.698     4.1496   3.330104  772604571  0.000e+00
   1536.293     4.2214   3.336448  772604581  0.000e+00
   1526.944     4.2470   3.338743  772604591  0.000e+00
   1521.095     4.2528   3.339251  772604601  0.000e+00
   1520.805     4.2711   3.340988  772604611  0.000e+00
   1520.319     4.2726   3.341619  772604621  0.000e+00
   1520.784     4.2787   3.342117  772604631  0.000e+00
   1520.225     4.2804   3.342534  772604641  0.000e+00
   1520.319     4.2867   3.343189  772604651  0.000e+00
   1520.526     4.2832   3.342894  772604661  0.000e+00
   1519.325     4.2833   3.342841  772604671  0.000e+00
   1520.205     4.2811   3.342702  772604681  0.000e+00
   1519.398     4.2924   3.343606  772604691  0.000e+00
   1520.702     4.2892   3.343508  772604701  0.000e+00
   1521.127     4.2818   3.342871  772604711  0.000e+00
   1521.148     4.2838   3.343149  772604721  0.000e+00
   1520.692     4.2889   3.343496  772604731  0.000e+00
   1520.609     4.2870   3.343380  772604741  0.000e+00
   1520.423     4.2836   3.343033  772604751  0.000e+00
   1520.020     4.2880   3.343392  772604761  0.000e+00
   1519.947     4.2895   3.343496  772604771  0.000e+00
   1520.289     4.2888   3.343450  772604781  0.000e+00
   1520.227     4.2877   3.343403  772604791  0.000e+00
   1520.310     4.2853   3.343258  772604801  0.000e+00
   1520.424     4.2843   3.343131  772604811  0.000e+00
   1520.185     4.2854   3.343195  772604821  0.000e+00
   1520.465     4.2844   3.343108  772604831  0.000e+00
   1520.072     4.2844   3.343096  772604841  0.000e+00
   1519.637     4.2853   3.343148  772604851  0.000e+00
   1520.092     4.2853   3.343160  772604861  0.000e+00
   1520.299     4.2861   3.343258  772604871  0.000e+00
   1520.589     4.2818   3.342934  772604881  0.000e+00
   1520.506     4.2810   3.342795  772604891  0.000e+00
   1520.910     4.2773   3.342465  772604901  0.000e+00
   1520.310     4.2726   3.342071  772604911  0.000e+00
   1520.248     4.2714   3.341944  772604921  0.000e+00
   1510.672     4.3145   3.345126  772604931  0.000e+00
   1500.973     4.3253   3.345813  772604941  0.000e+00
   1490.415     4.3332   3.346140  772604951  0.000e+00
   1479.920     4.3579   3.347985  772604961  0.000e+00
   1469.716     4.4091   3.352185  772604971  0.000e+00
   1459.274     4.4210   3.352999  772604981  0.000e+00
   1449.320     4.4825   3.358002  772604991  0.000e+00
   1438.466     4.4968   3.359444  772605001  0.000e+00
   1428.254     4.5267   3.361756  772605011  0.000e+00
   1418.736     4.6201   3.369989  772605021  0.000e+00
   1416.232     4.6186   3.370436  772605031  0.000e+00
   1416.770     4.6178   3.370598  772605041  0.000e+00
   1416.222     4.6184   3.370883  772605051  0.000e+00
   1416.677     4.6202   3.371133  772605061  0.000e+00
   1416.946     4.6197   3.371220  772605071  0.000e+00
   1416.946     4.6192   3.371244  772605081  0.000e+00
   1416.884     4.6214   3.371430  772605091  0.000e+00
   1416.832     4.6217   3.371493  772605101  0.000e+00
   1417.328     4.6221   3.371592  772605111  0.000e+00
   1408.163     4.6435   3.372833  772605121  0.000e+00
   1397.736     4.6886   3.376650  772605131  0.000e+00
   1388.002     4.6934   3.376902  772605141  0.000e+00
   1377.587     4.7061   3.377760  772605151  0.000e+00
   1368.103     4.7548   3.381468  772605161  0.000e+00
   1357.027     4.8450   3.389480  772605171  0.000e+00
   1347.120     4.9726   3.401302  772605181  0.000e+00
   1336.987     5.0173   3.405592  772605191  0.000e+00
   1326.565     5.0776   3.411291  772605201  0.000e+00
   1316.557     5.1072   3.414079  772605211  0.000e+00
   1316.587     5.1107   3.415481  772605221  0.000e+00
   1315.802     5.1173   3.415989  772605231  0.000e+00
   1316.742     5.1156   3.416118  772605241  0.000e+00
   1315.915     5.1201   3.416579  772605251  0.000e+00
   1316.783     5.1174   3.416527  772605261  0.000e+00
   1316.255     5.1087   3.415744  772605271  0.000e+00
   1316.896     5.1075   3.415668  772605281  0.000e+00
   1316.069     5.1173   3.416457  772605291  0.000e+00
   1306.754     5.1701   3.420988  772605301  0.000e+00
   1296.819     5.2752   3.430149  772605311  0.000e+00
   1286.172     5.3463   3.436719  772605321  0.000e+00
   1275.866     5.4855   3.449684  772605331  0.000e+00
   1265.542     5.5378   3.454819  772605341  0.000e+00
   1265.820     5.5282   3.455049  772605351  0.000e+00
   1265.788     5.5100   3.453658  772605361  0.000e+00
   1265.871     5.5169   3.454474  772605371  0.000e+00
   1265.942     5.5330   3.456029  772605381  0.000e+00
   1266.034     5.5437   3.457091  772605391  0.000e+00
   1265.497     5.5439   3.457243  772605401  0.000e+00
   1265.444     5.5441   3.457390  772605411  0.000e+00
   1266.085     5.5450   3.457549  772605421  0.000e+00
   1266.023     5.5464   3.457707  772605431  0.000e+00
   1265.639     5.5456   3.457672  772605441  0.000e+00
   1265.752     5.5453   3.457654  772605451  0.000e+00
   1266.372     5.5451   3.457678  772605461  0.000e+00
   1266.319     5.5452   3.457713  772605471  0.000e+00
   1265.865     5.5459   3.457748  772605481  0.000e+00
   1266.556     5.5456   3.457778  772605491  0.000e+00
   1266.205     5.5467   3.457842  772605501  0.000e+00
   1266.143     5.5475   3.457925  772605511  0.000e+00
   1265.915     5.5477   3.457930  772605521  0.000e+00
   1265.697     5.5475   3.457924  772605531  0.000e+00
   1265.252     5.5483   3.457936  772605541  0.000e+00
   1265.500     5.5483   3.457995  772605551  0.000e+00
   1265.396     5.5484   3.457995  772605561  0.000e+00
   1265.148     5.5480   3.457954  772605571  0.000e+00
   1265.727     5.5473   3.457889  772605581  0.000e+00
   1265.881     5.5475   3.457989  772605591  0.000e+00
   1265.778     5.5464   3.457831  772605601  0.000e+00
   1265.406     5.5483   3.458001  772605611  0.000e+00
   1265.725     5.5479   3.457954  772605621  0.000e+00
   1265.642     5.5475   3.457954  772605631  0.000e+00
   1265.869     5.5445   3.457737  772605641  0.000e+00
   1265.993     5.5424   3.457508  772605651  0.000e+00
   1261.735     5.5498   3.457935  772605661  0.000e+00
   1251.038     5.6473   3.466453  772605671  0.000e+00
   1239.877     5.7714   3.478067  772605681  0.000e+00
   1230.804     5.8645   3.486605  772605691  0.000e+00
   1219.996     5.8988   3.490295  772605701  0.000e+00
   1209.880     6.0217   3.500749  772605711  0.000e+00
   1199.983     6.1612   3.515883  772605721  0.000e+00
   1190.086     6.2215   3.520679  772605731  0.000e+00
   1180.095     6.2761   3.527412  772605741  0.000e+00
   1169.312     6.5265   3.551283  772605751  0.000e+00
   1159.520     6.6835   3.567394  772605761  0.000e+00
   1148.954     6.8293   3.582564  772605771  0.000e+00
   1138.337     6.8990   3.590029  772605781  0.000e+00
   1128.937     7.0551   3.605810  772605791  0.000e+00
   1117.611     7.2267   3.622742  772605801  0.000e+00
   1110.979     7.3323   3.634671  772605811  0.000e+00
   1111.277     7.2626   3.629350  772605821  0.000e+00
   1110.860     7.2745   3.631307  772605831  0.000e+00
   1111.079     7.3228   3.635851  772605841  0.000e+00
   1111.310     7.3655   3.640433  772605851  0.000e+00
   1111.063     7.3701   3.641643  772605861  0.000e+00
   1111.567     7.3719   3.641895  772605871  0.000e+00
   1111.583     7.3639   3.641356  772605881  0.000e+00
   1109.725     7.3722   3.642020  772605891  0.000e+00
   1099.148     7.4982   3.653342  772605901  0.000e+00
   1089.485     7.5661   3.660547  772605911  0.000e+00
   1078.228     7.5984   3.663186  772605921  0.000e+00
   1067.872     7.7219   3.675142  772605931  0.000e+00
