odissea/data/moor/raw/tc24015/microcat_cal_dip/cast21/16363_Cal_Dip_Data.cnv
* Sea-Bird SBE37SM-RS232  Data File:
* FileName = C:\Users\edaly\Documents\Cruise_material_data_misc\TC24015\ODISSEA_Deployment\SBE37SM-RS232_03716363_2024_06_25.hex
* Software version SeatermV2 2.8.0.119
* Temperature SN = 16363
* Conductivity SN = 16363
* System UpLoad Time = Jun 25 2024 06:55:29
* sample interval = 10 seconds
* <ApplicationData>
# nquan = 5
# nvalues = 2125                                  
# units = specified
# name 0 = prdM: Pressure, Strain Gauge [db]
# name 1 = tv290C: Temperature [ITS-90, deg C]
# name 2 = cond0S/m: Conductivity [S/m]
# name 3 = timeK: Time, Instrument [seconds]
# name 4 = flag:  0.000e+00
# span 0 =      0.347,   2034.051                 
# span 1 =     3.4261,    14.0879                 
# span 2 =  -0.000054,   4.203262                 
# span 3 =  772588801,  772610041                 
# span 4 = 0.0000e+00, 0.0000e+00                 
# interval = seconds: 10
# start_time = Jun 25 2024 00:00:01 [Instrument's time stamp, first data scan]
# bad_flag = -9.990e-29
*END*
      0.503    13.7386   0.000015  772588801  0.000e+00
      0.441    13.7391   0.000015  772588811  0.000e+00
      0.462    13.7403   0.000012  772588821  0.000e+00
      0.462    13.7417   0.000012  772588831  0.000e+00
      0.461    13.7441   0.000012  772588841  0.000e+00
      0.503    13.7457   0.000009  772588851  0.000e+00
      0.503    13.7490   0.000012  772588861  0.000e+00
      0.441    13.7501   0.000012  772588871  0.000e+00
      0.482    13.7531   0.000009  772588881  0.000e+00
      0.462    13.7551   0.000012  772588891  0.000e+00
      0.523    13.7574   0.000012  772588901  0.000e+00
      0.462    13.7609   0.000009  772588911  0.000e+00
      0.462    13.7633   0.000009  772588921  0.000e+00
      0.462    13.7645   0.000012  772588931  0.000e+00
      0.482    13.7675   0.000012  772588941  0.000e+00
      0.481    13.7714   0.000012  772588951  0.000e+00
      0.482    13.7743   0.000012  772588961  0.000e+00
      0.462    13.7774   0.000012  772588971  0.000e+00
      0.462    13.7800   0.000009  772588981  0.000e+00
      0.442    13.7824   0.000012  772588991  0.000e+00
      0.482    13.7849   0.000009  772589001  0.000e+00
      0.504    13.7872   0.000012  772589011  0.000e+00
      0.462    13.7893   0.000012  772589021  0.000e+00
      0.463    13.7929   0.000012  772589031  0.000e+00
      0.463    13.7955   0.000012  772589041  0.000e+00
      0.483    13.8007   0.000012  772589051  0.000e+00
      0.483    13.8029   0.000009  772589061  0.000e+00
      0.483    13.8070   0.000012  772589071  0.000e+00
      0.482    13.8109   0.000012  772589081  0.000e+00
      0.442    13.8180   0.000012  772589091  0.000e+00
      0.463    13.8255   0.000012  772589101  0.000e+00
      0.504    13.8322   0.000012  772589111  0.000e+00
      0.523    13.8384   0.000009  772589121  0.000e+00
      0.483    13.8453   0.000012  772589131  0.000e+00
      0.504    13.8550   0.000012  772589141  0.000e+00
      0.442    13.8637   0.000012  772589151  0.000e+00
      0.482    13.8732   0.000012  772589161  0.000e+00
      0.442    13.8816   0.000009  772589171  0.000e+00
      0.442    13.8847   0.000012  772589181  0.000e+00
      0.442    13.8881   0.000012  772589191  0.000e+00
      0.483    13.8917   0.000012  772589201  0.000e+00
      0.483    13.8960   0.000012  772589211  0.000e+00
      0.463    13.9002   0.000009  772589221  0.000e+00
      0.483    13.9037   0.000012  772589231  0.000e+00
      0.483    13.9090   0.000009  772589241  0.000e+00
      0.463    13.9126   0.000009  772589251  0.000e+00
      0.442    13.9170   0.000009  772589261  0.000e+00
      0.463    13.9211   0.000012  772589271  0.000e+00
      0.504    13.9248   0.000012  772589281  0.000e+00
      0.443    13.9290   0.000012  772589291  0.000e+00
      0.464    13.9314   0.000009  772589301  0.000e+00
      0.464    13.9349   0.000009  772589311  0.000e+00
      0.423    13.9374   0.000012  772589321  0.000e+00
      0.443    13.9383   0.000012  772589331  0.000e+00
      0.443    13.9412   0.000009  772589341  0.000e+00
      0.422    13.9434   0.000012  772589351  0.000e+00
      0.505    13.9480   0.000009  772589361  0.000e+00
      0.465    13.9509   0.000012  772589371  0.000e+00
      0.504    13.9525   0.000009  772589381  0.000e+00
      0.443    13.9566   0.000012  772589391  0.000e+00
      0.443    13.9606   0.000012  772589401  0.000e+00
      0.464    13.9652   0.000012  772589411  0.000e+00
      0.423    13.9696   0.000009  772589421  0.000e+00
      0.505    13.9735   0.000009  772589431  0.000e+00
      0.464    13.9764   0.000010  772589441  0.000e+00
      0.443    13.9783   0.000012  772589451  0.000e+00
      0.484    13.9815   0.000010  772589461  0.000e+00
      0.464    13.9860   0.000012  772589471  0.000e+00
      0.443    13.9901   0.000012  772589481  0.000e+00
      0.505    13.9939   0.000012  772589491  0.000e+00
      0.443    13.9991   0.000012  772589501  0.000e+00
      0.465    14.0022   0.000010  772589511  0.000e+00
      0.485    14.0060   0.000012  772589521  0.000e+00
      0.465    14.0083   0.000010  772589531  0.000e+00
      0.443    14.0121   0.000012  772589541  0.000e+00
      0.443    14.0145   0.000012  772589551  0.000e+00
      0.444    14.0163   0.000010  772589561  0.000e+00
      0.402    14.0169   0.000012  772589571  0.000e+00
      0.444    14.0190   0.000010  772589581  0.000e+00
      0.465    14.0198   0.000010  772589591  0.000e+00
      0.403    14.0186   0.000010  772589601  0.000e+00
      0.444    14.0195   0.000012  772589611  0.000e+00
      0.485    14.0198   0.000012  772589621  0.000e+00
      0.444    14.0209   0.000010  772589631  0.000e+00
      0.465    14.0206   0.000012  772589641  0.000e+00
      0.444    14.0208   0.000010  772589651  0.000e+00
      0.465    14.0209   0.000010  772589661  0.000e+00
      0.383    14.0215   0.000010  772589671  0.000e+00
      0.424    14.0214   0.000010  772589681  0.000e+00
      0.465    14.0206   0.000012  772589691  0.000e+00
      0.506    14.0203   0.000010  772589701  0.000e+00
      0.444    14.0203   0.000012  772589711  0.000e+00
      0.465    14.0195   0.000010  772589721  0.000e+00
      0.424    14.0187   0.000010  772589731  0.000e+00
      0.404    14.0168   0.000010  772589741  0.000e+00
      0.425    14.0157   0.000012  772589751  0.000e+00
      0.465    14.0165   0.000012  772589761  0.000e+00
      0.465    14.0191   0.000012  772589771  0.000e+00
      0.466    14.0186   0.000010  772589781  0.000e+00
      0.445    14.0178   0.000010  772589791  0.000e+00
      0.445    14.0203   0.000012  772589801  0.000e+00
      0.466    14.0208   0.000018  772589811  0.000e+00
      0.444    14.0212   0.000012  772589821  0.000e+00
      0.485    14.0206   0.000010  772589831  0.000e+00
      0.485    14.0206   0.000010  772589841  0.000e+00
      0.445    14.0203   0.000012  772589851  0.000e+00
      0.445    14.0222   0.000010  772589861  0.000e+00
      0.424    14.0242   0.000012  772589871  0.000e+00
      0.405    14.0258   0.000012  772589881  0.000e+00
      0.425    14.0363   0.000010  772589891  0.000e+00
      0.404    14.0366   0.000010  772589901  0.000e+00
      0.445    14.0355   0.000012  772589911  0.000e+00
      0.425    14.0358   0.000010  772589921  0.000e+00
      0.445    14.0347   0.000012  772589931  0.000e+00
      0.445    14.0358   0.000012  772589941  0.000e+00
      0.446    14.0346   0.000012  772589951  0.000e+00
      0.445    14.0369   0.000012  772589961  0.000e+00
      0.385    14.0381   0.000012  772589971  0.000e+00
      0.446    14.0375   0.000010  772589981  0.000e+00
      0.446    14.0388   0.000010  772589991  0.000e+00
      0.466    14.0413   0.000010  772590001  0.000e+00
      0.487    14.0437   0.000010  772590011  0.000e+00
      0.426    14.0453   0.000012  772590021  0.000e+00
      0.385    14.0458   0.000012  772590031  0.000e+00
      0.467    14.0450   0.000012  772590041  0.000e+00
      0.447    14.0453   0.000010  772590051  0.000e+00
      0.426    14.0463   0.000012  772590061  0.000e+00
      0.466    14.0459   0.000010  772590071  0.000e+00
      0.425    14.0463   0.000010  772590081  0.000e+00
      0.426    14.0448   0.000012  772590091  0.000e+00
      0.426    14.0452   0.000010  772590101  0.000e+00
      0.467    14.0455   0.000010  772590111  0.000e+00
      0.509    14.0452   0.000010  772590121  0.000e+00
      0.446    14.0452   0.000012  772590131  0.000e+00
      0.426    14.0453   0.000012  772590141  0.000e+00
      0.446    14.0454   0.000012  772590151  0.000e+00
      0.406    14.0447   0.000010  772590161  0.000e+00
      0.427    14.0454   0.000012  772590171  0.000e+00
      0.427    14.0434   0.000012  772590181  0.000e+00
      0.427    14.0418   0.000012  772590191  0.000e+00
      0.467    14.0409   0.000010  772590201  0.000e+00
      0.427    14.0413   0.000012  772590211  0.000e+00
      0.487    14.0412   0.000010  772590221  0.000e+00
      0.447    14.0402   0.000012  772590231  0.000e+00
      0.446    14.0372   0.000010  772590241  0.000e+00
      0.447    14.0369   0.000012  772590251  0.000e+00
      0.447    14.0361   0.000010  772590261  0.000e+00
      0.426    14.0341   0.000010  772590271  0.000e+00
      0.406    14.0323   0.000010  772590281  0.000e+00
      0.427    14.0305   0.000010  772590291  0.000e+00
      0.447    14.0302   0.000012  772590301  0.000e+00
      0.427    14.0295   0.000010  772590311  0.000e+00
      0.447    14.0267   0.000010  772590321  0.000e+00
      0.447    14.0248   0.000010  772590331  0.000e+00
      0.447    14.0251   0.000010  772590341  0.000e+00
      0.446    14.0240   0.000012  772590351  0.000e+00
      0.427    14.0216   0.000010  772590361  0.000e+00
      0.446    14.0200   0.000012  772590371  0.000e+00
      0.406    14.0182   0.000012  772590381  0.000e+00
      0.447    14.0167   0.000010  772590391  0.000e+00
      0.386    14.0155   0.000010  772590401  0.000e+00
      0.448    14.0146   0.000010  772590411  0.000e+00
      0.407    14.0132   0.000010  772590421  0.000e+00
      0.406    14.0121   0.000010  772590431  0.000e+00
      0.407    14.0104   0.000012  772590441  0.000e+00
      0.406    14.0101   0.000012  772590451  0.000e+00
      0.427    14.0098   0.000010  772590461  0.000e+00
      0.468    14.0074   0.000012  772590471  0.000e+00
      0.448    14.0058   0.000010  772590481  0.000e+00
      0.428    14.0039   0.000012  772590491  0.000e+00
      0.427    14.0032   0.000010  772590501  0.000e+00
      0.428    14.0017   0.000012  772590511  0.000e+00
      0.448    14.0013   0.000012  772590521  0.000e+00
      0.488    14.0009   0.000010  772590531  0.000e+00
      0.406    14.0003   0.000012  772590541  0.000e+00
      0.448    13.9991   0.000010  772590551  0.000e+00
      0.468    13.9967   0.000010  772590561  0.000e+00
      0.427    13.9953   0.000010  772590571  0.000e+00
      0.406    13.9955   0.000010  772590581  0.000e+00
      0.448    13.9951   0.000010  772590591  0.000e+00
      0.387    13.9950   0.000012  772590601  0.000e+00
      0.427    13.9928   0.000010  772590611  0.000e+00
      0.468    13.9919   0.000012  772590621  0.000e+00
      0.448    13.9906   0.000012  772590631  0.000e+00
      0.469    13.9898   0.000010  772590641  0.000e+00
      0.448    13.9897   0.000010  772590651  0.000e+00
      0.428    13.9900   0.000010  772590661  0.000e+00
      0.406    13.9902   0.000012  772590671  0.000e+00
      0.427    13.9888   0.000010  772590681  0.000e+00
      0.387    13.9879   0.000010  772590691  0.000e+00
      0.407    13.9886   0.000010  772590701  0.000e+00
      0.448    13.9865   0.000010  772590711  0.000e+00
      0.428    13.9875   0.000012  772590721  0.000e+00
      0.407    13.9871   0.000010  772590731  0.000e+00
      0.428    13.9864   0.000010  772590741  0.000e+00
      0.428    13.9872   0.000010  772590751  0.000e+00
      0.468    13.9871   0.000010  772590761  0.000e+00
      0.428    13.9858   0.000010  772590771  0.000e+00
      0.387    13.9862   0.000010  772590781  0.000e+00
      0.448    13.9872   0.000010  772590791  0.000e+00
      0.407    13.9856   0.000010  772590801  0.000e+00
      0.407    13.9846   0.000012  772590811  0.000e+00
      0.428    13.9846   0.000012  772590821  0.000e+00
      0.428    13.9857   0.000010  772590831  0.000e+00
      0.428    13.9862   0.000010  772590841  0.000e+00
      0.428    13.9850   0.000010  772590851  0.000e+00
      0.448    13.9849   0.000010  772590861  0.000e+00
      0.387    13.9838   0.000010  772590871  0.000e+00
      0.429    13.9833   0.000010  772590881  0.000e+00
      0.448    13.9837   0.000010  772590891  0.000e+00
      0.469    13.9830   0.000010  772590901  0.000e+00
      0.387    13.9823   0.000010  772590911  0.000e+00
      0.407    13.9813   0.000010  772590921  0.000e+00
      0.448    13.9809   0.000010  772590931  0.000e+00
      0.428    13.9793   0.000010  772590941  0.000e+00
      0.407    13.9788   0.000010  772590951  0.000e+00
      0.407    13.9794   0.000010  772590961  0.000e+00
      0.428    13.9791   0.000012  772590971  0.000e+00
      0.428    13.9794   0.000010  772590981  0.000e+00
      0.448    13.9782   0.000010  772590991  0.000e+00
      0.448    13.9758   0.000009  772591001  0.000e+00
      0.407    13.9754   0.000009  772591011  0.000e+00
      0.448    13.9745   0.000009  772591021  0.000e+00
      0.429    13.9734   0.000009  772591031  0.000e+00
      0.408    13.9742   0.000009  772591041  0.000e+00
      0.470    13.9734   0.000009  772591051  0.000e+00
      0.428    13.9719   0.000009  772591061  0.000e+00
      0.469    13.9731   0.000009  772591071  0.000e+00
      0.428    13.9727   0.000009  772591081  0.000e+00
      0.388    13.9719   0.000009  772591091  0.000e+00
      0.429    13.9710   0.000009  772591101  0.000e+00
      0.449    13.9703   0.000009  772591111  0.000e+00
      0.470    13.9690   0.000009  772591121  0.000e+00
      0.407    13.9673   0.000012  772591131  0.000e+00
      0.367    13.9671   0.000009  772591141  0.000e+00
      0.387    13.9668   0.000012  772591151  0.000e+00
      0.449    13.9666   0.000009  772591161  0.000e+00
      0.448    13.9651   0.000009  772591171  0.000e+00
      0.428    13.9635   0.000009  772591181  0.000e+00
      0.387    13.9631   0.000009  772591191  0.000e+00
      0.428    13.9638   0.000009  772591201  0.000e+00
      0.388    13.9644   0.000012  772591211  0.000e+00
      0.408    13.9623   0.000009  772591221  0.000e+00
      0.408    13.9614   0.000009  772591231  0.000e+00
      0.429    13.9608   0.000012  772591241  0.000e+00
      0.429    13.9603   0.000009  772591251  0.000e+00
      0.449    13.9605   0.000009  772591261  0.000e+00
      0.428    13.9598   0.000009  772591271  0.000e+00
      0.408    13.9586   0.000009  772591281  0.000e+00
      0.408    13.9581   0.000009  772591291  0.000e+00
      0.408    13.9593   0.000009  772591301  0.000e+00
      0.407    13.9578   0.000009  772591311  0.000e+00
      0.408    13.9557   0.000009  772591321  0.000e+00
      0.449    13.9544   0.000009  772591331  0.000e+00
      0.408    13.9556   0.000009  772591341  0.000e+00
      0.449    13.9575   0.000009  772591351  0.000e+00
      0.429    13.9548   0.000009  772591361  0.000e+00
      0.429    13.9561   0.000009  772591371  0.000e+00
      0.388    13.9562   0.000009  772591381  0.000e+00
      0.429    13.9554   0.000012  772591391  0.000e+00
      0.408    13.9563   0.000009  772591401  0.000e+00
      0.429    13.9563   0.000009  772591411  0.000e+00
      0.408    13.9574   0.000009  772591421  0.000e+00
      0.408    13.9581   0.000009  772591431  0.000e+00
      0.429    13.9586   0.000009  772591441  0.000e+00
      0.407    13.9592   0.000009  772591451  0.000e+00
      0.429    13.9592   0.000012  772591461  0.000e+00
      0.511    13.9594   0.000009  772591471  0.000e+00
      0.449    13.9591   0.000009  772591481  0.000e+00
      0.429    13.9592   0.000009  772591491  0.000e+00
      0.448    13.9597   0.000012  772591501  0.000e+00
      0.470    13.9594   0.000009  772591511  0.000e+00
      0.429    13.9595   0.000012  772591521  0.000e+00
      0.449    13.9593   0.000009  772591531  0.000e+00
      0.429    13.9597   0.000012  772591541  0.000e+00
      0.368    13.9607   0.000009  772591551  0.000e+00
      0.429    13.9613   0.000009  772591561  0.000e+00
      0.429    13.9617   0.000012  772591571  0.000e+00
      0.408    13.9618   0.000009  772591581  0.000e+00
      0.408    13.9622   0.000012  772591591  0.000e+00
      0.449    13.9628   0.000009  772591601  0.000e+00
      0.470    13.9639   0.000009  772591611  0.000e+00
      0.429    13.9630   0.000009  772591621  0.000e+00
      0.470    13.9639   0.000009  772591631  0.000e+00
      0.388    13.9632   0.000009  772591641  0.000e+00
