odissea/data/moor/raw/tc24015/microcat_cal_dip/cast21/16379_Cal_Dip_Data.cnv
* Sea-Bird SBE37SM-RS232  Data File:
* FileName = C:\Users\edaly\Documents\Base_Data\SBE37\SRT_Recovered_mooring_June2024\SBE37SM-RS232_03716379_2024_06_25.hex
* Software version SeatermV2 2.8.0.119
* Temperature SN = 16379
* Conductivity SN = 16379
* System UpLoad Time = Jun 25 2024 06:44:18
* sample interval = 10 seconds
* <ApplicationData>
# nquan = 5
# nvalues = 2056                                  
# units = specified
# name 0 = prdM: Pressure, Strain Gauge [db]
# name 1 = tv290C: Temperature [ITS-90, deg C]
# name 2 = cond0S/m: Conductivity [S/m]
# name 3 = timeK: Time, Instrument [seconds]
# name 4 = flag:  0.000e+00
# span 0 =      0.341,   2033.365                 
# span 1 =     3.4270,    13.6980                 
# span 2 =  -0.000006,   4.202949                 
# span 3 =  772588801,  772609351                 
# span 4 = 0.0000e+00, 0.0000e+00                 
# interval = seconds: 10
# start_time = Jun 25 2024 00:00:01 [Instrument's time stamp, first data scan]
# bad_flag = -9.990e-29
*END*
[from data line 1143]
      0.433    13.6962 -3.124e-07  772600231  0.000e+00
      0.576    13.6875 -3.052e-07  772600241  0.000e+00
      0.576    13.6783  -0.000003  772600251  0.000e+00
      0.537    13.6751  -0.000003  772600261  0.000e+00
      0.576    13.6699   0.000008  772600271  0.000e+00
      0.475    13.6607 -2.829e-07  772600281  0.000e+00
      0.517    13.6241 -2.524e-07  772600291  0.000e+00
      0.621    13.5099 -1.573e-07  772600301  0.000e+00
      0.496    13.4488 -1.065e-07  772600311  0.000e+00
      0.472    13.4180 -8.086e-08  772600321  0.000e+00
      0.600    13.3935 -6.042e-08  772600331  0.000e+00
      0.558    13.3679  -0.000003  772600341  0.000e+00
      0.472    13.3468 -2.155e-08  772600351  0.000e+00
      0.579    13.3312 -8.532e-09  772600361  0.000e+00
      2.432    13.4718   2.065163  772600371  0.000e+00
      5.789    13.5018   3.774368  772600381  0.000e+00
      6.603    13.4999   4.035285  772600391  0.000e+00
      6.769    13.4965   3.886079  772600401  0.000e+00
      6.689    13.5034   3.782117  772600411  0.000e+00
      6.311    13.5063   3.755605  772600421  0.000e+00
      6.498    13.5030   3.923396  772600431  0.000e+00
      6.290    13.5040   3.851797  772600441  0.000e+00
      5.786    13.5074   3.907213  772600451  0.000e+00
      2.554    13.5040   3.718865  772600461  0.000e+00
      2.450    13.5040   3.875369  772600471  0.000e+00
      2.117    13.5045   4.012664  772600481  0.000e+00
      2.221    13.5018   3.929446  772600491  0.000e+00
      2.137    13.4981   3.714639  772600501  0.000e+00
      2.385    13.4956   4.191628  772600511  0.000e+00
      9.641    13.5076   4.201476  772600521  0.000e+00
     19.567    13.5096   4.202388  772600531  0.000e+00
     29.703    13.5089   4.202949  772600541  0.000e+00
     39.276    13.3730   4.194266  772600551  0.000e+00
     48.662    12.9856   4.161424  772600561  0.000e+00
     58.090    12.6722   4.132524  772600571  0.000e+00
     68.663    12.3387   4.102016  772600581  0.000e+00
     78.841    12.1817   4.084944  772600591  0.000e+00
     89.192    11.9877   4.065628  772600601  0.000e+00
     99.017    11.9256   4.058222  772600611  0.000e+00
    108.928    11.8600   4.052335  772600621  0.000e+00
    119.129    11.8131   4.047472  772600631  0.000e+00
    128.496    11.8443   4.050735  772600641  0.000e+00
    138.740    11.8261   4.048721  772600651  0.000e+00
    148.968    11.7766   4.043854  772600661  0.000e+00
    159.043    11.5868   4.024303  772600671  0.000e+00
    169.080    11.5492   4.019473  772600681  0.000e+00
    179.849    11.5335   4.017742  772600691  0.000e+00
    189.575    11.5139   4.015698  772600701  0.000e+00
    199.844    11.4753   4.011783  772600711  0.000e+00
    209.968    11.4705   4.011485  772600721  0.000e+00
    220.113    11.4365   4.008613  772600731  0.000e+00
    230.485    11.4253   4.007450  772600741  0.000e+00
    240.652    11.4018   4.005496  772600751  0.000e+00
    250.193    11.3814   4.003680  772600761  0.000e+00
    260.379    11.3235   3.998107  772600771  0.000e+00
    270.548    11.3054   3.996361  772600781  0.000e+00
    279.506    11.2941   3.995286  772600791  0.000e+00
    290.324    11.2813   3.994300  772600801  0.000e+00
    299.723    11.2791   3.994210  772600811  0.000e+00
    310.375    11.2560   3.992421  772600821  0.000e+00
    320.321    11.2308   3.990182  772600831  0.000e+00
    330.010    11.2136   3.988631  772600841  0.000e+00
    340.497    11.2123   3.988874  772600851  0.000e+00
    350.818    11.2084   3.988972  772600861  0.000e+00
    361.160    11.1850   3.986921  772600871  0.000e+00
    370.738    11.1778   3.986549  772600881  0.000e+00
    380.597    11.1761   3.986822  772600891  0.000e+00
    390.728    11.1687   3.986500  772600901  0.000e+00
    400.634    11.1618   3.986210  772600911  0.000e+00
    410.879    11.1574   3.986157  772600921  0.000e+00
    420.933    11.1478   3.985610  772600931  0.000e+00
    430.757    11.1413   3.985438  772600941  0.000e+00
    441.815    11.1236   3.984102  772600951  0.000e+00
    451.645    11.0913   3.980994  772600961  0.000e+00
    463.275    11.0671   3.978670  772600971  0.000e+00
    472.893    11.0324   3.975226  772600981  0.000e+00
    483.473    10.9797   3.970157  772600991  0.000e+00
    493.850    10.9271   3.964660  772601001  0.000e+00
    504.871    10.8858   3.960371  772601011  0.000e+00
    515.078    10.8077   3.952445  772601021  0.000e+00
    525.515    10.7551   3.947038  772601031  0.000e+00
    535.836    10.6878   3.939914  772601041  0.000e+00
    546.709    10.6105   3.932434  772601051  0.000e+00
    557.216    10.5070   3.921829  772601061  0.000e+00
    567.410    10.4534   3.917018  772601071  0.000e+00
    577.427    10.3448   3.905498  772601081  0.000e+00
    587.706    10.2372   3.895444  772601091  0.000e+00
    597.666    10.0996   3.881576  772601101  0.000e+00
    608.088    10.0120   3.872822  772601111  0.000e+00
    618.924     9.9675   3.867794  772601121  0.000e+00
    628.876     9.8887   3.860240  772601131  0.000e+00
    639.566     9.8882   3.860200  772601141  0.000e+00
    649.514     9.9332   3.865622  772601151  0.000e+00
    659.961     9.8615   3.860208  772601161  0.000e+00
    669.313     9.8281   3.857461  772601171  0.000e+00
    679.410     9.8047   3.855635  772601181  0.000e+00
    689.732     9.7309   3.848893  772601191  0.000e+00
    699.840     9.6455   3.841125  772601201  0.000e+00
    710.882     9.6075   3.838470  772601211  0.000e+00
    721.122     9.6533   3.844361  772601221  0.000e+00
    731.191     9.5817   3.838423  772601231  0.000e+00
    741.480     9.4443   3.826288  772601241  0.000e+00
    752.136     9.3844   3.820318  772601251  0.000e+00
    762.888     9.3549   3.818401  772601261  0.000e+00
    773.635     9.1853   3.801928  772601271  0.000e+00
    784.320     9.1330   3.796685  772601281  0.000e+00
    794.560     9.1516   3.798519  772601291  0.000e+00
    805.001     9.0865   3.793838  772601301  0.000e+00
    815.457     8.9691   3.783692  772601311  0.000e+00
    824.824     8.8407   3.770689  772601321  0.000e+00
    834.794     8.8455   3.771979  772601331  0.000e+00
    844.770     9.0368   3.793128  772601341  0.000e+00
    854.417     9.1554   3.807866  772601351  0.000e+00
    865.682     9.1725   3.812674  772601361  0.000e+00
    876.128     9.0009   3.798982  772601371  0.000e+00
    886.155     8.7217   3.768478  772601381  0.000e+00
    896.086     8.8025   3.776911  772601391  0.000e+00
    905.548     8.9059   3.790359  772601401  0.000e+00
    915.942     8.8621   3.787344  772601411  0.000e+00
    926.699     8.7871   3.780448  772601421  0.000e+00
    937.002     8.6682   3.769397  772601431  0.000e+00
    947.153     8.5579   3.757784  772601441  0.000e+00
    956.569     8.4753   3.749180  772601451  0.000e+00
    966.595     8.4511   3.747528  772601461  0.000e+00
    977.203     8.4035   3.744123  772601471  0.000e+00
    988.391     8.3498   3.739596  772601481  0.000e+00
    998.943     8.2872   3.734425  772601491  0.000e+00
   1009.329     8.1919   3.725324  772601501  0.000e+00
   1019.175     8.1394   3.719935  772601511  0.000e+00
   1030.171     8.0757   3.713885  772601521  0.000e+00
   1040.363     7.9717   3.704391  772601531  0.000e+00
   1050.814     7.8816   3.695404  772601541  0.000e+00
   1060.951     7.8328   3.690384  772601551  0.000e+00
   1071.368     7.7962   3.686745  772601561  0.000e+00
   1082.108     7.7540   3.683332  772601571  0.000e+00
   1091.344     7.6313   3.670814  772601581  0.000e+00
   1102.338     7.5406   3.662926  772601591  0.000e+00
   1112.506     7.4623   3.654959  772601601  0.000e+00
   1122.583     7.2421   3.632644  772601611  0.000e+00
   1132.599     7.0550   3.613743  772601621  0.000e+00
   1143.434     6.9164   3.600388  772601631  0.000e+00
   1154.011     6.7807   3.585737  772601641  0.000e+00
   1164.302     6.6121   3.569390  772601651  0.000e+00
   1174.417     6.4586   3.553042  772601661  0.000e+00
   1184.772     6.3387   3.540929  772601671  0.000e+00
   1195.022     6.2578   3.532197  772601681  0.000e+00
   1204.888     6.1271   3.518765  772601691  0.000e+00
   1214.635     5.9631   3.502991  772601701  0.000e+00
   1224.985     5.8717   3.493732  772601711  0.000e+00
   1235.090     5.6995   3.476467  772601721  0.000e+00
   1245.631     5.6111   3.467537  772601731  0.000e+00
   1255.036     5.5326   3.458889  772601741  0.000e+00
   1265.136     5.4993   3.455401  772601751  0.000e+00
   1274.739     5.4245   3.448159  772601761  0.000e+00
   1284.812     5.3491   3.441261  772601771  0.000e+00
   1295.762     5.2594   3.432892  772601781  0.000e+00
   1305.452     5.1874   3.425740  772601791  0.000e+00
   1316.143     5.0925   3.416686  772601801  0.000e+00
   1326.765     5.0807   3.415246  772601811  0.000e+00
   1336.708     5.0493   3.412282  772601821  0.000e+00
   1347.023     4.9758   3.405488  772601831  0.000e+00
   1357.422     4.8508   3.393933  772601841  0.000e+00
   1367.823     4.7643   3.386526  772601851  0.000e+00
   1378.181     4.7297   3.382902  772601861  0.000e+00
   1389.067     4.7052   3.380213  772601871  0.000e+00
   1399.140     4.6682   3.376915  772601881  0.000e+00
   1409.101     4.6160   3.372340  772601891  0.000e+00
   1419.272     4.5638   3.367961  772601901  0.000e+00
   1428.653     4.5193   3.363625  772601911  0.000e+00
   1439.205     4.5013   3.362042  772601921  0.000e+00
   1450.367     4.4784   3.360061  772601931  0.000e+00
   1460.445     4.4487   3.357531  772601941  0.000e+00
   1470.998     4.4177   3.354978  772601951  0.000e+00
   1482.289     4.4027   3.353853  772601961  0.000e+00
   1493.001     4.3736   3.351541  772601971  0.000e+00
   1503.156     4.3493   3.349434  772601981  0.000e+00
   1513.375     4.3269   3.347737  772601991  0.000e+00
   1523.962     4.2898   3.344907  772602001  0.000e+00
   1534.844     4.2571   3.341972  772602011  0.000e+00
   1545.739     4.2285   3.339699  772602021  0.000e+00
   1555.506     4.1952   3.336830  772602031  0.000e+00
   1565.653     4.1525   3.333303  772602041  0.000e+00
   1575.906     4.1335   3.332583  772602051  0.000e+00
   1586.075     4.0842   3.327810  772602061  0.000e+00
   1596.269     4.0714   3.326776  772602071  0.000e+00
   1606.533     4.0541   3.325369  772602081  0.000e+00
   1616.716     4.0432   3.324614  772602091  0.000e+00
   1625.855     3.9976   3.321051  772602101  0.000e+00
   1635.332     3.9786   3.319540  772602111  0.000e+00
   1646.528     3.9529   3.317622  772602121  0.000e+00
   1656.796     3.9374   3.316332  772602131  0.000e+00
   1667.835     3.9061   3.314025  772602141  0.000e+00
   1677.947     3.8844   3.312323  772602151  0.000e+00
   1687.891     3.8493   3.309568  772602161  0.000e+00
   1698.426     3.8012   3.305919  772602171  0.000e+00
   1708.392     3.7857   3.304503  772602181  0.000e+00
   1718.876     3.7771   3.303937  772602191  0.000e+00
   1728.917     3.7695   3.303550  772602201  0.000e+00
   1739.117     3.7639   3.303362  772602211  0.000e+00
   1750.014     3.7613   3.303464  772602221  0.000e+00
   1759.561     3.7537   3.303182  772602231  0.000e+00
   1769.974     3.7519   3.303378  772602241  0.000e+00
   1780.578     3.7323   3.302306  772602251  0.000e+00
   1790.401     3.7103   3.300751  772602261  0.000e+00
   1800.531     3.6995   3.300185  772602271  0.000e+00
   1810.705     3.6897   3.299671  772602281  0.000e+00
   1820.024     3.6806   3.299256  772602291  0.000e+00
   1830.102     3.6611   3.298010  772602301  0.000e+00
   1840.151     3.6510   3.297508  772602311  0.000e+00
   1850.770     3.6206   3.295553  772602321  0.000e+00
   1860.924     3.6100   3.294947  772602331  0.000e+00
   1870.965     3.6012   3.294561  772602341  0.000e+00
   1881.617     3.5850   3.293670  772602351  0.000e+00
   1891.838     3.5808   3.293598  772602361  0.000e+00
   1902.756     3.5643   3.292707  772602371  0.000e+00
   1913.326     3.5343   3.290795  772602381  0.000e+00
   1923.654     3.5101   3.289086  772602391  0.000e+00
   1934.458     3.4867   3.287598  772602401  0.000e+00
   1945.401     3.4811   3.287399  772602411  0.000e+00
   1955.689     3.4711   3.286949  772602421  0.000e+00
   1965.904     3.4539   3.285873  772602431  0.000e+00
   1976.225     3.4472   3.285616  772602441  0.000e+00
   1986.209     3.4528   3.286298  772602451  0.000e+00
   1997.007     3.4502   3.286527  772602461  0.000e+00
   2007.182     3.4478   3.286699  772602471  0.000e+00
   2016.999     3.4500   3.287242  772602481  0.000e+00
   2028.201     3.4486   3.287541  772602491  0.000e+00
   2032.682     3.4481   3.287693  772602501  0.000e+00
   2032.776     3.4431   3.287276  772602511  0.000e+00
   2032.248     3.4400   3.287009  772602521  0.000e+00
   2032.047     3.4463   3.287415  772602531  0.000e+00
   2032.078     3.4459   3.287339  772602541  0.000e+00
   2032.480     3.4472   3.287444  772602551  0.000e+00
   2032.036     3.4464   3.287380  772602561  0.000e+00
   2032.290     3.4465   3.287409  772602571  0.000e+00
   2033.039     3.4469   3.287456  772602581  0.000e+00
   2033.314     3.4467   3.287444  772602591  0.000e+00
   2033.071     3.4465   3.287421  772602601  0.000e+00
   2032.394     3.4453   3.287322  772602611  0.000e+00
   2032.035     3.4449   3.287264  772602621  0.000e+00
   2032.362     3.4452   3.287281  772602631  0.000e+00
   2032.351     3.4440   3.287212  772602641  0.000e+00
   2032.098     3.4444   3.287217  772602651  0.000e+00
   2032.013     3.4426   3.287090  772602661  0.000e+00
   2032.034     3.4420   3.287003  772602671  0.000e+00
   2032.763     3.4373   3.286643  772602681  0.000e+00
   2032.129     3.4360   3.286573  772602691  0.000e+00
   2032.774     3.4385   3.286608  772602701  0.000e+00
   2032.552     3.4390   3.286730  772602711  0.000e+00
   2032.784     3.4390   3.286748  772602721  0.000e+00
   2032.414     3.4374   3.286643  772602731  0.000e+00
   2033.027     3.4357   3.286527  772602741  0.000e+00
   2033.365     3.4363   3.286597  772602751  0.000e+00
   2032.287     3.4353   3.286463  772602761  0.000e+00
   2031.336     3.4346   3.286329  772602771  0.000e+00
   2031.294     3.4352   3.286387  772602781  0.000e+00
   2032.635     3.4317   3.286167  772602791  0.000e+00
   2031.473     3.4321   3.286121  772602801  0.000e+00
   2032.773     3.4328   3.286272  772602811  0.000e+00
   2032.541     3.4327   3.286231  772602821  0.000e+00
   2032.403     3.4330   3.286243  772602831  0.000e+00
   2032.720     3.4334   3.286283  772602841  0.000e+00
   2031.884     3.4315   3.286109  772602851  0.000e+00
   2032.497     3.4323   3.286208  772602861  0.000e+00
   2032.730     3.4316   3.286150  772602871  0.000e+00
   2032.857     3.4327   3.286220  772602881  0.000e+00
   2032.603     3.4331   3.286254  772602891  0.000e+00
   2032.413     3.4323   3.286156  772602901  0.000e+00
   2031.800     3.4308   3.286028  772602911  0.000e+00
   2032.328     3.4312   3.286086  772602921  0.000e+00
   2031.916     3.4310   3.286034  772602931  0.000e+00
   2031.588     3.4314   3.286068  772602941  0.000e+00
   2032.000     3.4310   3.286051  772602951  0.000e+00
   2032.042     3.4311   3.286069  772602961  0.000e+00
   2031.556     3.4309   3.285999  772602971  0.000e+00
   2031.704     3.4308   3.286005  772602981  0.000e+00
   2032.972     3.4303   3.286034  772602991  0.000e+00
   2032.338     3.4305   3.286022  772603001  0.000e+00
   2032.676     3.4305   3.286034  772603011  0.000e+00
   2031.704     3.4305   3.285999  772603021  0.000e+00
   2031.587     3.4306   3.285981  772603031  0.000e+00
   2031.904     3.4304   3.286022  772603041  0.000e+00
   2031.916     3.4306   3.286011  772603051  0.000e+00
   2032.348     3.4300   3.285993  772603061  0.000e+00
   2032.539     3.4303   3.286011  772603071  0.000e+00
