odissea/data/moor/raw/tc24015/microcat_cal_dip/cast21/16379_Cal_Dip_Data.cnv
* Sea-Bird SBE37SM-RS232  Data File:
* FileName = C:\Users\edaly\Documents\Base_Data\SBE37\SRT_Recovered_mooring_June2024\SBE37SM-RS232_03716379_2024_06_25.hex
* Software version SeatermV2 2.8.0.119
* Temperature SN = 16379
* Conductivity SN = 16379
* System UpLoad Time = Jun 25 2024 06:44:18
* sample interval = 10 seconds
* <ApplicationData>
# nquan = 5
# nvalues = 2056                                  
# units = specified
# name 0 = prdM: Pressure, Strain Gauge [db]
# name 1 = tv290C: Temperature [ITS-90, deg C]
# name 2 = cond0S/m: Conductivity [S/m]
# name 3 = timeK: Time, Instrument [seconds]
# name 4 = flag:  0.000e+00
# span 0 =      0.341,   2033.365                 
# span 1 =     3.4270,    13.6980                 
# span 2 =  -0.000006,   4.202949                 
# span 3 =  772588801,  772609351                 
# span 4 = 0.0000e+00, 0.0000e+00                 
# interval = seconds: 10
# start_time = Jun 25 2024 00:00:01 [Instrument's time stamp, first data scan]
# bad_flag = -9.990e-29
*END*
[from data line 2001]
      0.931    13.0093 2.5945e-07  772608811  0.000e+00
      0.910    12.9848 2.7979e-07  772608821  0.000e+00
      0.931    12.9635  -0.000002  772608831  0.000e+00
      0.848    12.9469 3.1140e-07  772608841  0.000e+00
      0.848    12.9301 3.2537e-07  772608851  0.000e+00
      0.910    12.9145  -0.000002  772608861  0.000e+00
      0.848    12.9010 3.4957e-07  772608871  0.000e+00
      0.893    12.8934 3.5594e-07  772608881  0.000e+00
      0.872    12.8818  -0.000002  772608891  0.000e+00
      0.788    12.8753 3.7100e-07  772608901  0.000e+00
      0.747    12.8696 3.7570e-07  772608911  0.000e+00
      0.997    12.8664 3.7838e-07  772608921  0.000e+00
      0.890    12.8656  -0.000002  772608931  0.000e+00
      0.890    12.8691  -0.000002  772608941  0.000e+00
      0.913    12.8709 3.7463e-07  772608951  0.000e+00
      0.955    12.8836  -0.000002  772608961  0.000e+00
      0.872    12.8927 3.5648e-07  772608971  0.000e+00
      0.785    12.8984 3.5172e-07  772608981  0.000e+00
      0.830    12.9039 3.4719e-07  772608991  0.000e+00
      0.955    12.9164 3.3676e-07  772609001  0.000e+00
      0.809    12.9268 3.2811e-07  772609011  0.000e+00
      0.830    12.8046 4.2981e-07  772609021  0.000e+00
      0.726    12.8203   0.000003  772609031  0.000e+00
      0.723    12.8321   0.000003  772609041  0.000e+00
      0.913    12.8303   0.000006  772609051  0.000e+00
      0.747    12.8591   0.000006  772609061  0.000e+00
      0.771    12.8115   0.000003  772609071  0.000e+00
      0.916    12.8152   0.000003  772609081  0.000e+00
      0.771    12.8536   0.000003  772609091  0.000e+00
      0.854    12.8198   0.000003  772609101  0.000e+00
      0.711    12.8296   0.000003  772609111  0.000e+00
      0.669    12.8486   0.000003  772609121  0.000e+00
      0.732    12.8628   0.000003  772609131  0.000e+00
      0.607    12.8735   0.000003  772609141  0.000e+00
      0.753    12.8723   0.000003  772609151  0.000e+00
      0.589    12.8893   0.000003  772609161  0.000e+00
      0.651    12.9068 3.4475e-07  772609171  0.000e+00
      0.628    12.9115 3.4087e-07  772609181  0.000e+00
      0.589    12.9244 3.3014e-07  772609191  0.000e+00
      0.610    12.9340 3.2215e-07  772609201  0.000e+00
      0.547    12.9418 3.1558e-07  772609211  0.000e+00
      0.610    12.9519 3.0722e-07  772609221  0.000e+00
      0.529    12.9576 3.0251e-07  772609231  0.000e+00
      0.488    12.9664 2.9516e-07  772609241  0.000e+00
      0.550    12.9535 3.0591e-07  772609251  0.000e+00
      0.404    12.9670 2.9468e-07  772609261  0.000e+00
      0.508    12.9825 2.8171e-07  772609271  0.000e+00
      0.449    12.9970 2.6968e-07  772609281  0.000e+00
      0.449    13.0143 2.5525e-07  772609291  0.000e+00
      0.470    13.0265 2.4507e-07  772609301  0.000e+00
      0.470    13.0349 2.3811e-07  772609311  0.000e+00
      0.449    13.0423 2.3194e-07  772609321  0.000e+00
      0.407    13.0582 2.1874e-07  772609331  0.000e+00
      0.345    13.0656  -0.000003  772609341  0.000e+00
      0.470    13.0761 2.0379e-07  772609351  0.000e+00
