odissea/data/moor/raw/tc24015/microcat_cal_dip/cast21/16379_Cal_Dip_Data.cnv
* Sea-Bird SBE37SM-RS232  Data File:
* FileName = C:\Users\edaly\Documents\Base_Data\SBE37\SRT_Recovered_mooring_June2024\SBE37SM-RS232_03716379_2024_06_25.hex
* Software version SeatermV2 2.8.0.119
* Temperature SN = 16379
* Conductivity SN = 16379
* System UpLoad Time = Jun 25 2024 06:44:18
* sample interval = 10 seconds
* <ApplicationData>
# nquan = 5
# nvalues = 2056                                  
# units = specified
# name 0 = prdM: Pressure, Strain Gauge [db]
# name 1 = tv290C: Temperature [ITS-90, deg C]
# name 2 = cond0S/m: Conductivity [S/m]
# name 3 = timeK: Time, Instrument [seconds]
# name 4 = flag:  0.000e+00
# span 0 =      0.341,   2033.365                 
# span 1 =     3.4270,    13.6980                 
# span 2 =  -0.000006,   4.202949                 
# span 3 =  772588801,  772609351                 
# span 4 = 0.0000e+00, 0.0000e+00                 
# interval = seconds: 10
# start_time = Jun 25 2024 00:00:01 [Instrument's time stamp, first data scan]
# bad_flag = -9.990e-29
*END*
[from data line 1715]
   1047.563     7.8681   3.689499  772605951  0.000e+00
   1036.766     7.9806   3.699622  772605961  0.000e+00
   1027.473     8.0406   3.705991  772605971  0.000e+00
   1016.586     8.1868   3.719829  772605981  0.000e+00
   1011.744     8.2188   3.724447  772605991  0.000e+00
   1011.172     8.2433   3.727525  772606001  0.000e+00
   1011.327     8.2784   3.730488  772606011  0.000e+00
   1010.964     8.2922   3.732580  772606021  0.000e+00
   1011.153     8.2929   3.732953  772606031  0.000e+00
   1010.573     8.2925   3.733142  772606041  0.000e+00
   1011.190     8.2926   3.733294  772606051  0.000e+00
   1011.239     8.2922   3.733288  772606061  0.000e+00
   1011.611     8.2924   3.733416  772606071  0.000e+00
   1011.493     8.2922   3.733429  772606081  0.000e+00
   1011.731     8.2923   3.733514  772606091  0.000e+00
   1011.802     8.2923   3.733539  772606101  0.000e+00
   1011.361     8.2926   3.733532  772606111  0.000e+00
   1010.956     8.2929   3.733587  772606121  0.000e+00
   1011.048     8.2922   3.733532  772606131  0.000e+00
   1011.090     8.2919   3.733459  772606141  0.000e+00
   1011.021     8.2923   3.733526  772606151  0.000e+00
   1011.945     8.2921   3.733551  772606161  0.000e+00
   1011.910     8.2917   3.733533  772606171  0.000e+00
   1012.022     8.2917   3.733520  772606181  0.000e+00
   1011.833     8.2919   3.733532  772606191  0.000e+00
   1011.890     8.2917   3.733533  772606201  0.000e+00
   1011.386     8.2917   3.733502  772606211  0.000e+00
   1011.268     8.2914   3.733483  772606221  0.000e+00
   1011.653     8.2913   3.733453  772606231  0.000e+00
   1011.800     8.2907   3.733459  772606241  0.000e+00
   1011.849     8.2914   3.733478  772606251  0.000e+00
   1011.115     8.2922   3.733508  772606261  0.000e+00
   1012.172     8.2920   3.733539  772606271  0.000e+00
   1011.794     8.2932   3.733661  772606281  0.000e+00
   1011.990     8.2917   3.733569  772606291  0.000e+00
   1011.423     8.2924   3.733563  772606301  0.000e+00
   1002.446     8.3532   3.738582  772606311  0.000e+00
    991.950     8.3827   3.740818  772606321  0.000e+00
    981.771     8.3910   3.741077  772606331  0.000e+00
    971.830     8.4267   3.743339  772606341  0.000e+00
    961.805     8.4588   3.745296  772606351  0.000e+00
    952.341     8.4818   3.746514  772606361  0.000e+00
    942.290     8.6230   3.760474  772606371  0.000e+00
    931.589     8.7764   3.775753  772606381  0.000e+00
    921.623     8.8352   3.781622  772606391  0.000e+00
    911.022     8.9685   3.793393  772606401  0.000e+00
    909.301     8.9663   3.794516  772606411  0.000e+00
    908.238     8.9548   3.793834  772606421  0.000e+00
    909.539     8.9511   3.793909  772606431  0.000e+00
    908.658     8.9552   3.794467  772606441  0.000e+00
    909.043     8.9565   3.794768  772606451  0.000e+00
    908.231     8.9543   3.794534  772606461  0.000e+00
    908.609     8.9532   3.794203  772606471  0.000e+00
    908.693     8.9578   3.794688  772606481  0.000e+00
    900.672     8.8535   3.782682  772606491  0.000e+00
    890.345     8.7597   3.772528  772606501  0.000e+00
    881.318     8.7677   3.767452  772606511  0.000e+00
    871.272     9.0383   3.794446  772606521  0.000e+00
    860.877     9.1808   3.810273  772606531  0.000e+00
    850.538     9.2522   3.817462  772606541  0.000e+00
    840.899     9.2205   3.814092  772606551  0.000e+00
    830.589     8.9428   3.783023  772606561  0.000e+00
    820.253     8.9243   3.777519  772606571  0.000e+00
    810.469     9.0302   3.786695  772606581  0.000e+00
    808.247     9.0026   3.784124  772606591  0.000e+00
    808.106     9.0208   3.786240  772606601  0.000e+00
    807.498     9.0557   3.789155  772606611  0.000e+00
    807.729     9.0499   3.788866  772606621  0.000e+00
    807.694     9.0519   3.789265  772606631  0.000e+00
    808.281     9.0502   3.789198  772606641  0.000e+00
    807.868     9.0513   3.789272  772606651  0.000e+00
    807.008     9.0523   3.789308  772606661  0.000e+00
    796.764     9.0924   3.791716  772606671  0.000e+00
    787.289     9.1075   3.791811  772606681  0.000e+00
    777.144     9.1781   3.797339  772606691  0.000e+00
    767.531     9.2821   3.806990  772606701  0.000e+00
    757.743     9.3894   3.817284  772606711  0.000e+00
    755.271     9.3875   3.817837  772606721  0.000e+00
    755.319     9.3811   3.817905  772606731  0.000e+00
    755.382     9.3988   3.819697  772606741  0.000e+00
    755.235     9.4152   3.821544  772606751  0.000e+00
    755.828     9.4162   3.821858  772606761  0.000e+00
    755.451     9.4173   3.822006  772606771  0.000e+00
    755.269     9.4178   3.822166  772606781  0.000e+00
    755.394     9.4170   3.822172  772606791  0.000e+00
    755.464     9.4164   3.822191  772606801  0.000e+00
    754.793     9.4167   3.822172  772606811  0.000e+00
    755.107     9.4175   3.822252  772606821  0.000e+00
    755.051     9.4241   3.822936  772606831  0.000e+00
    755.156     9.4247   3.823022  772606841  0.000e+00
    755.281     9.4224   3.822819  772606851  0.000e+00
    754.722     9.4258   3.823102  772606861  0.000e+00
    754.644     9.4259   3.823182  772606871  0.000e+00
    755.183     9.4250   3.823096  772606881  0.000e+00
    755.001     9.4231   3.822917  772606891  0.000e+00
    755.084     9.4256   3.823151  772606901  0.000e+00
    754.986     9.4212   3.822696  772606911  0.000e+00
    755.740     9.4155   3.822160  772606921  0.000e+00
    755.070     9.4202   3.822733  772606931  0.000e+00
    755.495     9.4205   3.822659  772606941  0.000e+00
    755.265     9.4221   3.822856  772606951  0.000e+00
    754.552     9.4253   3.823071  772606961  0.000e+00
    755.160     9.4268   3.823281  772606971  0.000e+00
    755.019     9.4258   3.823225  772606981  0.000e+00
    755.390     9.4246   3.823121  772606991  0.000e+00
    755.019     9.4257   3.823194  772607001  0.000e+00
    754.669     9.4263   3.823274  772607011  0.000e+00
    755.256     9.4257   3.823219  772607021  0.000e+00
    755.193     9.4255   3.823176  772607031  0.000e+00
    751.589     9.4337   3.823710  772607041  0.000e+00
    741.907     9.5500   3.834251  772607051  0.000e+00
    731.346     9.6161   3.839348  772607061  0.000e+00
    722.028     9.6155   3.838332  772607071  0.000e+00
    711.630     9.5973   3.835800  772607081  0.000e+00
    701.853     9.6739   3.841810  772607091  0.000e+00
    691.316     9.6957   3.842825  772607101  0.000e+00
    680.953     9.7627   3.848815  772607111  0.000e+00
    670.857     9.8804   3.860311  772607121  0.000e+00
    660.385     9.9146   3.862904  772607131  0.000e+00
    649.704    10.0111   3.872503  772607141  0.000e+00
    639.799     9.9035   3.860231  772607151  0.000e+00
    629.566     9.9514   3.863529  772607161  0.000e+00
    619.249    10.0073   3.868827  772607171  0.000e+00
    615.098    10.0205   3.870305  772607181  0.000e+00
    615.627    10.0217   3.870614  772607191  0.000e+00
    615.528    10.0312   3.871729  772607201  0.000e+00
    614.816    10.0328   3.872044  772607211  0.000e+00
    615.486    10.0255   3.871524  772607221  0.000e+00
    615.659    10.0242   3.871438  772607231  0.000e+00
    615.937    10.0240   3.871475  772607241  0.000e+00
    615.785    10.0262   3.871698  772607251  0.000e+00
    606.265    10.0696   3.875149  772607261  0.000e+00
    596.656    10.1340   3.880701  772607271  0.000e+00
    585.917    10.2724   3.893643  772607281  0.000e+00
    575.525    10.3203   3.898349  772607291  0.000e+00
    566.211    10.3801   3.904518  772607301  0.000e+00
    556.332    10.4466   3.911014  772607311  0.000e+00
    545.874    10.4865   3.915144  772607321  0.000e+00
    535.453    10.5215   3.918368  772607331  0.000e+00
    525.221    10.6095   3.927076  772607341  0.000e+00
    515.957    10.6843   3.934926  772607351  0.000e+00
    505.564    10.7682   3.943575  772607361  0.000e+00
    504.100    10.7766   3.945533  772607371  0.000e+00
    504.084    10.7589   3.944123  772607381  0.000e+00
    504.691    10.7621   3.944909  772607391  0.000e+00
    503.797    10.7926   3.948259  772607401  0.000e+00
    504.487    10.7976   3.948783  772607411  0.000e+00
    504.137    10.8014   3.949220  772607421  0.000e+00
    503.939    10.8013   3.949407  772607431  0.000e+00
    504.796    10.8004   3.949445  772607441  0.000e+00
    497.160    10.8646   3.954235  772607451  0.000e+00
    487.354    10.9307   3.962320  772607461  0.000e+00
    477.193    10.9698   3.966353  772607471  0.000e+00
    467.530    11.0492   3.974523  772607481  0.000e+00
    457.742    11.0799   3.978117  772607491  0.000e+00
    447.834    11.0979   3.979985  772607501  0.000e+00
    437.299    11.1358   3.983600  772607511  0.000e+00
    427.345    11.1559   3.985831  772607521  0.000e+00
    416.917    11.1597   3.986065  772607531  0.000e+00
    407.179    11.1633   3.986149  772607541  0.000e+00
    402.851    11.1626   3.986116  772607551  0.000e+00
    402.584    11.1617   3.986148  772607561  0.000e+00
    402.443    11.1620   3.986248  772607571  0.000e+00
    402.882    11.1629   3.986380  772607581  0.000e+00
    402.928    11.1628   3.986423  772607591  0.000e+00
    402.913    11.1622   3.986423  772607601  0.000e+00
    402.913    11.1630   3.986474  772607611  0.000e+00
    403.043    11.1626   3.986474  772607621  0.000e+00
    396.023    11.1638   3.986264  772607631  0.000e+00
    386.804    11.1653   3.985922  772607641  0.000e+00
    376.921    11.1668   3.985587  772607651  0.000e+00
    366.658    11.1666   3.985088  772607661  0.000e+00
    356.208    11.1696   3.984896  772607671  0.000e+00
    346.348    11.1782   3.985174  772607681  0.000e+00
    336.233    11.1875   3.985552  772607691  0.000e+00
    326.646    11.1945   3.985698  772607701  0.000e+00
    316.324    11.2072   3.986433  772607711  0.000e+00
    306.755    11.2338   3.988748  772607721  0.000e+00
    302.581    11.2372   3.989197  772607731  0.000e+00
    302.852    11.2381   3.989341  772607741  0.000e+00
    302.999    11.2361   3.989285  772607751  0.000e+00
    303.217    11.2358   3.989304  772607761  0.000e+00
    303.426    11.2355   3.989304  772607771  0.000e+00
    303.296    11.2354   3.989310  772607781  0.000e+00
    303.405    11.2354   3.989285  772607791  0.000e+00
    302.945    11.2348   3.989254  772607801  0.000e+00
    296.160    11.2385   3.989358  772607811  0.000e+00
    285.485    11.2474   3.989742  772607821  0.000e+00
    276.001    11.2728   3.991931  772607831  0.000e+00
    265.578    11.2852   3.992692  772607841  0.000e+00
    255.552    11.3174   3.995565  772607851  0.000e+00
    245.302    11.3245   3.996069  772607861  0.000e+00
    235.470    11.3430   3.997551  772607871  0.000e+00
    225.672    11.3523   3.998250  772607881  0.000e+00
    215.612    11.3784   4.000479  772607891  0.000e+00
    205.130    11.4137   4.003768  772607901  0.000e+00
    201.122    11.4261   4.005072  772607911  0.000e+00
    200.896    11.4300   4.005649  772607921  0.000e+00
    200.892    11.4321   4.005976  772607931  0.000e+00
    201.089    11.4329   4.006139  772607941  0.000e+00
    200.834    11.4327   4.006133  772607951  0.000e+00
    201.251    11.4310   4.006089  772607961  0.000e+00
    200.943    11.4323   4.006170  772607971  0.000e+00
    201.594    11.4326   4.006296  772607981  0.000e+00
    201.364    11.4311   4.006158  772607991  0.000e+00
    201.865    11.4305   4.006139  772608001  0.000e+00
    200.383    11.4313   4.006120  772608011  0.000e+00
    190.153    11.4644   4.008809  772608021  0.000e+00
    179.344    11.4747   4.009162  772608031  0.000e+00
    170.076    11.5210   4.013391  772608041  0.000e+00
    160.453    11.5372   4.014876  772608051  0.000e+00
    150.226    11.5594   4.016599  772608061  0.000e+00
    140.167    11.6137   4.021371  772608071  0.000e+00
    139.770    11.6059   4.021214  772608081  0.000e+00
    140.042    11.6435   4.025307  772608091  0.000e+00
    140.067    11.6447   4.025678  772608101  0.000e+00
    139.779    11.6385   4.025207  772608111  0.000e+00
    139.424    11.6416   4.025433  772608121  0.000e+00
    139.399    11.6410   4.025515  772608131  0.000e+00
    139.215    11.6497   4.026458  772608141  0.000e+00
    136.440    11.6570   4.027161  772608151  0.000e+00
    126.448    11.7795   4.039858  772608161  0.000e+00
    116.807    11.7947   4.041554  772608171  0.000e+00
    105.791    11.7840   4.039239  772608181  0.000e+00
     96.865    11.8287   4.043165  772608191  0.000e+00
     86.163    11.8765   4.046557  772608201  0.000e+00
     76.400    12.0207   4.057757  772608211  0.000e+00
     66.349    12.1406   4.068692  772608221  0.000e+00
     56.668    12.2345   4.077319  772608231  0.000e+00
     45.826    12.8214   4.129224  772608241  0.000e+00
     38.385    13.1031   4.158728  772608251  0.000e+00
     38.618    13.1099   4.162004  772608261  0.000e+00
     39.202    13.1319   4.165192  772608271  0.000e+00
     38.830    13.1568   4.168566  772608281  0.000e+00
     39.018    13.1638   4.169861  772608291  0.000e+00
     38.875    13.1715   4.170831  772608301  0.000e+00
     38.508    13.1737   4.171532  772608311  0.000e+00
     38.236    13.1749   4.171877  772608321  0.000e+00
     38.598    13.1472   4.169497  772608331  0.000e+00
     28.067    13.4819   4.196863  772608341  0.000e+00
     18.082    13.5028   4.199879  772608351  0.000e+00
     10.645    13.5023   4.200522  772608361  0.000e+00
     10.916    13.5019   4.200804  772608371  0.000e+00
     11.796    13.5027   4.201272  772608381  0.000e+00
     11.219    13.5020   4.201393  772608391  0.000e+00
     11.135    13.5018   4.201431  772608401  0.000e+00
     11.267    13.5037   4.201707  772608411  0.000e+00
     11.021    13.5039   4.201783  772608421  0.000e+00
     11.754    13.5039   4.201899  772608431  0.000e+00
     11.278    13.5034   4.201835  772608441  0.000e+00
     11.031    13.5031   4.201835  772608451  0.000e+00
     10.826    13.5023   4.201764  772608461  0.000e+00
     11.284    13.5018   4.201726  772608471  0.000e+00
     11.062    13.5032   4.201847  772608481  0.000e+00
     10.898    13.5019   4.201764  772608491  0.000e+00
      6.707    13.5031   4.201628  772608501  0.000e+00
      6.439    13.5019   4.201532  772608511  0.000e+00
      5.418    13.5020   4.201474  772608521  0.000e+00
      4.465    13.5015   4.201435  772608531  0.000e+00
      4.719    13.5015   4.201435  772608541  0.000e+00
      4.573    13.5013   4.201429  772608551  0.000e+00
      4.576    13.5018   4.201467  772608561  0.000e+00
      4.701    13.5019   4.201525  772608571  0.000e+00
      4.287    13.5012   4.201435  772608581  0.000e+00
      4.266    13.5023   4.201480  772608591  0.000e+00
      4.478    13.5024   4.201589  772608601  0.000e+00
      4.752    13.5033   4.201608  772608611  0.000e+00
      4.398    13.5029   4.201544  772608621  0.000e+00
      2.896    13.5023   4.201473  772608631  0.000e+00
      1.711    13.5029   4.201447  772608641  0.000e+00
      1.381    13.5020   4.201370  772608651  0.000e+00
      0.797    13.4406   0.280441  772608661  0.000e+00
      0.734    13.3793   0.025531  772608671  0.000e+00
      0.755    13.3080   0.000008  772608681  0.000e+00
      0.737    13.2486   0.000006  772608691  0.000e+00
      0.782    13.1854   0.000006  772608701  0.000e+00
      0.824    13.1249   0.000003  772608711  0.000e+00
      0.782    13.1287   0.000003  772608721  0.000e+00
      0.907    13.1659   0.000003  772608731  0.000e+00
      0.848    13.1696 1.2600e-07  772608741  0.000e+00
      0.866    13.1664 1.2860e-07  772608751  0.000e+00
      0.848    13.1439   0.000003  772608761  0.000e+00
      0.827    13.1323 1.5705e-07  772608771  0.000e+00
      0.910    13.1135 1.7264e-07  772608781  0.000e+00
      0.890    13.0747 2.0499e-07  772608791  0.000e+00
