odissea/data/moor/raw/tc24015/microcat_cal_dip/cast21/16379_Cal_Dip_Data.cnv
* Sea-Bird SBE37SM-RS232  Data File:
* FileName = C:\Users\edaly\Documents\Base_Data\SBE37\SRT_Recovered_mooring_June2024\SBE37SM-RS232_03716379_2024_06_25.hex
* Software version SeatermV2 2.8.0.119
* Temperature SN = 16379
* Conductivity SN = 16379
* System UpLoad Time = Jun 25 2024 06:44:18
* sample interval = 10 seconds
* <ApplicationData>
# nquan = 5
# nvalues = 2056                                  
# units = specified
# name 0 = prdM: Pressure, Strain Gauge [db]
# name 1 = tv290C: Temperature [ITS-90, deg C]
# name 2 = cond0S/m: Conductivity [S/m]
# name 3 = timeK: Time, Instrument [seconds]
# name 4 = flag:  0.000e+00
# span 0 =      0.341,   2033.365                 
# span 1 =     3.4270,    13.6980                 
# span 2 =  -0.000006,   4.202949                 
# span 3 =  772588801,  772609351                 
# span 4 = 0.0000e+00, 0.0000e+00                 
# interval = seconds: 10
# start_time = Jun 25 2024 00:00:01 [Instrument's time stamp, first data scan]
# bad_flag = -9.990e-29
*END*
[from data line 286]
      0.568    13.6361  -0.000003  772591661  0.000e+00
      0.693    13.6372  -0.000003  772591671  0.000e+00
      0.505    13.6386  -0.000003  772591681  0.000e+00
      0.464    13.6396  -0.000003  772591691  0.000e+00
      0.571    13.6405  -0.000003  772591701  0.000e+00
      0.568    13.6418  -0.000003  772591711  0.000e+00
      0.529    13.6418  -0.000006  772591721  0.000e+00
      0.526    13.6409  -0.000003  772591731  0.000e+00
      0.464    13.6404  -0.000006  772591741  0.000e+00
      0.568    13.6408  -0.000003  772591751  0.000e+00
      0.589    13.6412  -0.000003  772591761  0.000e+00
      0.529    13.6412  -0.000006  772591771  0.000e+00
      0.612    13.6420  -0.000003  772591781  0.000e+00
      0.443    13.6418  -0.000003  772591791  0.000e+00
      0.526    13.6404  -0.000006  772591801  0.000e+00
      0.550    13.6404  -0.000003  772591811  0.000e+00
      0.466    13.6402  -0.000003  772591821  0.000e+00
      0.550    13.6401  -0.000003  772591831  0.000e+00
      0.550    13.6399  -0.000006  772591841  0.000e+00
      0.484    13.6392  -0.000003  772591851  0.000e+00
      0.696    13.6390  -0.000003  772591861  0.000e+00
      0.547    13.6385  -0.000003  772591871  0.000e+00
      0.547    13.6381  -0.000003  772591881  0.000e+00
      0.609    13.6374  -0.000003  772591891  0.000e+00
      0.654    13.6367  -0.000003  772591901  0.000e+00
      0.508    13.6368  -0.000003  772591911  0.000e+00
      0.505    13.6347  -0.000003  772591921  0.000e+00
      0.592    13.6350  -0.000003  772591931  0.000e+00
      0.550    13.6349  -0.000003  772591941  0.000e+00
      0.589    13.6349  -0.000003  772591951  0.000e+00
      0.529    13.6340  -0.000003  772591961  0.000e+00
      0.633    13.6333  -0.000003  772591971  0.000e+00
      0.651    13.6332  -0.000003  772591981  0.000e+00
      0.508    13.6324  -0.000003  772591991  0.000e+00
      0.574    13.6324  -0.000003  772592001  0.000e+00
      0.547    13.6318  -0.000003  772592011  0.000e+00
      0.589    13.6320  -0.000006  772592021  0.000e+00
      0.529    13.6315  -0.000006  772592031  0.000e+00
      0.526    13.6298  -0.000003  772592041  0.000e+00
      0.529    13.6295  -0.000003  772592051  0.000e+00
      0.651    13.6294  -0.000003  772592061  0.000e+00
      0.633    13.6289  -0.000003  772592071  0.000e+00
      0.550    13.6295  -0.000006  772592081  0.000e+00
      0.508    13.6295  -0.000003  772592091  0.000e+00
      0.571    13.6288  -0.000006  772592101  0.000e+00
      0.547    13.6279  -0.000003  772592111  0.000e+00
      0.547    13.6279  -0.000003  772592121  0.000e+00
      0.443    13.6271  -0.000003  772592131  0.000e+00
      0.571    13.6270  -0.000003  772592141  0.000e+00
      0.487    13.6269  -0.000003  772592151  0.000e+00
      0.508    13.6262  -0.000003  772592161  0.000e+00
      0.571    13.6260  -0.000003  772592171  0.000e+00
      0.571    13.6258  -0.000006  772592181  0.000e+00
      0.592    13.6251  -0.000003  772592191  0.000e+00
      0.568    13.6253  -0.000003  772592201  0.000e+00
      0.532    13.6246  -0.000003  772592211  0.000e+00
      0.571    13.6234  -0.000003  772592221  0.000e+00
      0.571    13.6235  -0.000003  772592231  0.000e+00
      0.574    13.6244  -0.000006  772592241  0.000e+00
      0.571    13.6246  -0.000003  772592251  0.000e+00
      0.574    13.6250  -0.000003  772592261  0.000e+00
      0.571    13.6252  -0.000003  772592271  0.000e+00
      0.717    13.6253  -0.000003  772592281  0.000e+00
      0.654    13.6255  -0.000003  772592291  0.000e+00
      0.571    13.6259  -0.000003  772592301  0.000e+00
      0.487    13.6262  -0.000003  772592311  0.000e+00
      0.550    13.6266  -0.000003  772592321  0.000e+00
      0.484    13.6272  -0.000006  772592331  0.000e+00
      0.508    13.6275  -0.000003  772592341  0.000e+00
      0.550    13.6274  -0.000003  772592351  0.000e+00
      0.550    13.6275  -0.000003  772592361  0.000e+00
      0.529    13.6286  -0.000006  772592371  0.000e+00
      0.571    13.6283  -0.000003  772592381  0.000e+00
      0.550    13.6286  -0.000003  772592391  0.000e+00
      0.633    13.6272  -0.000003  772592401  0.000e+00
      0.571    13.6264  -0.000003  772592411  0.000e+00
      0.383    13.6272  -0.000003  772592421  0.000e+00
      0.550    13.6267  -0.000003  772592431  0.000e+00
      0.592    13.6266  -0.000006  772592441  0.000e+00
      0.612    13.6263  -0.000003  772592451  0.000e+00
      0.592    13.6267  -0.000003  772592461  0.000e+00
      0.466    13.6268  -0.000006  772592471  0.000e+00
      0.508    13.6262  -0.000003  772592481  0.000e+00
      0.696    13.6265  -0.000006  772592491  0.000e+00
      0.508    13.6273  -0.000003  772592501  0.000e+00
      0.592    13.6276  -0.000006  772592511  0.000e+00
      0.529    13.6283  -0.000003  772592521  0.000e+00
      0.633    13.6284  -0.000006  772592531  0.000e+00
      0.571    13.6295  -0.000003  772592541  0.000e+00
      0.448    13.6298  -0.000003  772592551  0.000e+00
      0.592    13.6305  -0.000006  772592561  0.000e+00
      0.654    13.6307  -0.000003  772592571  0.000e+00
      0.553    13.6309  -0.000006  772592581  0.000e+00
      0.553    13.6313  -0.000003  772592591  0.000e+00
      0.469    13.6310  -0.000003  772592601  0.000e+00
      0.615    13.6310  -0.000006  772592611  0.000e+00
      0.550    13.6313  -0.000003  772592621  0.000e+00
      0.553    13.6310  -0.000003  772592631  0.000e+00
      0.571    13.6309  -0.000003  772592641  0.000e+00
      0.487    13.6322  -0.000003  772592651  0.000e+00
      0.571    13.6329  -0.000006  772592661  0.000e+00
      0.612    13.6336  -0.000003  772592671  0.000e+00
      0.571    13.6343  -0.000003  772592681  0.000e+00
      0.487    13.6348  -0.000003  772592691  0.000e+00
      0.469    13.6355  -0.000003  772592701  0.000e+00
      0.490    13.6361  -0.000003  772592711  0.000e+00
      0.615    13.6361  -0.000006  772592721  0.000e+00
      0.490    13.6358  -0.000003  772592731  0.000e+00
      0.508    13.6356  -0.000003  772592741  0.000e+00
      0.508    13.6357  -0.000003  772592751  0.000e+00
      0.574    13.6377  -0.000003  772592761  0.000e+00
      0.699    13.6377  -0.000003  772592771  0.000e+00
      0.508    13.6381  -0.000003  772592781  0.000e+00
      0.550    13.6367  -0.000006  772592791  0.000e+00
      0.511    13.6374  -0.000003  772592801  0.000e+00
      0.553    13.6369  -0.000003  772592811  0.000e+00
      0.636    13.6369  -0.000003  772592821  0.000e+00
      0.592    13.6369  -0.000003  772592831  0.000e+00
      0.592    13.6369  -0.000006  772592841  0.000e+00
      0.612    13.6358  -0.000003  772592851  0.000e+00
      0.341    13.6358  -0.000006  772592861  0.000e+00
      0.532    13.6363  -0.000003  772592871  0.000e+00
      0.550    13.6358  -0.000003  772592881  0.000e+00
      0.574    13.6361  -0.000003  772592891  0.000e+00
      0.529    13.6349  -0.000003  772592901  0.000e+00
      0.446    13.6345  -0.000003  772592911  0.000e+00
      0.550    13.6335  -0.000006  772592921  0.000e+00
      0.529    13.6321  -0.000006  772592931  0.000e+00
      0.574    13.6306  -0.000006  772592941  0.000e+00
      0.571    13.6293  -0.000006  772592951  0.000e+00
      0.612    13.6291  -0.000003  772592961  0.000e+00
      0.466    13.6283  -0.000003  772592971  0.000e+00
      0.529    13.6279  -0.000003  772592981  0.000e+00
      0.574    13.6255  -0.000006  772592991  0.000e+00
      0.574    13.6242  -0.000003  772593001  0.000e+00
      0.592    13.6231  -0.000003  772593011  0.000e+00
      0.469    13.6221  -0.000003  772593021  0.000e+00
      0.535    13.6217  -0.000003  772593031  0.000e+00
      0.615    13.6212  -0.000003  772593041  0.000e+00
      0.529    13.6214  -0.000003  772593051  0.000e+00
      0.490    13.6211  -0.000003  772593061  0.000e+00
      0.592    13.6202  -0.000003  772593071  0.000e+00
      0.553    13.6189  -0.000003  772593081  0.000e+00
      0.529    13.6190  -0.000003  772593091  0.000e+00
      0.594    13.6170  -0.000003  772593101  0.000e+00
      0.532    13.6167  -0.000003  772593111  0.000e+00
      0.574    13.6166  -0.000003  772593121  0.000e+00
      0.574    13.6161  -0.000003  772593131  0.000e+00
      0.511    13.6142  -0.000003  772593141  0.000e+00
      0.719    13.6132  -0.000006  772593151  0.000e+00
      0.592    13.6128  -0.000003  772593161  0.000e+00
      0.592    13.6130  -0.000003  772593171  0.000e+00
      0.550    13.6122  -0.000003  772593181  0.000e+00
      0.574    13.6118  -0.000003  772593191  0.000e+00
      0.636    13.6105  -0.000003  772593201  0.000e+00
      0.594    13.6100  -0.000006  772593211  0.000e+00
      0.487    13.6092  -0.000003  772593221  0.000e+00
      0.508    13.6079  -0.000006  772593231  0.000e+00
      0.633    13.6074  -0.000003  772593241  0.000e+00
      0.594    13.6064  -0.000006  772593251  0.000e+00
      0.532    13.6055  -0.000006  772593261  0.000e+00
      0.425    13.6054  -0.000003  772593271  0.000e+00
      0.719    13.6036  -0.000003  772593281  0.000e+00
      0.532    13.6019  -0.000003  772593291  0.000e+00
      0.571    13.6012  -0.000003  772593301  0.000e+00
      0.550    13.5988  -0.000006  772593311  0.000e+00
      0.508    13.5971  -0.000006  772593321  0.000e+00
      0.574    13.5960  -0.000003  772593331  0.000e+00
      0.633    13.5956  -0.000003  772593341  0.000e+00
      0.553    13.5941  -0.000003  772593351  0.000e+00
      0.594    13.5941  -0.000003  772593361  0.000e+00
      0.633    13.5933  -0.000006  772593371  0.000e+00
      0.553    13.5927  -0.000003  772593381  0.000e+00
      0.532    13.5923  -0.000003  772593391  0.000e+00
      0.594    13.5923  -0.000006  772593401  0.000e+00
      0.633    13.5919  -0.000003  772593411  0.000e+00
      0.532    13.5909  -0.000003  772593421  0.000e+00
      0.511    13.5910  -0.000003  772593431  0.000e+00
      0.466    13.5913  -0.000003  772593441  0.000e+00
      0.448    13.5915  -0.000003  772593451  0.000e+00
      0.469    13.5915  -0.000006  772593461  0.000e+00
      0.574    13.5896  -0.000003  772593471  0.000e+00
      0.574    13.5881  -0.000003  772593481  0.000e+00
      0.511    13.5880  -0.000003  772593491  0.000e+00
      0.574    13.5882  -0.000006  772593501  0.000e+00
      0.592    13.5872  -0.000003  772593511  0.000e+00
      0.550    13.5878  -0.000003  772593521  0.000e+00
      0.550    13.5875  -0.000003  772593531  0.000e+00
      0.550    13.5876  -0.000003  772593541  0.000e+00
      0.511    13.5865  -0.000003  772593551  0.000e+00
      0.511    13.5853  -0.000006  772593561  0.000e+00
      0.511    13.5832  -0.000003  772593571  0.000e+00
      0.490    13.5820  -0.000006  772593581  0.000e+00
      0.553    13.5805  -0.000003  772593591  0.000e+00
      0.511    13.5802  -0.000003  772593601  0.000e+00
      0.615    13.5796 -2.153e-07  772593611  0.000e+00
      0.553    13.5788  -0.000006  772593621  0.000e+00
      0.448    13.5774  -0.000003  772593631  0.000e+00
      0.529    13.5769  -0.000006  772593641  0.000e+00
      0.490    13.5776  -0.000003  772593651  0.000e+00
      0.532    13.5776  -0.000003  772593661  0.000e+00
      0.532    13.5771  -0.000003  772593671  0.000e+00
      0.574    13.5765  -0.000003  772593681  0.000e+00
      0.636    13.5760  -0.000003  772593691  0.000e+00
      0.490    13.5758  -0.000003  772593701  0.000e+00
      0.446    13.5755  -0.000003  772593711  0.000e+00
      0.529    13.5750  -0.000003  772593721  0.000e+00
      0.555    13.5746  -0.000006  772593731  0.000e+00
      0.532    13.5748  -0.000003  772593741  0.000e+00
      0.466    13.5746  -0.000003  772593751  0.000e+00
      0.594    13.5737  -0.000006  772593761  0.000e+00
      0.553    13.5730  -0.000003  772593771  0.000e+00
      0.594    13.5741  -0.000003  772593781  0.000e+00
      0.532    13.5740  -0.000003  772593791  0.000e+00
      0.657    13.5740  -0.000003  772593801  0.000e+00
      0.553    13.5745  -0.000003  772593811  0.000e+00
      0.469    13.5746  -0.000003  772593821  0.000e+00
      0.553    13.5740  -0.000006  772593831  0.000e+00
      0.553    13.5734  -0.000003  772593841  0.000e+00
      0.592    13.5739  -0.000003  772593851  0.000e+00
      0.574    13.5747  -0.000006  772593861  0.000e+00
      0.574    13.5757  -0.000003  772593871  0.000e+00
      0.657    13.5763  -0.000003  772593881  0.000e+00
      0.490    13.5771  -0.000003  772593891  0.000e+00
      0.594    13.5784  -0.000003  772593901  0.000e+00
      0.782    13.5780  -0.000003  772593911  0.000e+00
      0.612    13.5786  -0.000003  772593921  0.000e+00
      0.576    13.5785  -0.000003  772593931  0.000e+00
      0.466    13.5801  -0.000003  772593941  0.000e+00
      0.532    13.5812  -0.000006  772593951  0.000e+00
      0.487    13.5814  -0.000003  772593961  0.000e+00
      0.592    13.5809  -0.000003  772593971  0.000e+00
      0.553    13.5811  -0.000006  772593981  0.000e+00
      0.594    13.5807  -0.000006  772593991  0.000e+00
      0.532    13.5814  -0.000006  772594001  0.000e+00
      0.508    13.5802  -0.000003  772594011  0.000e+00
      0.574    13.5814  -0.000003  772594021  0.000e+00
      0.594    13.5820  -0.000003  772594031  0.000e+00
      0.594    13.5816  -0.000003  772594041  0.000e+00
      0.574    13.5819  -0.000006  772594051  0.000e+00
      0.636    13.5820  -0.000006  772594061  0.000e+00
      0.529    13.5816  -0.000003  772594071  0.000e+00
      0.490    13.5819  -0.000006  772594081  0.000e+00
      0.511    13.5822  -0.000003  772594091  0.000e+00
      0.553    13.5823  -0.000006  772594101  0.000e+00
      0.594    13.5822  -0.000006  772594111  0.000e+00
      0.553    13.5814  -0.000003  772594121  0.000e+00
      0.490    13.5817  -0.000003  772594131  0.000e+00
      0.553    13.5811  -0.000006  772594141  0.000e+00
      0.529    13.5800  -0.000003  772594151  0.000e+00
      0.553    13.5797  -0.000006  772594161  0.000e+00
      0.532    13.5808  -0.000003  772594171  0.000e+00
      0.615    13.5807  -0.000003  772594181  0.000e+00
      0.428    13.5805  -0.000006  772594191  0.000e+00
      0.469    13.5802  -0.000003  772594201  0.000e+00
      0.532    13.5799  -0.000006  772594211  0.000e+00
      0.636    13.5798  -0.000003  772594221  0.000e+00
      0.594    13.5787  -0.000003  772594231  0.000e+00
      0.529    13.5797  -0.000003  772594241  0.000e+00
      0.451    13.5785  -0.000003  772594251  0.000e+00
      0.555    13.5790  -0.000003  772594261  0.000e+00
      0.636    13.5793  -0.000003  772594271  0.000e+00
      0.532    13.5794  -0.000003  772594281  0.000e+00
      0.532    13.5786  -0.000006  772594291  0.000e+00
      0.446    13.5791  -0.000006  772594301  0.000e+00
      0.469    13.5785  -0.000006  772594311  0.000e+00
      0.487    13.5784  -0.000003  772594321  0.000e+00
      0.553    13.5787  -0.000003  772594331  0.000e+00
      0.428    13.5786  -0.000006  772594341  0.000e+00
      0.511    13.5786  -0.000006  772594351  0.000e+00
      0.469    13.5785  -0.000006  772594361  0.000e+00
      0.511    13.5775  -0.000003  772594371  0.000e+00
      0.508    13.5766  -0.000006  772594381  0.000e+00
      0.574    13.5760  -0.000003  772594391  0.000e+00
      0.675    13.5757  -0.000003  772594401  0.000e+00
      0.508    13.5759  -0.000003  772594411  0.000e+00
      0.532    13.5763  -0.000003  772594421  0.000e+00
      0.681    13.5762  -0.000003  772594431  0.000e+00
      0.594    13.5766  -0.000003  772594441  0.000e+00
      0.574    13.5774  -0.000003  772594451  0.000e+00
      0.550    13.5777  -0.000006  772594461  0.000e+00
      0.574    13.5771  -0.000003  772594471  0.000e+00
      0.571    13.5765  -0.000003  772594481  0.000e+00
      0.428    13.5769  -0.000003  772594491  0.000e+00
      0.594    13.5768  -0.000003  772594501  0.000e+00
