odissea/data/moor/raw/tc24015/microcat_cal_dip/cast21/21269_Cal_Dip_Data.cnv
* Sea-Bird SBE37SMP-RS232  Data File:
* FileName = C:\Users\sa03hs\ODISSEA_data\m_moorproc_toolbox\odissea\data\moor\raw\tc24015\microcat_cal_dip\cast21\SBE37SMP-RS232_03721269_2024_06_25.hex
* Software version SeatermV2 2.8.0.119
* Temperature SN = 21269
* Conductivity SN = 21269
* System UpLoad Time = Jan 05 2026 15:52:18
* sample interval = 10 seconds
* <ApplicationData>
# nquan = 5
# nvalues = 2162                                  
# units = specified
# name 0 = prdM: Pressure, Strain Gauge [db]
# name 1 = tv290C: Temperature [ITS-90, deg C]
# name 2 = cond0S/m: Conductivity [S/m]
# name 3 = timeK: Time, Instrument [seconds]
# name 4 = flag:  0.000e+00
# span 0 =      0.295,   2033.293                 
# span 1 =     3.4257,    13.9708                 
# span 2 =   0.000009,   4.208473                 
# span 3 =  772588801,  772610411                 
# span 4 = 0.0000e+00, 0.0000e+00                 
# interval = seconds: 10
# start_time = Jun 25 2024 00:00:01 [Instrument's time stamp, first data scan]
# bad_flag = -9.990e-29
*END*
[from data line 2001]
      0.644    13.3882   0.000084  772608811  0.000e+00
      0.644    13.3752   0.000084  772608821  0.000e+00
      0.608    13.3548   0.000084  772608831  0.000e+00
      0.650    13.3357   0.000081  772608841  0.000e+00
      0.623    13.3198   0.000081  772608851  0.000e+00
      0.602    13.2998   0.000081  772608861  0.000e+00
      0.559    13.2855   0.000081  772608871  0.000e+00
      0.580    13.2801   0.000081  772608881  0.000e+00
      0.580    13.2763   0.000078  772608891  0.000e+00
      0.602    13.2957   0.000063  772608901  0.000e+00
      0.532    13.2104   0.000060  772608911  0.000e+00
      0.580    13.1909   0.000018  772608921  0.000e+00
      0.574    13.1876   0.000015  772608931  0.000e+00
      0.532    13.1825   0.000015  772608941  0.000e+00
      0.511    13.1714   0.000015  772608951  0.000e+00
      0.511    13.1645   0.000015  772608961  0.000e+00
      0.610    13.1539   0.000015  772608971  0.000e+00
      0.511    13.1485   0.000012  772608981  0.000e+00
      0.505    13.1426   0.000015  772608991  0.000e+00
      0.526    13.1269   0.000015  772609001  0.000e+00
      0.526    13.1284   0.000015  772609011  0.000e+00
      0.547    13.1161   0.000012  772609021  0.000e+00
      0.562    13.1071   0.000015  772609031  0.000e+00
      0.583    13.0938   0.000015  772609041  0.000e+00
      0.583    13.0891   0.000015  772609051  0.000e+00
      0.583    13.0844   0.000012  772609061  0.000e+00
      0.598    13.0531   0.000012  772609071  0.000e+00
      0.620    13.0527   0.000015  772609081  0.000e+00
      0.583    13.0502   0.000015  772609091  0.000e+00
      0.556    13.0430   0.000012  772609101  0.000e+00
      0.514    13.0354   0.000012  772609111  0.000e+00
      0.571    13.0472   0.000012  772609121  0.000e+00
      0.535    13.0488   0.000012  772609131  0.000e+00
      0.514    13.0544   0.000012  772609141  0.000e+00
      0.514    13.0535   0.000012  772609151  0.000e+00
      0.529    13.0686   0.000015  772609161  0.000e+00
      0.593    13.0798   0.000012  772609171  0.000e+00
      0.593    13.0836   0.000012  772609181  0.000e+00
      0.571    13.0953   0.000012  772609191  0.000e+00
      0.598    13.1017   0.000012  772609201  0.000e+00
      0.550    13.1058   0.000012  772609211  0.000e+00
      0.593    13.1108   0.000009  772609221  0.000e+00
      0.608    13.1136   0.000012  772609231  0.000e+00
      0.614    13.1168   0.000012  772609241  0.000e+00
      0.608    13.1075   0.000012  772609251  0.000e+00
      0.529    13.1068   0.000012  772609261  0.000e+00
      0.587    13.1117   0.000012  772609271  0.000e+00
      0.629    13.1201   0.000012  772609281  0.000e+00
      0.635    13.1329   0.000012  772609291  0.000e+00
      0.629    13.1423   0.000012  772609301  0.000e+00
      0.629    13.1444   0.000012  772609311  0.000e+00
      0.602    13.1532   0.000009  772609321  0.000e+00
      0.566    13.1628   0.000012  772609331  0.000e+00
      0.566    13.1706   0.000012  772609341  0.000e+00
      0.602    13.1791   0.000012  772609351  0.000e+00
      0.644    13.1890   0.000012  772609361  0.000e+00
      0.581    13.1981   0.000012  772609371  0.000e+00
      0.539    13.2031   0.000012  772609381  0.000e+00
      0.581    13.2093   0.000009  772609391  0.000e+00
      0.660    13.2178   0.000012  772609401  0.000e+00
      0.660    13.2310   0.000012  772609411  0.000e+00
      0.666    13.2345   0.000009  772609421  0.000e+00
      0.618    13.2507   0.000012  772609431  0.000e+00
      0.623    13.2581   0.000012  772609441  0.000e+00
      0.687    13.2634   0.000012  772609451  0.000e+00
      0.660    13.2762   0.000012  772609461  0.000e+00
      0.639    13.2850   0.000012  772609471  0.000e+00
      0.718    13.2910   0.000012  772609481  0.000e+00
      0.681    13.2876   0.000012  772609491  0.000e+00
      0.681    13.2915   0.000012  772609501  0.000e+00
      0.633    13.3046   0.000012  772609511  0.000e+00
      0.675    13.3108   0.000009  772609521  0.000e+00
      0.654    13.3189   0.000012  772609531  0.000e+00
      0.639    13.3335   0.000012  772609541  0.000e+00
      0.633    13.3409   0.000012  772609551  0.000e+00
      0.675    13.3414   0.000012  772609561  0.000e+00
      0.639    13.3496   0.000012  772609571  0.000e+00
      0.633    13.3547   0.000012  772609581  0.000e+00
      0.697    13.3600   0.000012  772609591  0.000e+00
      0.649    13.3555   0.000012  772609601  0.000e+00
      0.416    13.3702   0.000012  772609611  0.000e+00
      0.591    13.3823   0.000012  772609621  0.000e+00
      0.691    13.3916   0.000012  772609631  0.000e+00
      0.691    13.4004   0.000009  772609641  0.000e+00
      0.670    13.4104   0.000009  772609651  0.000e+00
      0.628    13.4206   0.000012  772609661  0.000e+00
      0.585    13.4208   0.000012  772609671  0.000e+00
      0.585    13.4220   0.000012  772609681  0.000e+00
      0.628    13.4136   0.000012  772609691  0.000e+00
      0.649    13.4211   0.000009  772609701  0.000e+00
      0.686    13.4378   0.000009  772609711  0.000e+00
      0.649    13.4401   0.000012  772609721  0.000e+00
      0.649    13.4528   0.000012  772609731  0.000e+00
      0.664    13.4537   0.000012  772609741  0.000e+00
      0.686    13.4680   0.000012  772609751  0.000e+00
      0.728    13.4725   0.000012  772609761  0.000e+00
      0.728    13.4853   0.000012  772609771  0.000e+00
      0.664    13.4931   0.000009  772609781  0.000e+00
      0.664    13.4966   0.000012  772609791  0.000e+00
      0.686    13.4971   0.000012  772609801  0.000e+00
      0.686    13.5062   0.000012  772609811  0.000e+00
      0.643    13.5148   0.000012  772609821  0.000e+00
      0.664    13.5212   0.000012  772609831  0.000e+00
      0.728    13.5270   0.000012  772609841  0.000e+00
      0.680    13.5340   0.000012  772609851  0.000e+00
      0.701    13.5426   0.000012  772609861  0.000e+00
      0.723    13.5487   0.000012  772609871  0.000e+00
      0.659    13.5553   0.000012  772609881  0.000e+00
      0.701    13.5571   0.000012  772609891  0.000e+00
      0.723    13.5653   0.000009  772609901  0.000e+00
      0.426    13.5758   0.000012  772609911  0.000e+00
      0.723    13.5866   0.000009  772609921  0.000e+00
      0.723    13.5941   0.000012  772609931  0.000e+00
      0.744    13.5951   0.000012  772609941  0.000e+00
      0.723    13.6060   0.000012  772609951  0.000e+00
      0.850    13.6142   0.000012  772609961  0.000e+00
      0.696    13.6183   0.000012  772609971  0.000e+00
      0.617    13.6239   0.000012  772609981  0.000e+00
      0.659    13.6307   0.000012  772609991  0.000e+00
      0.611    13.6333   0.000012  772610001  0.000e+00
      0.675    13.6436   0.000012  772610011  0.000e+00
      0.675    13.6487   0.000012  772610021  0.000e+00
      0.627    13.6544   0.000012  772610031  0.000e+00
      0.712    13.6454   0.000012  772610041  0.000e+00
      0.659    13.6563   0.000012  772610051  0.000e+00
      0.654    13.6748   0.000012  772610061  0.000e+00
      0.691    13.6888   0.000012  772610071  0.000e+00
      0.733    13.6960   0.000012  772610081  0.000e+00
      0.648    13.7025   0.000012  772610091  0.000e+00
      0.585    13.7080   0.000012  772610101  0.000e+00
      0.627    13.7040   0.000012  772610111  0.000e+00
      0.606    13.7043   0.000012  772610121  0.000e+00
      0.712    13.7213   0.000012  772610131  0.000e+00
      0.691    13.7098   0.000012  772610141  0.000e+00
      0.670    13.7243   0.000012  772610151  0.000e+00
      0.675    13.7347   0.000012  772610161  0.000e+00
      0.648    13.7348   0.000012  772610171  0.000e+00
      0.686    13.7407   0.000012  772610181  0.000e+00
      0.686    13.7466   0.000012  772610191  0.000e+00
      0.686    13.7545   0.000009  772610201  0.000e+00
      0.664    13.7653   0.000012  772610211  0.000e+00
      0.749    13.7668   0.000012  772610221  0.000e+00
      0.728    13.7759   0.000012  772610231  0.000e+00
      0.728    13.7821   0.000012  772610241  0.000e+00
      0.664    13.7883   0.000012  772610251  0.000e+00
      0.686    13.7944   0.000012  772610261  0.000e+00
      0.664    13.7918   0.000012  772610271  0.000e+00
      0.707    13.7952   0.000012  772610281  0.000e+00
      0.749    13.8058   0.000012  772610291  0.000e+00
      0.686    13.8043   0.000012  772610301  0.000e+00
      0.686    13.8093   0.000012  772610311  0.000e+00
      0.686    13.8210   0.000012  772610321  0.000e+00
      0.707    13.8292   0.000012  772610331  0.000e+00
      0.723    13.8326   0.000012  772610341  0.000e+00
      0.765    13.8415   0.000009  772610351  0.000e+00
      0.659    13.8497   0.000012  772610361  0.000e+00
      0.765    13.8589   0.000012  772610371  0.000e+00
      0.723    13.8667   0.000012  772610381  0.000e+00
      0.744    13.8710   0.000012  772610391  0.000e+00
      0.718    13.8750   0.000009  772610401  0.000e+00
      0.760    13.8846   0.000009  772610411  0.000e+00
