odissea/data/moor/raw/tc24015/microcat_cal_dip/cast21/21269_Cal_Dip_Data.cnv
* Sea-Bird SBE37SMP-RS232  Data File:
* FileName = C:\Users\sa03hs\ODISSEA_data\m_moorproc_toolbox\odissea\data\moor\raw\tc24015\microcat_cal_dip\cast21\SBE37SMP-RS232_03721269_2024_06_25.hex
* Software version SeatermV2 2.8.0.119
* Temperature SN = 21269
* Conductivity SN = 21269
* System UpLoad Time = Jan 05 2026 15:52:18
* sample interval = 10 seconds
* <ApplicationData>
# nquan = 5
# nvalues = 2162                                  
# units = specified
# name 0 = prdM: Pressure, Strain Gauge [db]
# name 1 = tv290C: Temperature [ITS-90, deg C]
# name 2 = cond0S/m: Conductivity [S/m]
# name 3 = timeK: Time, Instrument [seconds]
# name 4 = flag:  0.000e+00
# span 0 =      0.295,   2033.293                 
# span 1 =     3.4257,    13.9708                 
# span 2 =   0.000009,   4.208473                 
# span 3 =  772588801,  772610411                 
# span 4 = 0.0000e+00, 0.0000e+00                 
# interval = seconds: 10
# start_time = Jun 25 2024 00:00:01 [Instrument's time stamp, first data scan]
# bad_flag = -9.990e-29
*END*
      0.562    13.3404   0.000051  772588801  0.000e+00
      0.626    13.3401   0.000048  772588811  0.000e+00
      0.583    13.3423   0.000045  772588821  0.000e+00
      0.589    13.3428   0.000045  772588831  0.000e+00
      0.535    13.3439   0.000045  772588841  0.000e+00
      0.647    13.3443   0.000045  772588851  0.000e+00
      0.668    13.3448   0.000045  772588861  0.000e+00
      0.562    13.3462   0.000045  772588871  0.000e+00
      0.668    13.3458   0.000045  772588881  0.000e+00
      0.604    13.3484   0.000045  772588891  0.000e+00
      0.604    13.3489   0.000045  772588901  0.000e+00
      0.589    13.3517   0.000042  772588911  0.000e+00
      0.626    13.3538   0.000045  772588921  0.000e+00
      0.626    13.3549   0.000045  772588931  0.000e+00
      0.626    13.3562   0.000042  772588941  0.000e+00
      0.583    13.3577   0.000048  772588951  0.000e+00
      0.583    13.3499   0.000045  772588961  0.000e+00
      0.583    13.3562   0.000045  772588971  0.000e+00
      0.668    13.3593   0.000045  772588981  0.000e+00
      0.604    13.3615   0.000045  772588991  0.000e+00
      0.604    13.3613   0.000045  772589001  0.000e+00
      0.632    13.3628   0.000045  772589011  0.000e+00
      0.435    13.3642   0.000042  772589021  0.000e+00
      0.604    13.3664   0.000042  772589031  0.000e+00
      0.647    13.3675   0.000045  772589041  0.000e+00
      0.626    13.3657   0.000042  772589051  0.000e+00
      0.641    13.3657   0.000042  772589061  0.000e+00
      0.647    13.3664   0.000042  772589071  0.000e+00
      0.514    13.3697   0.000042  772589081  0.000e+00
      0.604    13.3691   0.000042  772589091  0.000e+00
      0.598    13.3706   0.000045  772589101  0.000e+00
      0.541    13.3696   0.000042  772589111  0.000e+00
      0.598    13.3705   0.000042  772589121  0.000e+00
      0.556    13.3717   0.000042  772589131  0.000e+00
      0.556    13.3743   0.000042  772589141  0.000e+00
      0.541    13.3750   0.000042  772589151  0.000e+00
      0.583    13.3775   0.000042  772589161  0.000e+00
      0.604    13.3792   0.000042  772589171  0.000e+00
      0.556    13.3807   0.000042  772589181  0.000e+00
      0.556    13.3832   0.000042  772589191  0.000e+00
      0.598    13.3839   0.000045  772589201  0.000e+00
      0.583    13.3858   0.000042  772589211  0.000e+00
      0.598    13.3877   0.000042  772589221  0.000e+00
      0.620    13.3903   0.000042  772589231  0.000e+00
      0.529    13.3918   0.000042  772589241  0.000e+00
      0.535    13.3859   0.000045  772589251  0.000e+00
      0.583    13.3882   0.000042  772589261  0.000e+00
      0.598    13.3919   0.000042  772589271  0.000e+00
      0.577    13.3916   0.000042  772589281  0.000e+00
      0.598    13.3941   0.000042  772589291  0.000e+00
      0.598    13.3951   0.000042  772589301  0.000e+00
      0.577    13.3953   0.000042  772589311  0.000e+00
      0.577    13.3941   0.000042  772589321  0.000e+00
      0.604    13.3948   0.000042  772589331  0.000e+00
      0.598    13.3957   0.000042  772589341  0.000e+00
      0.620    13.3928   0.000042  772589351  0.000e+00
      0.583    13.3922   0.000042  772589361  0.000e+00
      0.620    13.3939   0.000042  772589371  0.000e+00
      0.583    13.3952   0.000042  772589381  0.000e+00
      0.662    13.3978   0.000042  772589391  0.000e+00
      0.598    13.3988   0.000042  772589401  0.000e+00
      0.626    13.3983   0.000042  772589411  0.000e+00
      0.577    13.3978   0.000042  772589421  0.000e+00
      0.598    13.3981   0.000045  772589431  0.000e+00
      0.577    13.3990   0.000042  772589441  0.000e+00
      0.683    13.3984   0.000042  772589451  0.000e+00
      0.556    13.3997   0.000042  772589461  0.000e+00
      0.614    13.3997   0.000042  772589471  0.000e+00
      0.577    13.4015   0.000042  772589481  0.000e+00
      0.598    13.4015   0.000042  772589491  0.000e+00
      0.662    13.4022   0.000042  772589501  0.000e+00
      0.556    13.4027   0.000042  772589511  0.000e+00
      0.620    13.4042   0.000042  772589521  0.000e+00
      0.614    13.4054   0.000042  772589531  0.000e+00
      0.593    13.4082   0.000042  772589541  0.000e+00
      0.598    13.4069   0.000042  772589551  0.000e+00
      0.598    13.4084   0.000042  772589561  0.000e+00
      0.635    13.4084   0.000042  772589571  0.000e+00
      0.577    13.4100   0.000042  772589581  0.000e+00
      0.577    13.4132   0.000042  772589591  0.000e+00
      0.571    13.4146   0.000042  772589601  0.000e+00
      0.656    13.4134   0.000042  772589611  0.000e+00
      0.614    13.4155   0.000042  772589621  0.000e+00
      0.677    13.4142   0.000042  772589631  0.000e+00
      0.620    13.4169   0.000042  772589641  0.000e+00
      0.577    13.4188   0.000042  772589651  0.000e+00
      0.550    13.4188   0.000042  772589661  0.000e+00
      0.635    13.4208   0.000042  772589671  0.000e+00
      0.556    13.4206   0.000042  772589681  0.000e+00
      0.635    13.4199   0.000042  772589691  0.000e+00
      0.614    13.4223   0.000042  772589701  0.000e+00
      0.656    13.4228   0.000042  772589711  0.000e+00
      0.571    13.4234   0.000042  772589721  0.000e+00
      0.635    13.4263   0.000042  772589731  0.000e+00
      0.508    13.4269   0.000042  772589741  0.000e+00
      0.635    13.4233   0.000042  772589751  0.000e+00
      0.614    13.4250   0.000042  772589761  0.000e+00
      0.593    13.4286   0.000042  772589771  0.000e+00
      0.677    13.4289   0.000042  772589781  0.000e+00
      0.641    13.4309   0.000042  772589791  0.000e+00
      0.889    13.4329   0.000042  772589801  0.000e+00
      0.656    13.4316   0.000042  772589811  0.000e+00
      0.598    13.4317   0.000042  772589821  0.000e+00
      0.656    13.4319   0.000042  772589831  0.000e+00
      0.698    13.4338   0.000042  772589841  0.000e+00
      0.698    13.4365   0.000042  772589851  0.000e+00
      0.635    13.4366   0.000042  772589861  0.000e+00
      0.635    13.4384   0.000042  772589871  0.000e+00
      0.593    13.4403   0.000042  772589881  0.000e+00
      0.677    13.4393   0.000042  772589891  0.000e+00
      0.656    13.4403   0.000042  772589901  0.000e+00
      0.635    13.4380   0.000042  772589911  0.000e+00
      0.550    13.4417   0.000042  772589921  0.000e+00
      0.550    13.4444   0.000042  772589931  0.000e+00
      0.635    13.4445   0.000042  772589941  0.000e+00
      0.593    13.4460   0.000042  772589951  0.000e+00
      0.571    13.4467   0.000042  772589961  0.000e+00
      0.614    13.4477   0.000042  772589971  0.000e+00
      0.656    13.4487   0.000042  772589981  0.000e+00
      0.571    13.4499   0.000042  772589991  0.000e+00
      0.614    13.4527   0.000042  772590001  0.000e+00
      0.614    13.4531   0.000042  772590011  0.000e+00
      0.635    13.4535   0.000045  772590021  0.000e+00
      0.650    13.4540   0.000042  772590031  0.000e+00
      0.656    13.4545   0.000042  772590041  0.000e+00
      0.650    13.4550   0.000042  772590051  0.000e+00
      0.693    13.4580   0.000042  772590061  0.000e+00
      0.677    13.4580   0.000039  772590071  0.000e+00
      0.656    13.4600   0.000042  772590081  0.000e+00
      0.693    13.4612   0.000042  772590091  0.000e+00
      0.714    13.4615   0.000042  772590101  0.000e+00
      0.629    13.4603   0.000042  772590111  0.000e+00
      0.629    13.4618   0.000042  772590121  0.000e+00
      0.671    13.4616   0.000042  772590131  0.000e+00
      0.650    13.4615   0.000042  772590141  0.000e+00
      0.687    13.4620   0.000042  772590151  0.000e+00
      0.608    13.4607   0.000042  772590161  0.000e+00
      0.629    13.4637   0.000042  772590171  0.000e+00
      0.783    13.4629   0.000042  772590181  0.000e+00
      0.629    13.4640   0.000042  772590191  0.000e+00
      0.614    13.4647   0.000045  772590201  0.000e+00
      0.593    13.4621   0.000042  772590211  0.000e+00
      0.439    13.4653   0.000042  772590221  0.000e+00
      0.629    13.4668   0.000042  772590231  0.000e+00
      0.608    13.4688   0.000042  772590241  0.000e+00
      0.677    13.4696   0.000042  772590251  0.000e+00
      0.698    13.4699   0.000042  772590261  0.000e+00
      0.693    13.4679   0.000042  772590271  0.000e+00
      0.629    13.4660   0.000042  772590281  0.000e+00
      0.671    13.4696   0.000042  772590291  0.000e+00
      0.644    13.4705   0.000042  772590301  0.000e+00
      0.650    13.4722   0.000042  772590311  0.000e+00
      0.608    13.4710   0.000042  772590321  0.000e+00
      0.623    13.4714   0.000042  772590331  0.000e+00
      0.396    13.4722   0.000042  772590341  0.000e+00
      0.608    13.4722   0.000039  772590351  0.000e+00
      0.608    13.4723   0.000042  772590361  0.000e+00
      0.629    13.4737   0.000042  772590371  0.000e+00
      0.693    13.4738   0.000042  772590381  0.000e+00
      0.650    13.4632   0.000042  772590391  0.000e+00
      0.687    13.4708   0.000042  772590401  0.000e+00
      0.708    13.4742   0.000042  772590411  0.000e+00
      0.644    13.4744   0.000042  772590421  0.000e+00
      0.629    13.4738   0.000042  772590431  0.000e+00
      0.602    13.4733   0.000042  772590441  0.000e+00
      0.539    13.4731   0.000042  772590451  0.000e+00
      0.587    13.4713   0.000042  772590461  0.000e+00
      0.623    13.4710   0.000042  772590471  0.000e+00
      0.644    13.4704   0.000042  772590481  0.000e+00
      0.666    13.4682   0.000042  772590491  0.000e+00
      0.608    13.4692   0.000042  772590501  0.000e+00
      0.608    13.4699   0.000042  772590511  0.000e+00
      0.629    13.4708   0.000042  772590521  0.000e+00
      0.602    13.4690   0.000042  772590531  0.000e+00
      0.608    13.4683   0.000042  772590541  0.000e+00
      0.602    13.4693   0.000042  772590551  0.000e+00
      0.608    13.4706   0.000042  772590561  0.000e+00
      0.587    13.4688   0.000042  772590571  0.000e+00
      0.644    13.4678   0.000042  772590581  0.000e+00
      0.644    13.4700   0.000042  772590591  0.000e+00
      0.644    13.4711   0.000042  772590601  0.000e+00
      0.708    13.4730   0.000042  772590611  0.000e+00
      0.581    13.4738   0.000042  772590621  0.000e+00
      0.560    13.4753   0.000039  772590631  0.000e+00
      0.581    13.4740   0.000042  772590641  0.000e+00
      0.581    13.4738   0.000042  772590651  0.000e+00
      0.602    13.4753   0.000042  772590661  0.000e+00
      0.644    13.4761   0.000042  772590671  0.000e+00
      0.608    13.4780   0.000039  772590681  0.000e+00
      0.623    13.4777   0.000039  772590691  0.000e+00
      0.623    13.4798   0.000039  772590701  0.000e+00
      0.708    13.4785   0.000039  772590711  0.000e+00
      0.644    13.4798   0.000039  772590721  0.000e+00
      0.644    13.4828   0.000039  772590731  0.000e+00
      0.650    13.4835   0.000039  772590741  0.000e+00
      0.623    13.4830   0.000039  772590751  0.000e+00
      0.560    13.4832   0.000039  772590761  0.000e+00
      0.623    13.4833   0.000039  772590771  0.000e+00
      0.623    13.4820   0.000039  772590781  0.000e+00
      0.623    13.4821   0.000039  772590791  0.000e+00
      0.581    13.4833   0.000039  772590801  0.000e+00
      0.666    13.4852   0.000042  772590811  0.000e+00
      0.702    13.4845   0.000039  772590821  0.000e+00
      0.644    13.4799   0.000039  772590831  0.000e+00
      0.623    13.4801   0.000039  772590841  0.000e+00
      0.602    13.4811   0.000039  772590851  0.000e+00
      0.602    13.4803   0.000039  772590861  0.000e+00
      0.623    13.4808   0.000039  772590871  0.000e+00
      0.602    13.4795   0.000039  772590881  0.000e+00
      0.639    13.4783   0.000039  772590891  0.000e+00
      0.575    13.4771   0.000039  772590901  0.000e+00
      0.644    13.4767   0.000042  772590911  0.000e+00
      0.581    13.4756   0.000042  772590921  0.000e+00
      0.608    13.4745   0.000042  772590931  0.000e+00
      0.560    13.4732   0.000039  772590941  0.000e+00
      0.644    13.4728   0.000039  772590951  0.000e+00
      0.702    13.4727   0.000039  772590961  0.000e+00
      0.639    13.4738   0.000039  772590971  0.000e+00
      0.623    13.4751   0.000039  772590981  0.000e+00
      0.618    13.4755   0.000039  772590991  0.000e+00
      0.666    13.4758   0.000039  772591001  0.000e+00
      0.702    13.4724   0.000039  772591011  0.000e+00
      0.623    13.4733   0.000039  772591021  0.000e+00
      0.644    13.4745   0.000039  772591031  0.000e+00
      0.644    13.4736   0.000039  772591041  0.000e+00
      0.602    13.4741   0.000039  772591051  0.000e+00
      0.581    13.4724   0.000039  772591061  0.000e+00
      0.623    13.4732   0.000039  772591071  0.000e+00
      0.644    13.4705   0.000039  772591081  0.000e+00
      0.581    13.4677   0.000039  772591091  0.000e+00
      0.639    13.4668   0.000039  772591101  0.000e+00
      0.639    13.4678   0.000039  772591111  0.000e+00
      0.385    13.4698   0.000042  772591121  0.000e+00
      0.618    13.4688   0.000039  772591131  0.000e+00
      0.575    13.4689   0.000042  772591141  0.000e+00
      0.581    13.4665   0.000039  772591151  0.000e+00
      0.602    13.4675   0.000039  772591161  0.000e+00
      0.618    13.4664   0.000039  772591171  0.000e+00
      0.639    13.4658   0.000039  772591181  0.000e+00
      0.623    13.4646   0.000039  772591191  0.000e+00
      0.433    13.4643   0.000039  772591201  0.000e+00
      0.623    13.4640   0.000039  772591211  0.000e+00
      0.618    13.4647   0.000039  772591221  0.000e+00
      0.639    13.4635   0.000039  772591231  0.000e+00
      0.639    13.4643   0.000039  772591241  0.000e+00
      0.660    13.4625   0.000039  772591251  0.000e+00
      0.602    13.4625   0.000039  772591261  0.000e+00
      0.681    13.4641   0.000039  772591271  0.000e+00
      0.602    13.4610   0.000039  772591281  0.000e+00
      0.644    13.4638   0.000039  772591291  0.000e+00
      0.681    13.4645   0.000039  772591301  0.000e+00
      0.639    13.4638   0.000039  772591311  0.000e+00
      0.602    13.4650   0.000042  772591321  0.000e+00
      0.575    13.4658   0.000039  772591331  0.000e+00
      0.633    13.4650   0.000039  772591341  0.000e+00
      0.602    13.4648   0.000039  772591351  0.000e+00
      0.602    13.4650   0.000039  772591361  0.000e+00
      0.623    13.4672   0.000039  772591371  0.000e+00
      0.618    13.4678   0.000039  772591381  0.000e+00
      0.660    13.4671   0.000039  772591391  0.000e+00
      0.623    13.4660   0.000039  772591401  0.000e+00
      0.623    13.4665   0.000039  772591411  0.000e+00
      0.644    13.4669   0.000039  772591421  0.000e+00
      0.702    13.4681   0.000039  772591431  0.000e+00
      0.639    13.4673   0.000039  772591441  0.000e+00
      0.639    13.4672   0.000039  772591451  0.000e+00
      0.618    13.4695   0.000039  772591461  0.000e+00
      0.681    13.4715   0.000039  772591471  0.000e+00
      0.660    13.4731   0.000039  772591481  0.000e+00
      0.660    13.4729   0.000039  772591491  0.000e+00
      0.660    13.4740   0.000039  772591501  0.000e+00
      0.602    13.4765   0.000039  772591511  0.000e+00
      0.681    13.4770   0.000039  772591521  0.000e+00
      0.639    13.4773   0.000039  772591531  0.000e+00
      0.639    13.4773   0.000039  772591541  0.000e+00
      0.639    13.4788   0.000039  772591551  0.000e+00
      0.618    13.4768   0.000039  772591561  0.000e+00
      0.660    13.4791   0.000039  772591571  0.000e+00
      0.602    13.4805   0.000039  772591581  0.000e+00
      0.660    13.4814   0.000039  772591591  0.000e+00
      0.596    13.4797   0.000039  772591601  0.000e+00
      0.660    13.4811   0.000039  772591611  0.000e+00
      0.702    13.4832   0.000039  772591621  0.000e+00
      0.660    13.4841   0.000042  772591631  0.000e+00
      0.824    13.4845   0.000039  772591641  0.000e+00
