odissea/data/moor/raw/tc24015/microcat_cal_dip/cast21/21269_Cal_Dip_Data.cnv
* Sea-Bird SBE37SMP-RS232  Data File:
* FileName = C:\Users\sa03hs\ODISSEA_data\m_moorproc_toolbox\odissea\data\moor\raw\tc24015\microcat_cal_dip\cast21\SBE37SMP-RS232_03721269_2024_06_25.hex
* Software version SeatermV2 2.8.0.119
* Temperature SN = 21269
* Conductivity SN = 21269
* System UpLoad Time = Jan 05 2026 15:52:18
* sample interval = 10 seconds
* <ApplicationData>
# nquan = 5
# nvalues = 2162                                  
# units = specified
# name 0 = prdM: Pressure, Strain Gauge [db]
# name 1 = tv290C: Temperature [ITS-90, deg C]
# name 2 = cond0S/m: Conductivity [S/m]
# name 3 = timeK: Time, Instrument [seconds]
# name 4 = flag:  0.000e+00
# span 0 =      0.295,   2033.293                 
# span 1 =     3.4257,    13.9708                 
# span 2 =   0.000009,   4.208473                 
# span 3 =  772588801,  772610411                 
# span 4 = 0.0000e+00, 0.0000e+00                 
# interval = seconds: 10
# start_time = Jun 25 2024 00:00:01 [Instrument's time stamp, first data scan]
# bad_flag = -9.990e-29
*END*
[from data line 858]
      0.385    13.4273   0.000039  772597381  0.000e+00
      0.681    13.4271   0.000039  772597391  0.000e+00
      0.660    13.4271   0.000039  772597401  0.000e+00
      0.639    13.4236   0.000039  772597411  0.000e+00
      0.681    13.4247   0.000039  772597421  0.000e+00
      0.681    13.4251   0.000039  772597431  0.000e+00
      0.723    13.4221   0.000039  772597441  0.000e+00
      0.687    13.4206   0.000039  772597451  0.000e+00
      0.633    13.4208   0.000039  772597461  0.000e+00
      0.639    13.4195   0.000039  772597471  0.000e+00
      0.718    13.4163   0.000039  772597481  0.000e+00
      0.639    13.4163   0.000039  772597491  0.000e+00
      0.660    13.4155   0.000039  772597501  0.000e+00
      0.681    13.4147   0.000039  772597511  0.000e+00
      0.681    13.4131   0.000039  772597521  0.000e+00
      0.596    13.4138   0.000042  772597531  0.000e+00
      0.618    13.4141   0.000039  772597541  0.000e+00
      0.675    13.4133   0.000042  772597551  0.000e+00
      0.654    13.4146   0.000039  772597561  0.000e+00
      0.591    13.4143   0.000039  772597571  0.000e+00
      0.575    13.4161   0.000039  772597581  0.000e+00
      0.639    13.4160   0.000039  772597591  0.000e+00
      0.660    13.4153   0.000039  772597601  0.000e+00
      0.633    13.4150   0.000039  772597611  0.000e+00
      0.633    13.4162   0.000042  772597621  0.000e+00
      0.633    13.4169   0.000039  772597631  0.000e+00
      0.633    13.4168   0.000039  772597641  0.000e+00
      0.675    13.4168   0.000039  772597651  0.000e+00
      0.633    13.4159   0.000039  772597661  0.000e+00
      0.675    13.4181   0.000039  772597671  0.000e+00
      0.596    13.4189   0.000039  772597681  0.000e+00
      0.681    13.4186   0.000039  772597691  0.000e+00
      0.639    13.4184   0.000039  772597701  0.000e+00
      0.596    13.4196   0.000039  772597711  0.000e+00
      0.612    13.4206   0.000039  772597721  0.000e+00
      0.596    13.4187   0.000039  772597731  0.000e+00
      0.618    13.4189   0.000039  772597741  0.000e+00
      0.596    13.4196   0.000039  772597751  0.000e+00
      0.575    13.4188   0.000039  772597761  0.000e+00
      0.660    13.4184   0.000039  772597771  0.000e+00
      0.575    13.4191   0.000039  772597781  0.000e+00
      0.654    13.4195   0.000039  772597791  0.000e+00
      0.660    13.4204   0.000039  772597801  0.000e+00
      0.639    13.4208   0.000039  772597811  0.000e+00
      0.469    13.4189   0.000039  772597821  0.000e+00
      0.681    13.4194   0.000039  772597831  0.000e+00
      0.654    13.4208   0.000039  772597841  0.000e+00
      0.675    13.4206   0.000039  772597851  0.000e+00
      0.660    13.4208   0.000039  772597861  0.000e+00
      0.639    13.4220   0.000039  772597871  0.000e+00
      0.612    13.4228   0.000039  772597881  0.000e+00
      0.654    13.4217   0.000039  772597891  0.000e+00
      0.618    13.4208   0.000039  772597901  0.000e+00
      0.639    13.4216   0.000039  772597911  0.000e+00
      0.660    13.4211   0.000039  772597921  0.000e+00
      0.618    13.4207   0.000039  772597931  0.000e+00
      0.575    13.4221   0.000039  772597941  0.000e+00
      0.596    13.4231   0.000039  772597951  0.000e+00
      0.570    13.4216   0.000039  772597961  0.000e+00
      0.575    13.4202   0.000039  772597971  0.000e+00
      0.596    13.4200   0.000039  772597981  0.000e+00
      0.554    13.4196   0.000039  772597991  0.000e+00
      0.591    13.4209   0.000039  772598001  0.000e+00
      0.654    13.4215   0.000039  772598011  0.000e+00
      0.575    13.4225   0.000039  772598021  0.000e+00
      0.575    13.4244   0.000039  772598031  0.000e+00
      0.554    13.4252   0.000039  772598041  0.000e+00
      0.591    13.4265   0.000039  772598051  0.000e+00
      0.596    13.4288   0.000042  772598061  0.000e+00
      0.618    13.4303   0.000039  772598071  0.000e+00
      0.554    13.4329   0.000039  772598081  0.000e+00
      0.570    13.4361   0.000039  772598091  0.000e+00
      0.596    13.4385   0.000039  772598101  0.000e+00
      0.591    13.4407   0.000039  772598111  0.000e+00
      0.612    13.4425   0.000039  772598121  0.000e+00
      0.591    13.4443   0.000039  772598131  0.000e+00
      0.358    13.4467   0.000039  772598141  0.000e+00
      0.591    13.4475   0.000039  772598151  0.000e+00
      0.548    13.4492   0.000039  772598161  0.000e+00
      0.570    13.4504   0.000039  772598171  0.000e+00
      0.554    13.4517   0.000039  772598181  0.000e+00
      0.591    13.4521   0.000039  772598191  0.000e+00
      0.596    13.4531   0.000039  772598201  0.000e+00
      0.591    13.4529   0.000039  772598211  0.000e+00
      0.575    13.4537   0.000039  772598221  0.000e+00
      0.591    13.4559   0.000039  772598231  0.000e+00
      0.660    13.4567   0.000039  772598241  0.000e+00
      0.633    13.4562   0.000039  772598251  0.000e+00
      0.639    13.4553   0.000039  772598261  0.000e+00
      0.591    13.4540   0.000039  772598271  0.000e+00
      0.612    13.4542   0.000039  772598281  0.000e+00
      0.596    13.4545   0.000039  772598291  0.000e+00
      0.612    13.4535   0.000039  772598301  0.000e+00
      0.596    13.4544   0.000039  772598311  0.000e+00
      0.660    13.4528   0.000039  772598321  0.000e+00
      0.654    13.4536   0.000039  772598331  0.000e+00
      0.654    13.4521   0.000039  772598341  0.000e+00
      0.681    13.4492   0.000039  772598351  0.000e+00
      0.633    13.4484   0.000039  772598361  0.000e+00
      0.618    13.4471   0.000039  772598371  0.000e+00
      0.654    13.4464   0.000039  772598381  0.000e+00
      0.596    13.4457   0.000039  772598391  0.000e+00
      0.612    13.4448   0.000039  772598401  0.000e+00
      0.596    13.4440   0.000039  772598411  0.000e+00
      0.660    13.4428   0.000039  772598421  0.000e+00
      0.591    13.4408   0.000039  772598431  0.000e+00
      0.591    13.4393   0.000039  772598441  0.000e+00
      0.633    13.4376   0.000039  772598451  0.000e+00
      0.591    13.4380   0.000039  772598461  0.000e+00
      0.612    13.4375   0.000039  772598471  0.000e+00
      0.612    13.4374   0.000039  772598481  0.000e+00
      0.612    13.4365   0.000042  772598491  0.000e+00
      0.675    13.4366   0.000039  772598501  0.000e+00
      0.654    13.4363   0.000039  772598511  0.000e+00
      0.654    13.4353   0.000039  772598521  0.000e+00
      0.675    13.4360   0.000039  772598531  0.000e+00
      0.660    13.4363   0.000039  772598541  0.000e+00
      0.612    13.4373   0.000039  772598551  0.000e+00
      0.660    13.4375   0.000039  772598561  0.000e+00
      0.633    13.4385   0.000039  772598571  0.000e+00
      0.633    13.4397   0.000039  772598581  0.000e+00
      0.612    13.4409   0.000039  772598591  0.000e+00
      0.570    13.4413   0.000039  772598601  0.000e+00
      0.702    13.4426   0.000039  772598611  0.000e+00
      0.654    13.4427   0.000039  772598621  0.000e+00
      0.675    13.4433   0.000039  772598631  0.000e+00
      0.660    13.4440   0.000039  772598641  0.000e+00
      0.654    13.4451   0.000039  772598651  0.000e+00
      0.697    13.4466   0.000039  772598661  0.000e+00
      0.612    13.4478   0.000039  772598671  0.000e+00
      0.633    13.4489   0.000039  772598681  0.000e+00
      0.633    13.4510   0.000039  772598691  0.000e+00
      0.596    13.4514   0.000039  772598701  0.000e+00
      0.781    13.4535   0.000039  772598711  0.000e+00
      0.406    13.4555   0.000039  772598721  0.000e+00
      0.612    13.4547   0.000039  772598731  0.000e+00
      0.618    13.4570   0.000039  772598741  0.000e+00
      0.612    13.4562   0.000042  772598751  0.000e+00
      0.639    13.4583   0.000039  772598761  0.000e+00
      0.654    13.4587   0.000039  772598771  0.000e+00
      0.639    13.4591   0.000039  772598781  0.000e+00
      0.691    13.4588   0.000039  772598791  0.000e+00
      0.697    13.4587   0.000039  772598801  0.000e+00
      0.697    13.4589   0.000039  772598811  0.000e+00
      0.697    13.4567   0.000039  772598821  0.000e+00
      0.654    13.4575   0.000039  772598831  0.000e+00
      0.633    13.4572   0.000039  772598841  0.000e+00
      0.612    13.4573   0.000039  772598851  0.000e+00
      0.654    13.4550   0.000039  772598861  0.000e+00
      0.654    13.4561   0.000039  772598871  0.000e+00
      0.633    13.4560   0.000039  772598881  0.000e+00
      0.633    13.4549   0.000039  772598891  0.000e+00
      0.612    13.4540   0.000039  772598901  0.000e+00
      0.639    13.4528   0.000036  772598911  0.000e+00
      0.633    13.4520   0.000039  772598921  0.000e+00
      0.591    13.4480   0.000039  772598931  0.000e+00
      0.570    13.4446   0.000039  772598941  0.000e+00
      0.654    13.4460   0.000039  772598951  0.000e+00
      0.570    13.4452   0.000039  772598961  0.000e+00
      0.591    13.4423   0.000039  772598971  0.000e+00
      0.570    13.4390   0.000039  772598981  0.000e+00
      0.633    13.4345   0.000039  772598991  0.000e+00
      0.300    13.4352   0.000039  772599001  0.000e+00
      0.612    13.4330   0.000039  772599011  0.000e+00
      0.618    13.4268   0.000039  772599021  0.000e+00
      0.787    13.4259   0.000042  772599031  0.000e+00
      0.548    13.4257   0.000039  772599041  0.000e+00
      0.612    13.4255   0.000039  772599051  0.000e+00
      0.548    13.4226   0.000039  772599061  0.000e+00
      0.570    13.4198   0.000039  772599071  0.000e+00
      0.591    13.4159   0.000039  772599081  0.000e+00
      0.606    13.4117   0.000042  772599091  0.000e+00
      0.654    13.4112   0.000039  772599101  0.000e+00
      0.633    13.4114   0.000039  772599111  0.000e+00
      0.633    13.4137   0.000039  772599121  0.000e+00
      0.612    13.4120   0.000039  772599131  0.000e+00
      0.612    13.4110   0.000039  772599141  0.000e+00
      0.585    13.4094   0.000039  772599151  0.000e+00
      0.633    13.4062   0.000039  772599161  0.000e+00
      0.612    13.4047   0.000039  772599171  0.000e+00
      0.575    13.4056   0.000039  772599181  0.000e+00
      0.548    13.4067   0.000039  772599191  0.000e+00
      0.633    13.4092   0.000039  772599201  0.000e+00
      0.554    13.4164   0.000039  772599211  0.000e+00
      0.591    13.4229   0.000039  772599221  0.000e+00
      0.660    13.4270   0.000039  772599231  0.000e+00
      0.612    13.4350   0.000039  772599241  0.000e+00
      0.612    13.4465   0.000039  772599251  0.000e+00
      0.612    13.4561   0.000039  772599261  0.000e+00
      0.596    13.4713   0.000039  772599271  0.000e+00
      0.633    13.4755   0.000039  772599281  0.000e+00
      0.612    13.4807   0.000039  772599291  0.000e+00
      0.612    13.4861   0.000039  772599301  0.000e+00
      0.618    13.4900   0.000039  772599311  0.000e+00
      0.612    13.4926   0.000036  772599321  0.000e+00
      0.612    13.4996   0.000039  772599331  0.000e+00
      0.316    13.5059   0.000039  772599341  0.000e+00
      0.633    13.5102   0.000039  772599351  0.000e+00
      0.612    13.5149   0.000039  772599361  0.000e+00
      0.612    13.5203   0.000039  772599371  0.000e+00
      0.612    13.5238   0.000039  772599381  0.000e+00
      0.585    13.5274   0.000039  772599391  0.000e+00
      0.548    13.5301   0.000039  772599401  0.000e+00
      0.612    13.5316   0.000039  772599411  0.000e+00
      0.591    13.5341   0.000039  772599421  0.000e+00
      0.612    13.5353   0.000039  772599431  0.000e+00
      0.606    13.5354   0.000039  772599441  0.000e+00
      0.591    13.5417   0.000039  772599451  0.000e+00
      0.675    13.5458   0.000039  772599461  0.000e+00
      0.628    13.5490   0.000042  772599471  0.000e+00
      0.612    13.5554   0.000042  772599481  0.000e+00
      0.612    13.5604   0.000039  772599491  0.000e+00
      0.591    13.5624   0.000039  772599501  0.000e+00
      0.570    13.5672   0.000036  772599511  0.000e+00
      0.548    13.5766   0.000039  772599521  0.000e+00
      0.570    13.5798   0.000039  772599531  0.000e+00
      0.585    13.5986   0.000039  772599541  0.000e+00
      0.570    13.6054   0.000039  772599551  0.000e+00
      0.612    13.6112   0.000039  772599561  0.000e+00
      0.570    13.6138   0.000039  772599571  0.000e+00
      0.585    13.6192   0.000036  772599581  0.000e+00
      0.591    13.6293   0.000039  772599591  0.000e+00
      0.633    13.6335   0.000039  772599601  0.000e+00
      0.760    13.6377   0.000039  772599611  0.000e+00
      0.612    13.6410   0.000039  772599621  0.000e+00
      0.628    13.6462   0.000039  772599631  0.000e+00
      0.570    13.6591   0.000039  772599641  0.000e+00
      0.649    13.6673   0.000039  772599651  0.000e+00
      0.606    13.6812   0.000039  772599661  0.000e+00
      0.612    13.7001   0.000039  772599671  0.000e+00
      0.606    13.7079   0.000039  772599681  0.000e+00
      0.628    13.7140   0.000039  772599691  0.000e+00
      0.585    13.7310   0.000039  772599701  0.000e+00
      0.585    13.7453   0.000039  772599711  0.000e+00
      0.585    13.7507   0.000039  772599721  0.000e+00
      0.633    13.7527   0.000039  772599731  0.000e+00
      0.628    13.7554   0.000039  772599741  0.000e+00
      0.670    13.7610   0.000039  772599751  0.000e+00
      0.649    13.7655   0.000054  772599761  0.000e+00
      0.585    13.7739   0.000039  772599771  0.000e+00
      0.628    13.7857   0.000039  772599781  0.000e+00
      0.628    13.7922   0.000039  772599791  0.000e+00
      0.570    13.8029   0.000036  772599801  0.000e+00
      0.585    13.8043   0.000036  772599811  0.000e+00
      0.601    13.8112   0.000036  772599821  0.000e+00
      0.649    13.8162   0.000039  772599831  0.000e+00
      0.606    13.8149   0.000036  772599841  0.000e+00
      0.691    13.8165   0.000036  772599851  0.000e+00
      0.564    13.8157   0.000039  772599861  0.000e+00
      0.606    13.8200   0.000039  772599871  0.000e+00
      0.580    13.8226   0.000036  772599881  0.000e+00
      0.622    13.8266   0.000039  772599891  0.000e+00
      0.564    13.8409   0.000039  772599901  0.000e+00
      0.564    13.8507   0.000039  772599911  0.000e+00
      0.543    13.8545   0.000039  772599921  0.000e+00
      0.585    13.8704   0.000039  772599931  0.000e+00
      0.601    13.8877   0.000039  772599941  0.000e+00
      0.628    13.8992   0.000039  772599951  0.000e+00
      0.622    13.8952   0.000039  772599961  0.000e+00
      0.580    13.8926   0.000039  772599971  0.000e+00
      0.559    13.8972   0.000039  772599981  0.000e+00
      0.601    13.9057   0.000036  772599991  0.000e+00
      0.622    13.9148   0.000039  772600001  0.000e+00
      0.537    13.9225   0.000039  772600011  0.000e+00
      0.580    13.9314   0.000039  772600021  0.000e+00
      0.643    13.9294   0.000039  772600031  0.000e+00
      0.580    13.9301   0.000039  772600041  0.000e+00
      0.622    13.9307   0.000039  772600051  0.000e+00
      0.580    13.9368   0.000039  772600061  0.000e+00
      0.574    13.9560   0.000036  772600071  0.000e+00
      0.559    13.9560   0.000039  772600081  0.000e+00
      0.622    13.9553   0.000039  772600091  0.000e+00
      0.622    13.9552   0.000039  772600101  0.000e+00
      0.537    13.9549   0.000039  772600111  0.000e+00
      0.659    13.9556   0.000039  772600121  0.000e+00
      0.580    13.9560   0.000039  772600131  0.000e+00
      0.559    13.9570   0.000039  772600141  0.000e+00
      0.601    13.9599   0.000039  772600151  0.000e+00
      0.643    13.9654   0.000039  772600161  0.000e+00
      0.643    13.9704   0.000039  772600171  0.000e+00
      0.596    13.9704   0.000039  772600181  0.000e+00
      0.617    13.9708   0.000036  772600191  0.000e+00
      0.580    13.9679   0.000039  772600201  0.000e+00
      0.574    13.9675   0.000039  772600211  0.000e+00
