odissea/data/moor/raw/tc24015/microcat_cal_dip/cast21/21269_Cal_Dip_Data.cnv
* Sea-Bird SBE37SMP-RS232  Data File:
* FileName = C:\Users\sa03hs\ODISSEA_data\m_moorproc_toolbox\odissea\data\moor\raw\tc24015\microcat_cal_dip\cast21\SBE37SMP-RS232_03721269_2024_06_25.hex
* Software version SeatermV2 2.8.0.119
* Temperature SN = 21269
* Conductivity SN = 21269
* System UpLoad Time = Jan 05 2026 15:52:18
* sample interval = 10 seconds
* <ApplicationData>
# nquan = 5
# nvalues = 2162                                  
# units = specified
# name 0 = prdM: Pressure, Strain Gauge [db]
# name 1 = tv290C: Temperature [ITS-90, deg C]
# name 2 = cond0S/m: Conductivity [S/m]
# name 3 = timeK: Time, Instrument [seconds]
# name 4 = flag:  0.000e+00
# span 0 =      0.295,   2033.293                 
# span 1 =     3.4257,    13.9708                 
# span 2 =   0.000009,   4.208473                 
# span 3 =  772588801,  772610411                 
# span 4 = 0.0000e+00, 0.0000e+00                 
# interval = seconds: 10
# start_time = Jun 25 2024 00:00:01 [Instrument's time stamp, first data scan]
# bad_flag = -9.990e-29
*END*
[from data line 1143]
      0.617    13.9452   0.000039  772600231  0.000e+00
      0.590    13.9296   0.000039  772600241  0.000e+00
      0.617    13.9194   0.000039  772600251  0.000e+00
      0.548    13.9169   0.000039  772600261  0.000e+00
      0.596    13.9066   0.000039  772600271  0.000e+00
      0.537    13.8949   0.000039  772600281  0.000e+00
      0.596    13.8793   0.000039  772600291  0.000e+00
      0.574    13.8636   0.000036  772600301  0.000e+00
      0.617    13.8394   0.000039  772600311  0.000e+00
      0.559    13.8154   0.000039  772600321  0.000e+00
      0.659    13.7892   0.000039  772600331  0.000e+00
      0.617    13.7637   0.000039  772600341  0.000e+00
      0.596    13.7423   0.000039  772600351  0.000e+00
      0.643    13.7114   0.000039  772600361  0.000e+00
      2.770    13.5042   2.095734  772600371  0.000e+00
      5.860    13.5032   4.208473  772600381  0.000e+00
      6.289    13.5013   4.205465  772600391  0.000e+00
      6.606    13.5009   4.204061  772600401  0.000e+00
      6.718    13.4995   4.203256  772600411  0.000e+00
      6.310    13.5039   4.202990  772600421  0.000e+00
      6.268    13.5014   4.202486  772600431  0.000e+00
      6.310    13.5042   4.202275  772600441  0.000e+00
      5.606    13.5082   4.202404  772600451  0.000e+00
      2.506    13.4922   4.181897  772600461  0.000e+00
      2.400    13.4984   4.201285  772600471  0.000e+00
      2.119    13.5024   4.199369  772600481  0.000e+00
      2.273    13.4984   4.201128  772600491  0.000e+00
      1.934    13.5018   4.199860  772600501  0.000e+00
      2.612    13.5036   4.201448  772600511  0.000e+00
     10.104    13.5073   4.202235  772600521  0.000e+00
     19.904    13.5090   4.202839  772600531  0.000e+00
     30.192    13.5087   4.203375  772600541  0.000e+00
     39.607    13.3215   4.190722  772600551  0.000e+00
     48.991    12.9746   4.160426  772600561  0.000e+00
     58.561    12.6842   4.132900  772600571  0.000e+00
     68.936    12.3284   4.102911  772600581  0.000e+00
     79.164    12.1823   4.084996  772600591  0.000e+00
     89.414    11.9761   4.064860  772600601  0.000e+00
     99.135    11.9159   4.057503  772600611  0.000e+00
    109.042    11.8601   4.052610  772600621  0.000e+00
    119.204    11.8147   4.047880  772600631  0.000e+00
    128.609    11.8439   4.051053  772600641  0.000e+00
    138.677    11.8272   4.049384  772600651  0.000e+00
    148.725    11.7831   4.044273  772600661  0.000e+00
    158.773    11.5944   4.025472  772600671  0.000e+00
    168.971    11.5504   4.020420  772600681  0.000e+00
    180.165    11.5334   4.018918  772600691  0.000e+00
    189.305    11.5157   4.016338  772600701  0.000e+00
    199.441    11.4791   4.012608  772600711  0.000e+00
    209.763    11.4728   4.012566  772600721  0.000e+00
    219.801    11.4401   4.009232  772600731  0.000e+00
    230.316    11.4251   4.008106  772600741  0.000e+00
    240.073    11.4044   4.006191  772600751  0.000e+00
    249.923    11.3877   4.004591  772600761  0.000e+00
    260.064    11.3292   3.999142  772600771  0.000e+00
    270.312    11.3070   3.997322  772600781  0.000e+00
    279.436    11.2987   3.996083  772600791  0.000e+00
    290.152    11.2839   3.995066  772600801  0.000e+00
    299.660    11.2813   3.994936  772600811  0.000e+00
    310.250    11.2577   3.993077  772600821  0.000e+00
    320.247    11.2319   3.990645  772600831  0.000e+00
    330.048    11.2153   3.989460  772600841  0.000e+00
    340.499    11.2124   3.989511  772600851  0.000e+00
    350.668    11.2072   3.989335  772600861  0.000e+00
    361.029    11.1855   3.987490  772600871  0.000e+00
    370.620    11.1789   3.986987  772600881  0.000e+00
    380.544    11.1768   3.987171  772600891  0.000e+00
    390.546    11.1701   3.986888  772600901  0.000e+00
    400.755    11.1631   3.986578  772600911  0.000e+00
    410.950    11.1581   3.986529  772600921  0.000e+00
    420.962    11.1496   3.985979  772600931  0.000e+00
    431.039    11.1422   3.985909  772600941  0.000e+00
    442.114    11.1236   3.984653  772600951  0.000e+00
    451.902    11.0954   3.981962  772600961  0.000e+00
    463.184    11.0685   3.979266  772600971  0.000e+00
    472.980    11.0352   3.975923  772600981  0.000e+00
    483.832    10.9783   3.970324  772600991  0.000e+00
    494.055    10.9313   3.965567  772601001  0.000e+00
    505.100    10.8892   3.961590  772601011  0.000e+00
    515.324    10.8137   3.954137  772601021  0.000e+00
    525.733    10.7611   3.948443  772601031  0.000e+00
    536.221    10.6944   3.942135  772601041  0.000e+00
    547.036    10.6167   3.934949  772601051  0.000e+00
    557.263    10.5109   3.923252  772601061  0.000e+00
    567.661    10.4503   3.917769  772601071  0.000e+00
    577.522    10.3544   3.907198  772601081  0.000e+00
    587.936    10.2441   3.896532  772601091  0.000e+00
    597.742    10.1158   3.883356  772601101  0.000e+00
    608.377    10.0231   3.874966  772601111  0.000e+00
    619.098     9.9715   3.870433  772601121  0.000e+00
    628.969     9.8975   3.861797  772601131  0.000e+00
    639.649     9.8923   3.861775  772601141  0.000e+00
    649.430     9.9457   3.868381  772601151  0.000e+00
    659.878     9.8681   3.861210  772601161  0.000e+00
    669.327     9.8388   3.858763  772601171  0.000e+00
    679.606     9.8040   3.856344  772601181  0.000e+00
    689.801     9.7368   3.850583  772601191  0.000e+00
    699.763     9.6522   3.842425  772601201  0.000e+00
    710.960     9.6082   3.840036  772601211  0.000e+00
    721.221     9.6510   3.845023  772601221  0.000e+00
    731.334     9.5851   3.839407  772601231  0.000e+00
    741.682     9.4502   3.828383  772601241  0.000e+00
    752.222     9.3929   3.822028  772601251  0.000e+00
    762.891     9.3582   3.819526  772601261  0.000e+00
    773.710     9.1962   3.803646  772601271  0.000e+00
    784.061     9.1384   3.798159  772601281  0.000e+00
    794.817     9.1545   3.799975  772601291  0.000e+00
    805.149     9.0883   3.794483  772601301  0.000e+00
    815.502     8.9724   3.785001  772601311  0.000e+00
    824.963     8.8500   3.772186  772601321  0.000e+00
    834.828     8.8483   3.773318  772601331  0.000e+00
    844.929     9.0305   3.792922  772601341  0.000e+00
    854.604     9.1419   3.806152  772601351  0.000e+00
    865.933     9.1704   3.812157  772601361  0.000e+00
    876.385     8.9914   3.799247  772601371  0.000e+00
    886.220     8.7428   3.770577  772601381  0.000e+00
    896.265     8.7985   3.777297  772601391  0.000e+00
    905.484     8.9302   3.791624  772601401  0.000e+00
    916.186     8.8697   3.788150  772601411  0.000e+00
    926.932     8.7896   3.781378  772601421  0.000e+00
    937.223     8.6720   3.769650  772601431  0.000e+00
    947.127     8.5716   3.759313  772601441  0.000e+00
    956.840     8.4832   3.750894  772601451  0.000e+00
    966.825     8.4554   3.748482  772601461  0.000e+00
    977.648     8.4023   3.746046  772601471  0.000e+00
    988.752     8.3525   3.741046  772601481  0.000e+00
    999.291     8.2888   3.735062  772601491  0.000e+00
   1009.626     8.1969   3.728029  772601501  0.000e+00
   1019.548     8.1445   3.721319  772601511  0.000e+00
   1030.634     8.0781   3.716080  772601521  0.000e+00
   1040.780     7.9730   3.705963  772601531  0.000e+00
   1050.972     7.8868   3.696569  772601541  0.000e+00
   1061.281     7.8332   3.691414  772601551  0.000e+00
   1071.451     7.7984   3.687770  772601561  0.000e+00
   1082.507     7.7474   3.683442  772601571  0.000e+00
   1091.636     7.6241   3.671061  772601581  0.000e+00
   1102.716     7.5304   3.662909  772601591  0.000e+00
   1112.740     7.4617   3.655820  772601601  0.000e+00
   1123.032     7.2279   3.633602  772601611  0.000e+00
   1132.868     7.0493   3.613792  772601621  0.000e+00
   1143.704     6.9031   3.601307  772601631  0.000e+00
   1154.234     6.7872   3.587379  772601641  0.000e+00
   1164.603     6.6126   3.571162  772601651  0.000e+00
   1174.558     6.4682   3.554851  772601661  0.000e+00
   1185.026     6.3357   3.542288  772601671  0.000e+00
   1195.142     6.2563   3.533409  772601681  0.000e+00
   1204.939     6.1408   3.520995  772601691  0.000e+00
   1214.822     5.9547   3.503540  772601701  0.000e+00
   1225.111     5.8643   3.494554  772601711  0.000e+00
   1235.049     5.7032   3.478288  772601721  0.000e+00
   1245.693     5.6041   3.468147  772601731  0.000e+00
   1254.852     5.5353   3.459846  772601741  0.000e+00
   1265.102     5.4901   3.455310  772601751  0.000e+00
   1274.648     5.4107   3.447998  772601761  0.000e+00
   1284.911     5.3420   3.442114  772601771  0.000e+00
   1295.825     5.2594   3.433662  772601781  0.000e+00
   1305.406     5.1882   3.426594  772601791  0.000e+00
   1316.066     5.0931   3.417699  772601801  0.000e+00
   1326.684     5.0796   3.415882  772601811  0.000e+00
   1336.642     5.0477   3.412635  772601821  0.000e+00
   1346.973     4.9659   3.405722  772601831  0.000e+00
   1357.445     4.8536   3.395421  772601841  0.000e+00
   1367.875     4.7561   3.385981  772601851  0.000e+00
   1378.177     4.7183   3.382758  772601861  0.000e+00
   1389.250     4.6998   3.380918  772601871  0.000e+00
   1399.192     4.6677   3.377415  772601881  0.000e+00
   1409.198     4.6118   3.372503  772601891  0.000e+00
   1419.600     4.5596   3.369116  772601901  0.000e+00
   1428.593     4.5191   3.363977  772601911  0.000e+00
   1439.446     4.5017   3.363251  772601921  0.000e+00
   1450.384     4.4824   3.360710  772601931  0.000e+00
   1460.758     4.4451   3.358057  772601941  0.000e+00
   1470.962     4.4190   3.355573  772601951  0.000e+00
   1482.481     4.4027   3.354431  772601961  0.000e+00
   1493.179     4.3734   3.352010  772601971  0.000e+00
   1503.087     4.3493   3.349796  772601981  0.000e+00
   1513.594     4.3242   3.348324  772601991  0.000e+00
   1523.970     4.2879   3.344984  772602001  0.000e+00
   1534.864     4.2577   3.342448  772602011  0.000e+00
   1545.939     4.2287   3.340156  772602021  0.000e+00
   1555.765     4.1952   3.337285  772602031  0.000e+00
   1565.828     4.1545   3.333875  772602041  0.000e+00
   1576.263     4.1112   3.331150  772602051  0.000e+00
   1586.357     4.0827   3.327940  772602061  0.000e+00
   1596.687     4.0704   3.327099  772602071  0.000e+00
   1607.245     4.0543   3.325680  772602081  0.000e+00
   1617.042     4.0427   3.324969  772602091  0.000e+00
   1626.039     3.9969   3.321197  772602101  0.000e+00
   1635.794     3.9786   3.319760  772602111  0.000e+00
   1646.963     3.9519   3.317759  772602121  0.000e+00
   1657.183     3.9360   3.316646  772602131  0.000e+00
   1668.319     3.9083   3.314602  772602141  0.000e+00
   1677.984     3.8865   3.312819  772602151  0.000e+00
   1688.192     3.8439   3.309400  772602161  0.000e+00
   1698.937     3.7964   3.305871  772602171  0.000e+00
   1708.805     3.7870   3.304833  772602181  0.000e+00
   1719.316     3.7770   3.304260  772602191  0.000e+00
   1729.192     3.7709   3.303836  772602201  0.000e+00
   1739.419     3.7638   3.303573  772602211  0.000e+00
   1750.489     3.7615   3.303793  772602221  0.000e+00
   1759.975     3.7546   3.303424  772602231  0.000e+00
   1770.511     3.7510   3.303521  772602241  0.000e+00
   1781.092     3.7286   3.302291  772602251  0.000e+00
   1790.837     3.7101   3.301025  772602261  0.000e+00
   1800.889     3.6983   3.300403  772602271  0.000e+00
   1811.122     3.6899   3.299997  772602281  0.000e+00
   1820.676     3.6813   3.299771  772602291  0.000e+00
   1830.788     3.6635   3.298449  772602301  0.000e+00
   1840.436     3.6529   3.297858  772602311  0.000e+00
   1851.294     3.6224   3.295961  772602321  0.000e+00
   1861.351     3.6096   3.295197  772602331  0.000e+00
   1871.681     3.5978   3.294743  772602341  0.000e+00
   1882.211     3.5856   3.293991  772602351  0.000e+00
   1892.307     3.5792   3.293895  772602361  0.000e+00
   1903.304     3.5651   3.293181  772602371  0.000e+00
   1913.944     3.5356   3.291199  772602381  0.000e+00
   1924.249     3.5094   3.289612  772602391  0.000e+00
   1935.176     3.4887   3.288441  772602401  0.000e+00
   1945.848     3.4811   3.287937  772602411  0.000e+00
   1956.363     3.4703   3.287390  772602421  0.000e+00
   1966.313     3.4564   3.286299  772602431  0.000e+00
   1976.522     3.4481   3.285938  772602441  0.000e+00
   1986.652     3.4527   3.286534  772602451  0.000e+00
   1997.442     3.4489   3.286779  772602461  0.000e+00
   2007.574     3.4483   3.286930  772602471  0.000e+00
   2017.400     3.4506   3.287434  772602481  0.000e+00
   2028.821     3.4483   3.287784  772602491  0.000e+00
   2032.888     3.4445   3.287569  772602501  0.000e+00
   2032.759     3.4405   3.287192  772602511  0.000e+00
   2032.136     3.4389   3.286982  772602521  0.000e+00
   2032.222     3.4366   3.286722  772602531  0.000e+00
   2031.765     3.4394   3.286883  772602541  0.000e+00
   2032.575     3.4418   3.287068  772602551  0.000e+00
   2032.124     3.4457   3.287383  772602561  0.000e+00
   2032.547     3.4459   3.287452  772602571  0.000e+00
   2033.127     3.4448   3.287359  772602581  0.000e+00
   2033.293     3.4466   3.287501  772602591  0.000e+00
   2033.164     3.4473   3.287545  772602601  0.000e+00
   2032.498     3.4471   3.287501  772602611  0.000e+00
   2032.100     3.4464   3.287427  772602621  0.000e+00
   2032.250     3.4468   3.287476  772602631  0.000e+00
   2032.407     3.4465   3.287445  772602641  0.000e+00
   2032.293     3.4459   3.287402  772602651  0.000e+00
   2032.202     3.4438   3.287241  772602661  0.000e+00
   2032.422     3.4439   3.287217  772602671  0.000e+00
   2032.717     3.4382   3.286840  772602681  0.000e+00
   2032.051     3.4396   3.286914  772602691  0.000e+00
   2032.990     3.4360   3.286648  772602701  0.000e+00
   2032.883     3.4354   3.286568  772602711  0.000e+00
   2033.006     3.4326   3.286345  772602721  0.000e+00
   2032.754     3.4342   3.286407  772602731  0.000e+00
   2033.200     3.4352   3.286512  772602741  0.000e+00
   2033.178     3.4339   3.286419  772602751  0.000e+00
   2032.099     3.4327   3.286246  772602761  0.000e+00
   2031.503     3.4334   3.286283  772602771  0.000e+00
   2031.584     3.4335   3.286277  772602781  0.000e+00
   2032.872     3.4327   3.286289  772602791  0.000e+00
   2031.514     3.4333   3.286258  772602801  0.000e+00
   2033.017     3.4328   3.286320  772602811  0.000e+00
   2032.609     3.4335   3.286345  772602821  0.000e+00
   2032.287     3.4339   3.286388  772602831  0.000e+00
   2033.060     3.4334   3.286370  772602841  0.000e+00
   2032.131     3.4330   3.286289  772602851  0.000e+00
   2032.303     3.4343   3.286400  772602861  0.000e+00
   2032.861     3.4333   3.286370  772602871  0.000e+00
   2032.883     3.4335   3.286345  772602881  0.000e+00
   2032.104     3.4332   3.286308  772602891  0.000e+00
   2032.238     3.4319   3.286227  772602901  0.000e+00
   2031.847     3.4325   3.286221  772602911  0.000e+00
   2032.281     3.4318   3.286184  772602921  0.000e+00
   2031.723     3.4313   3.286122  772602931  0.000e+00
   2031.444     3.4312   3.286103  772602941  0.000e+00
   2031.739     3.4314   3.286128  772602951  0.000e+00
   2032.383     3.4315   3.286153  772602961  0.000e+00
   2031.584     3.4324   3.286159  772602971  0.000e+00
   2031.734     3.4326   3.286240  772602981  0.000e+00
   2033.130     3.4319   3.286240  772602991  0.000e+00
   2032.078     3.4311   3.286135  772603001  0.000e+00
   2032.528     3.4308   3.286128  772603011  0.000e+00
   2031.455     3.4307   3.286060  772603021  0.000e+00
   2031.498     3.4297   3.285980  772603031  0.000e+00
   2031.197     3.4296   3.285986  772603041  0.000e+00
   2032.142     3.4305   3.286042  772603051  0.000e+00
   2032.249     3.4257   3.285739  772603061  0.000e+00
   2032.314     3.4272   3.285819  772603071  0.000e+00
