odissea/data/moor/raw/tc24015/microcat_cal_dip/cast21/23830_Cal_DIp_Data.cnv
* Sea-Bird SBE37SMP-RS232  Data File:
* FileName = C:\Users\sa03hs\ODISSEA_data\m_moorproc_toolbox\odissea\data\moor\raw\tc24015\microcat_cal_dip\cast21\SBE37SMP-RS232_03723830_2024_06_25.hex
* Software version SeatermV2 2.8.0.119
* Temperature SN = 23830
* Conductivity SN = 23830
* System UpLoad Time = Jan 05 2026 15:56:24
* sample interval = 10 seconds
* <ApplicationData>
# nquan = 5
# nvalues = 2072                                  
# units = specified
# name 0 = prdM: Pressure, Strain Gauge [db]
# name 1 = tv290C: Temperature [ITS-90, deg C]
# name 2 = cond0S/m: Conductivity [S/m]
# name 3 = timeK: Time, Instrument [seconds]
# name 4 = flag:  0.000e+00
# span 0 =     -0.028,   2034.184                 
# span 1 =     3.4262,    13.6504                 
# span 2 =   0.000013,   4.203617                 
# span 3 =  772588801,  772609511                 
# span 4 = 0.0000e+00, 0.0000e+00                 
# interval = seconds: 10
# start_time = Jun 25 2024 00:00:01 [Instrument's time stamp, first data scan]
# bad_flag = -9.990e-29
*END*
[from data line 1429]
   2033.072     3.4274   3.285994  772603091  0.000e+00
   2033.680     3.4293   3.286164  772603101  0.000e+00
   2033.094     3.4292   3.286139  772603111  0.000e+00
   2032.916     3.4274   3.286006  772603121  0.000e+00
   2033.567     3.4298   3.286221  772603131  0.000e+00
   2033.046     3.4286   3.286088  772603141  0.000e+00
   2033.637     3.4296   3.286202  772603151  0.000e+00
   2033.958     3.4286   3.286133  772603161  0.000e+00
   2032.851     3.4284   3.286082  772603171  0.000e+00
   2033.003     3.4284   3.286063  772603181  0.000e+00
   2033.611     3.4281   3.286082  772603191  0.000e+00
   2033.024     3.4295   3.286151  772603201  0.000e+00
   2032.807     3.4281   3.286076  772603211  0.000e+00
   2033.415     3.4277   3.286051  772603221  0.000e+00
   2033.133     3.4297   3.286183  772603231  0.000e+00
   2032.846     3.4298   3.286183  772603241  0.000e+00
   2032.955     3.4299   3.286208  772603251  0.000e+00
   2032.651     3.4300   3.286189  772603261  0.000e+00
   2032.976     3.4299   3.286201  772603271  0.000e+00
   2032.872     3.4297   3.286183  772603281  0.000e+00
   2033.498     3.4308   3.286265  772603291  0.000e+00
   2032.933     3.4322   3.286365  772603301  0.000e+00
   2032.894     3.4335   3.286478  772603311  0.000e+00
   2033.020     3.4345   3.286560  772603321  0.000e+00
   2029.698     3.4326   3.286226  772603331  0.000e+00
   2027.853     3.4303   3.286049  772603341  0.000e+00
   2027.245     3.4311   3.286074  772603351  0.000e+00
   2027.874     3.4320   3.286149  772603361  0.000e+00
   2028.395     3.4331   3.286244  772603371  0.000e+00
   2028.087     3.4335   3.286301  772603381  0.000e+00
   2028.721     3.4352   3.286420  772603391  0.000e+00
   2028.825     3.4324   3.286282  772603401  0.000e+00
   2028.070     3.4333   3.286282  772603411  0.000e+00
   2027.809     3.4345   3.286376  772603421  0.000e+00
   2028.374     3.4346   3.286408  772603431  0.000e+00
   2028.613     3.4352   3.286465  772603441  0.000e+00
   2027.853     3.4370   3.286540  772603451  0.000e+00
   2018.583     3.4438   3.286694  772603461  0.000e+00
   2009.270     3.4403   3.286068  772603471  0.000e+00
   1997.869     3.4423   3.285580  772603481  0.000e+00
   1987.455     3.4561   3.286357  772603491  0.000e+00
   1977.558     3.4578   3.286177  772603501  0.000e+00
   1967.315     3.4592   3.285872  772603511  0.000e+00
   1956.916     3.4628   3.285749  772603521  0.000e+00
   1946.695     3.4724   3.286098  772603531  0.000e+00
   1935.955     3.4813   3.286315  772603541  0.000e+00
   1926.279     3.4973   3.287269  772603551  0.000e+00
   1926.739     3.4928   3.287087  772603561  0.000e+00
   1927.103     3.4871   3.286741  772603571  0.000e+00
   1926.626     3.4888   3.286898  772603581  0.000e+00
   1927.520     3.4941   3.287326  772603591  0.000e+00
   1926.261     3.4950   3.287401  772603601  0.000e+00
   1926.413     3.4954   3.287477  772603611  0.000e+00
   1927.515     3.4961   3.287578  772603621  0.000e+00
   1916.694     3.5204   3.288897  772603631  0.000e+00
   1906.498     3.5300   3.289347  772603641  0.000e+00
   1896.173     3.5353   3.289388  772603651  0.000e+00
   1885.979     3.5541   3.290449  772603661  0.000e+00
   1875.395     3.5690   3.291246  772603671  0.000e+00
   1866.195     3.5803   3.291804  772603681  0.000e+00
   1855.548     3.5908   3.292317  772603691  0.000e+00
   1845.664     3.6022   3.292830  772603701  0.000e+00
   1834.667     3.6206   3.293847  772603711  0.000e+00
   1824.633     3.6447   3.295426  772603721  0.000e+00
   1823.766     3.6426   3.295445  772603731  0.000e+00
   1824.070     3.6484   3.296062  772603741  0.000e+00
   1823.961     3.6483   3.296151  772603751  0.000e+00
   1824.633     3.6483   3.296245  772603761  0.000e+00
   1823.246     3.6488   3.296270  772603771  0.000e+00
   1823.701     3.6472   3.296169  772603781  0.000e+00
   1823.940     3.6462   3.296188  772603791  0.000e+00
   1823.159     3.6455   3.296106  772603801  0.000e+00
   1812.190     3.6626   3.296840  772603811  0.000e+00
   1802.933     3.6705   3.297184  772603821  0.000e+00
   1793.379     3.6871   3.298076  772603831  0.000e+00
   1782.303     3.7073   3.299201  772603841  0.000e+00
   1781.414     3.7058   3.299314  772603851  0.000e+00
   1780.612     3.7091   3.299661  772603861  0.000e+00
   1780.894     3.7106   3.299888  772603871  0.000e+00
   1781.068     3.7104   3.299957  772603881  0.000e+00
   1780.807     3.7123   3.300096  772603891  0.000e+00
   1780.439     3.7120   3.300153  772603901  0.000e+00
   1780.352     3.7127   3.300172  772603911  0.000e+00
   1780.742     3.7128   3.300228  772603921  0.000e+00
   1781.111     3.7131   3.300285  772603931  0.000e+00
   1780.747     3.7139   3.300348  772603941  0.000e+00
   1780.942     3.7140   3.300342  772603951  0.000e+00
   1780.942     3.7144   3.300374  772603961  0.000e+00
   1781.462     3.7120   3.300267  772603971  0.000e+00
   1780.833     3.7138   3.300348  772603981  0.000e+00
   1780.855     3.7132   3.300317  772603991  0.000e+00
   1780.599     3.7126   3.300260  772604001  0.000e+00
   1780.747     3.7132   3.300304  772604011  0.000e+00
   1780.751     3.7135   3.300310  772604021  0.000e+00
   1779.945     3.7124   3.300209  772604031  0.000e+00
   1779.754     3.7122   3.300171  772604041  0.000e+00
   1780.946     3.7120   3.300210  772604051  0.000e+00
   1781.380     3.7122   3.300235  772604061  0.000e+00
   1780.838     3.7118   3.300191  772604071  0.000e+00
   1780.725     3.7124   3.300222  772604081  0.000e+00
   1781.856     3.7124   3.300273  772604091  0.000e+00
   1781.206     3.7122   3.300241  772604101  0.000e+00
   1781.184     3.7121   3.300235  772604111  0.000e+00
   1780.664     3.7119   3.300191  772604121  0.000e+00
   1780.755     3.7119   3.300178  772604131  0.000e+00
   1780.599     3.7114   3.300165  772604141  0.000e+00
   1780.799     3.7114   3.300172  772604151  0.000e+00
   1781.102     3.7117   3.300178  772604161  0.000e+00
   1773.404     3.7303   3.301185  772604171  0.000e+00
   1764.215     3.7460   3.302229  772604181  0.000e+00
   1754.334     3.7596   3.302989  772604191  0.000e+00
   1743.807     3.7603   3.302683  772604201  0.000e+00
   1733.706     3.7653   3.302755  772604211  0.000e+00
   1723.484     3.7691   3.302701  772604221  0.000e+00
   1720.797     3.7685   3.302619  772604231  0.000e+00
   1720.104     3.7675   3.302543  772604241  0.000e+00
   1720.230     3.7693   3.302726  772604251  0.000e+00
   1719.628     3.7689   3.302688  772604261  0.000e+00
   1720.213     3.7689   3.302751  772604271  0.000e+00
   1719.823     3.7692   3.302770  772604281  0.000e+00
   1720.563     3.7705   3.302946  772604291  0.000e+00
   1720.191     3.7696   3.302858  772604301  0.000e+00
   1719.563     3.7687   3.302770  772604311  0.000e+00
   1719.779     3.7673   3.302643  772604321  0.000e+00
   1709.082     3.7729   3.302621  772604331  0.000e+00
   1699.438     3.7814   3.302914  772604341  0.000e+00
   1689.366     3.7899   3.303182  772604351  0.000e+00
   1678.731     3.8025   3.303791  772604361  0.000e+00
   1669.076     3.8629   3.308281  772604371  0.000e+00
   1659.262     3.8816   3.309894  772604381  0.000e+00
   1649.219     3.9143   3.312353  772604391  0.000e+00
   1638.782     3.9692   3.316430  772604401  0.000e+00
   1627.697     3.9887   3.318145  772604411  0.000e+00
   1621.137     4.0044   3.319824  772604421  0.000e+00
   1620.942     3.9991   3.319654  772604431  0.000e+00
   1621.050     4.0131   3.321089  772604441  0.000e+00
   1620.920     4.0186   3.321670  772604451  0.000e+00
   1621.119     4.0144   3.321512  772604461  0.000e+00
   1621.635     4.0145   3.321538  772604471  0.000e+00
   1622.202     4.0072   3.321020  772604481  0.000e+00
   1621.808     4.0030   3.320646  772604491  0.000e+00
   1618.218     4.0207   3.321967  772604501  0.000e+00
   1607.806     4.0547   3.324379  772604511  0.000e+00
   1596.723     4.0656   3.324951  772604521  0.000e+00
   1587.051     4.0736   3.325397  772604531  0.000e+00
   1576.944     4.0847   3.325944  772604541  0.000e+00
   1565.838     4.0858   3.325693  772604551  0.000e+00
   1556.168     4.1089   3.327278  772604561  0.000e+00
   1545.652     4.1549   3.330660  772604571  0.000e+00
   1535.400     4.2223   3.336569  772604581  0.000e+00
   1525.898     4.2474   3.338973  772604591  0.000e+00
   1520.320     4.2528   3.339383  772604601  0.000e+00
   1520.190     4.2639   3.340631  772604611  0.000e+00
   1519.628     4.2639   3.340758  772604621  0.000e+00
   1520.082     4.2742   3.341930  772604631  0.000e+00
   1519.351     4.2779   3.342285  772604641  0.000e+00
   1519.654     4.2812   3.342640  772604651  0.000e+00
   1519.714     4.2764   3.342361  772604661  0.000e+00
   1518.594     4.2845   3.343064  772604671  0.000e+00
   1519.441     4.2832   3.343084  772604681  0.000e+00
   1518.684     4.2837   3.343109  772604691  0.000e+00
   1520.069     4.2803   3.342938  772604701  0.000e+00
   1520.289     4.2802   3.342944  772604711  0.000e+00
   1520.376     4.2826   3.343128  772604721  0.000e+00
   1520.004     4.2835   3.343223  772604731  0.000e+00
   1519.921     4.2863   3.343458  772604741  0.000e+00
   1519.575     4.2854   3.343401  772604751  0.000e+00
   1519.316     4.2863   3.343464  772604761  0.000e+00
   1519.103     4.2882   3.343673  772604771  0.000e+00
   1519.558     4.2881   3.343667  772604781  0.000e+00
   1519.536     4.2825   3.343210  772604791  0.000e+00
   1519.363     4.2818   3.343128  772604801  0.000e+00
   1519.583     4.2799   3.342932  772604811  0.000e+00
   1519.536     4.2834   3.343185  772604821  0.000e+00
   1519.626     4.2823   3.343128  772604831  0.000e+00
   1519.237     4.2852   3.343343  772604841  0.000e+00
   1518.956     4.2866   3.343451  772604851  0.000e+00
   1519.133     4.2846   3.343362  772604861  0.000e+00
   1519.782     4.2833   3.343274  772604871  0.000e+00
   1519.890     4.2816   3.343122  772604881  0.000e+00
   1519.782     4.2776   3.342760  772604891  0.000e+00
   1520.171     4.2733   3.342349  772604901  0.000e+00
   1519.371     4.2692   3.341867  772604911  0.000e+00
   1519.587     4.2720   3.342196  772604921  0.000e+00
   1509.597     4.3150   3.345337  772604931  0.000e+00
   1499.793     4.3267   3.346107  772604941  0.000e+00
   1489.371     4.3335   3.346383  772604951  0.000e+00
   1478.882     4.3597   3.348263  772604961  0.000e+00
   1468.738     4.4094   3.352383  772604971  0.000e+00
   1458.272     4.4205   3.353229  772604981  0.000e+00
   1448.212     4.4887   3.358666  772604991  0.000e+00
   1437.344     4.4959   3.359386  772605001  0.000e+00
   1427.265     4.5265   3.361930  772605011  0.000e+00
   1417.666     4.6200   3.369851  772605021  0.000e+00
   1415.547     4.6189   3.370505  772605031  0.000e+00
   1416.066     4.6152   3.370429  772605041  0.000e+00
   1415.681     4.6184   3.370760  772605051  0.000e+00
   1416.005     4.6207   3.371326  772605061  0.000e+00
   1416.156     4.6211   3.371415  772605071  0.000e+00
   1416.200     4.6206   3.371427  772605081  0.000e+00
   1416.156     4.6193   3.371389  772605091  0.000e+00
   1416.070     4.6214   3.371650  772605101  0.000e+00
   1416.528     4.6214   3.371720  772605111  0.000e+00
   1406.977     4.6471   3.373358  772605121  0.000e+00
   1396.666     4.6869   3.376656  772605131  0.000e+00
   1386.874     4.6944   3.377194  772605141  0.000e+00
   1376.564     4.7071   3.377948  772605151  0.000e+00
   1366.882     4.7562   3.381840  772605161  0.000e+00
   1355.908     4.8489   3.389396  772605171  0.000e+00
   1346.163     4.9736   3.401298  772605181  0.000e+00
   1335.769     5.0200   3.405622  772605191  0.000e+00
   1325.615     5.0805   3.411641  772605201  0.000e+00
   1315.569     5.1093   3.414392  772605211  0.000e+00
   1315.832     5.1212   3.416169  772605221  0.000e+00
   1314.903     5.0913   3.413778  772605231  0.000e+00
   1315.983     5.1211   3.416700  772605241  0.000e+00
   1315.058     5.1154   3.416060  772605251  0.000e+00
   1316.009     5.1169   3.416572  772605261  0.000e+00
   1315.278     5.1070   3.415779  772605271  0.000e+00
   1316.124     5.1131   3.416322  772605281  0.000e+00
   1315.022     5.1280   3.417620  772605291  0.000e+00
   1305.560     5.1721   3.421223  772605301  0.000e+00
   1295.541     5.2797   3.430537  772605311  0.000e+00
   1284.957     5.3543   3.437226  772605321  0.000e+00
   1274.572     5.4866   3.449585  772605331  0.000e+00
   1264.530     5.5396   3.455307  772605341  0.000e+00
   1264.789     5.5258   3.454761  772605351  0.000e+00
   1264.922     5.5320   3.455660  772605361  0.000e+00
   1264.987     5.5370   3.456335  772605371  0.000e+00
   1265.056     5.5460   3.457401  772605381  0.000e+00
   1265.038     5.5443   3.457471  772605391  0.000e+00
   1264.649     5.5446   3.457516  772605401  0.000e+00
   1264.480     5.5463   3.457786  772605411  0.000e+00
   1265.067     5.5451   3.457741  772605421  0.000e+00
   1265.110     5.5456   3.457825  772605431  0.000e+00
   1264.699     5.5452   3.457837  772605441  0.000e+00
   1264.678     5.5455   3.457844  772605451  0.000e+00
   1265.437     5.5454   3.457908  772605461  0.000e+00
   1265.419     5.5458   3.457940  772605471  0.000e+00
   1264.901     5.5467   3.458004  772605481  0.000e+00
   1265.506     5.5451   3.458011  772605491  0.000e+00
   1265.012     5.5467   3.458056  772605501  0.000e+00
   1265.272     5.5471   3.458094  772605511  0.000e+00
   1264.825     5.5468   3.458081  772605521  0.000e+00
   1264.739     5.5476   3.458126  772605531  0.000e+00
   1264.109     5.5476   3.458107  772605541  0.000e+00
   1264.436     5.5478   3.458158  772605551  0.000e+00
   1264.372     5.5482   3.458178  772605561  0.000e+00
   1264.116     5.5479   3.458177  772605571  0.000e+00
   1264.789     5.5478   3.458197  772605581  0.000e+00
   1264.940     5.5481   3.458210  772605591  0.000e+00
   1264.638     5.5481   3.458184  772605601  0.000e+00
   1264.443     5.5474   3.458139  772605611  0.000e+00
   1264.659     5.5472   3.458133  772605621  0.000e+00
   1264.638     5.5469   3.458120  772605631  0.000e+00
   1264.987     5.5470   3.458094  772605641  0.000e+00
   1265.033     5.5468   3.458075  772605651  0.000e+00
   1260.347     5.5512   3.458279  772605661  0.000e+00
   1249.809     5.6477   3.466443  772605671  0.000e+00
   1238.692     5.7797   3.478610  772605681  0.000e+00
   1229.538     5.8722   3.487760  772605691  0.000e+00
   1218.721     5.8986   3.490522  772605701  0.000e+00
   1208.510     6.0426   3.502336  772605711  0.000e+00
   1199.012     6.1611   3.515491  772605721  0.000e+00
   1188.845     6.2454   3.524226  772605731  0.000e+00
   1178.791     6.2793   3.527717  772605741  0.000e+00
   1168.107     6.5361   3.552263  772605751  0.000e+00
   1158.224     6.6997   3.568541  772605761  0.000e+00
   1147.657     6.8422   3.583866  772605771  0.000e+00
   1137.084     6.9079   3.590913  772605781  0.000e+00
   1127.677     7.0586   3.606100  772605791  0.000e+00
   1116.310     7.2368   3.623725  772605801  0.000e+00
   1110.057     7.3247   3.633661  772605811  0.000e+00
   1110.082     7.2678   3.629542  772605821  0.000e+00
   1109.848     7.3725   3.640187  772605831  0.000e+00
   1109.938     7.3808   3.641938  772605841  0.000e+00
   1110.348     7.3811   3.642613  772605851  0.000e+00
   1109.879     7.3761   3.642390  772605861  0.000e+00
   1110.379     7.3641   3.641663  772605871  0.000e+00
   1110.554     7.3643   3.641525  772605881  0.000e+00
   1108.289     7.3755   3.642718  772605891  0.000e+00
   1097.618     7.5079   3.654602  772605901  0.000e+00
   1088.001     7.5695   3.660884  772605911  0.000e+00
   1076.699     7.6003   3.663718  772605921  0.000e+00
   1066.464     7.7211   3.675190  772605931  0.000e+00
