odissea/data/moor/raw/tc24015/microcat_cal_dip/cast21/23830_Cal_DIp_Data.cnv
* Sea-Bird SBE37SMP-RS232  Data File:
* FileName = C:\Users\sa03hs\ODISSEA_data\m_moorproc_toolbox\odissea\data\moor\raw\tc24015\microcat_cal_dip\cast21\SBE37SMP-RS232_03723830_2024_06_25.hex
* Software version SeatermV2 2.8.0.119
* Temperature SN = 23830
* Conductivity SN = 23830
* System UpLoad Time = Jan 05 2026 15:56:24
* sample interval = 10 seconds
* <ApplicationData>
# nquan = 5
# nvalues = 2072                                  
# units = specified
# name 0 = prdM: Pressure, Strain Gauge [db]
# name 1 = tv290C: Temperature [ITS-90, deg C]
# name 2 = cond0S/m: Conductivity [S/m]
# name 3 = timeK: Time, Instrument [seconds]
# name 4 = flag:  0.000e+00
# span 0 =     -0.028,   2034.184                 
# span 1 =     3.4262,    13.6504                 
# span 2 =   0.000013,   4.203617                 
# span 3 =  772588801,  772609511                 
# span 4 = 0.0000e+00, 0.0000e+00                 
# interval = seconds: 10
# start_time = Jun 25 2024 00:00:01 [Instrument's time stamp, first data scan]
# bad_flag = -9.990e-29
*END*
[from data line 572]
      0.226    13.4698   0.000022  772594521  0.000e+00
      0.291    13.4697   0.000022  772594531  0.000e+00
      0.248    13.4699   0.000022  772594541  0.000e+00
      0.226    13.4697   0.000022  772594551  0.000e+00
      0.248    13.4696   0.000022  772594561  0.000e+00
      0.205    13.4700   0.000019  772594571  0.000e+00
      0.269    13.4688   0.000022  772594581  0.000e+00
      0.248    13.4685   0.000022  772594591  0.000e+00
      0.248    13.4682   0.000019  772594601  0.000e+00
      0.248    13.4674   0.000019  772594611  0.000e+00
      0.269    13.4675   0.000022  772594621  0.000e+00
      0.269    13.4668   0.000022  772594631  0.000e+00
      0.269    13.4670   0.000022  772594641  0.000e+00
      0.248    13.4655   0.000022  772594651  0.000e+00
      0.248    13.4655   0.000022  772594661  0.000e+00
      0.269    13.4651   0.000022  772594671  0.000e+00
      0.248    13.4637   0.000022  772594681  0.000e+00
      0.248    13.4631   0.000022  772594691  0.000e+00
      0.226    13.4631   0.000022  772594701  0.000e+00
      0.269    13.4623   0.000019  772594711  0.000e+00
      0.226    13.4613   0.000019  772594721  0.000e+00
      0.248    13.4615   0.000022  772594731  0.000e+00
      0.269    13.4612   0.000019  772594741  0.000e+00
      0.269    13.4603   0.000019  772594751  0.000e+00
      0.269    13.4604   0.000019  772594761  0.000e+00
      0.269    13.4597   0.000019  772594771  0.000e+00
      0.269    13.4595   0.000022  772594781  0.000e+00
      0.269    13.4582   0.000019  772594791  0.000e+00
      0.248    13.4585   0.000022  772594801  0.000e+00
      0.248    13.4582   0.000019  772594811  0.000e+00
      0.269    13.4575   0.000022  772594821  0.000e+00
      0.291    13.4577   0.000022  772594831  0.000e+00
      0.227    13.4580   0.000019  772594841  0.000e+00
      0.248    13.4580   0.000022  772594851  0.000e+00
      0.248    13.4575   0.000022  772594861  0.000e+00
      0.248    13.4582   0.000019  772594871  0.000e+00
      0.248    13.4576   0.000019  772594881  0.000e+00
      0.248    13.4567   0.000022  772594891  0.000e+00
      0.269    13.4563   0.000022  772594901  0.000e+00
      0.248    13.4561   0.000019  772594911  0.000e+00
      0.269    13.4564   0.000022  772594921  0.000e+00
      0.248    13.4562   0.000019  772594931  0.000e+00
      0.269    13.4556   0.000019  772594941  0.000e+00
      0.248    13.4559   0.000019  772594951  0.000e+00
      0.248    13.4559   0.000022  772594961  0.000e+00
      0.248    13.4550   0.000019  772594971  0.000e+00
      0.248    13.4555   0.000022  772594981  0.000e+00
      0.248    13.4556   0.000019  772594991  0.000e+00
      0.248    13.4550   0.000019  772595001  0.000e+00
      0.248    13.4563   0.000022  772595011  0.000e+00
      0.248    13.4557   0.000019  772595021  0.000e+00
      0.269    13.4554   0.000019  772595031  0.000e+00
      0.269    13.4560   0.000022  772595041  0.000e+00
      0.269    13.4561   0.000022  772595051  0.000e+00
      0.248    13.4559   0.000022  772595061  0.000e+00
      0.291    13.4564   0.000019  772595071  0.000e+00
      0.269    13.4569   0.000019  772595081  0.000e+00
      0.248    13.4572   0.000019  772595091  0.000e+00
      0.227    13.4574   0.000022  772595101  0.000e+00
      0.248    13.4572   0.000019  772595111  0.000e+00
      0.269    13.4581   0.000019  772595121  0.000e+00
      0.226    13.4574   0.000022  772595131  0.000e+00
      0.269    13.4580   0.000022  772595141  0.000e+00
      0.227    13.4584   0.000022  772595151  0.000e+00
      0.248    13.4582   0.000019  772595161  0.000e+00
      0.226    13.4587   0.000022  772595171  0.000e+00
      0.248    13.4584   0.000019  772595181  0.000e+00
      0.248    13.4584   0.000022  772595191  0.000e+00
      0.248    13.4579   0.000022  772595201  0.000e+00
      0.248    13.4581   0.000022  772595211  0.000e+00
      0.248    13.4572   0.000019  772595221  0.000e+00
      0.248    13.4560   0.000019  772595231  0.000e+00
      0.269    13.4553   0.000022  772595241  0.000e+00
      0.269    13.4552   0.000022  772595251  0.000e+00
      0.269    13.4549   0.000022  772595261  0.000e+00
      0.312    13.4547   0.000022  772595271  0.000e+00
      0.248    13.4542   0.000019  772595281  0.000e+00
      0.226    13.4538   0.000019  772595291  0.000e+00
      0.248    13.4532   0.000022  772595301  0.000e+00
      0.248    13.4528   0.000022  772595311  0.000e+00
      0.248    13.4525   0.000019  772595321  0.000e+00
      0.269    13.4521   0.000019  772595331  0.000e+00
      0.248    13.4509   0.000022  772595341  0.000e+00
      0.248    13.4511   0.000022  772595351  0.000e+00
      0.226    13.4507   0.000022  772595361  0.000e+00
      0.226    13.4507   0.000022  772595371  0.000e+00
      0.248    13.4504   0.000022  772595381  0.000e+00
      0.269    13.4501   0.000022  772595391  0.000e+00
      0.248    13.4503   0.000019  772595401  0.000e+00
      0.269    13.4503   0.000022  772595411  0.000e+00
      0.269    13.4508   0.000022  772595421  0.000e+00
      0.248    13.4510   0.000022  772595431  0.000e+00
      0.248    13.4514   0.000019  772595441  0.000e+00
      0.248    13.4514   0.000022  772595451  0.000e+00
      0.248    13.4517   0.000022  772595461  0.000e+00
      0.248    13.4515   0.000022  772595471  0.000e+00
      0.248    13.4517   0.000022  772595481  0.000e+00
      0.248    13.4513   0.000022  772595491  0.000e+00
      0.226    13.4520   0.000019  772595501  0.000e+00
      0.226    13.4524   0.000022  772595511  0.000e+00
      0.227    13.4531   0.000022  772595521  0.000e+00
      0.227    13.4531   0.000022  772595531  0.000e+00
      0.291    13.4531   0.000019  772595541  0.000e+00
      0.269    13.4538   0.000022  772595551  0.000e+00
      0.247    13.4539   0.000022  772595561  0.000e+00
      0.291    13.4545   0.000022  772595571  0.000e+00
      0.248    13.4545   0.000022  772595581  0.000e+00
      0.226    13.4545   0.000019  772595591  0.000e+00
      0.269    13.4554   0.000022  772595601  0.000e+00
      0.248    13.4564   0.000022  772595611  0.000e+00
      0.269    13.4577   0.000022  772595621  0.000e+00
      0.248    13.4569   0.000022  772595631  0.000e+00
      0.269    13.4566   0.000019  772595641  0.000e+00
      0.226    13.4571   0.000022  772595651  0.000e+00
      0.248    13.4580   0.000022  772595661  0.000e+00
      0.269    13.4580   0.000019  772595671  0.000e+00
      0.248    13.4580   0.000022  772595681  0.000e+00
      0.291    13.4585   0.000022  772595691  0.000e+00
      0.269    13.4591   0.000019  772595701  0.000e+00
      0.248    13.4592   0.000022  772595711  0.000e+00
      0.269    13.4603   0.000022  772595721  0.000e+00
      0.269    13.4605   0.000022  772595731  0.000e+00
      0.269    13.4607   0.000022  772595741  0.000e+00
      0.291    13.4607   0.000022  772595751  0.000e+00
      0.248    13.4620   0.000022  772595761  0.000e+00
      0.248    13.4622   0.000022  772595771  0.000e+00
      0.269    13.4631   0.000022  772595781  0.000e+00
      0.248    13.4636   0.000022  772595791  0.000e+00
      0.248    13.4627   0.000022  772595801  0.000e+00
      0.248    13.4634   0.000022  772595811  0.000e+00
      0.248    13.4639   0.000022  772595821  0.000e+00
      0.248    13.4644   0.000022  772595831  0.000e+00
      0.269    13.4644   0.000022  772595841  0.000e+00
      0.269    13.4650   0.000022  772595851  0.000e+00
      0.269    13.4655   0.000022  772595861  0.000e+00
      0.269    13.4658   0.000019  772595871  0.000e+00
      0.248    13.4658   0.000019  772595881  0.000e+00
      0.248    13.4658   0.000019  772595891  0.000e+00
      0.248    13.4660   0.000022  772595901  0.000e+00
      0.248    13.4666   0.000022  772595911  0.000e+00
      0.269    13.4661   0.000019  772595921  0.000e+00
      0.269    13.4661   0.000019  772595931  0.000e+00
      0.291    13.4659   0.000022  772595941  0.000e+00
      0.247    13.4659   0.000019  772595951  0.000e+00
      0.248    13.4656   0.000022  772595961  0.000e+00
      0.291    13.4655   0.000019  772595971  0.000e+00
      0.269    13.4652   0.000022  772595981  0.000e+00
      0.226    13.4654   0.000019  772595991  0.000e+00
      0.269    13.4660   0.000019  772596001  0.000e+00
      0.269    13.4663   0.000019  772596011  0.000e+00
      0.269    13.4657   0.000022  772596021  0.000e+00
      0.291    13.4661   0.000022  772596031  0.000e+00
      0.248    13.4661   0.000019  772596041  0.000e+00
      0.248    13.4660   0.000022  772596051  0.000e+00
      0.227    13.4652   0.000019  772596061  0.000e+00
      0.248    13.4653   0.000019  772596071  0.000e+00
      0.269    13.4654   0.000022  772596081  0.000e+00
      0.226    13.4656   0.000019  772596091  0.000e+00
      0.247    13.4650   0.000019  772596101  0.000e+00
      0.269    13.4648   0.000019  772596111  0.000e+00
      0.269    13.4647   0.000022  772596121  0.000e+00
      0.248    13.4644   0.000022  772596131  0.000e+00
      0.248    13.4616   0.000019  772596141  0.000e+00
      0.248    13.4614   0.000022  772596151  0.000e+00
      0.248    13.4614   0.000022  772596161  0.000e+00
      0.248    13.4601   0.000019  772596171  0.000e+00
      0.248    13.4597   0.000022  772596181  0.000e+00
      0.248    13.4585   0.000019  772596191  0.000e+00
      0.248    13.4570   0.000022  772596201  0.000e+00
      0.269    13.4560   0.000019  772596211  0.000e+00
      0.269    13.4546   0.000022  772596221  0.000e+00
      0.226    13.4532   0.000019  772596231  0.000e+00
      0.248    13.4518   0.000022  772596241  0.000e+00
      0.248    13.4506   0.000019  772596251  0.000e+00
      0.248    13.4499   0.000022  772596261  0.000e+00
      0.248    13.4478   0.000022  772596271  0.000e+00
      0.291    13.4481   0.000022  772596281  0.000e+00
      0.226    13.4469   0.000022  772596291  0.000e+00
      0.226    13.4463   0.000019  772596301  0.000e+00
      0.248    13.4457   0.000019  772596311  0.000e+00
      0.291    13.4450   0.000019  772596321  0.000e+00
      0.269    13.4459   0.000022  772596331  0.000e+00
      0.248    13.4453   0.000022  772596341  0.000e+00
      0.269    13.4445   0.000022  772596351  0.000e+00
      0.291    13.4449   0.000022  772596361  0.000e+00
      0.248    13.4448   0.000022  772596371  0.000e+00
      0.248    13.4439   0.000019  772596381  0.000e+00
      0.269    13.4429   0.000022  772596391  0.000e+00
      0.248    13.4431   0.000022  772596401  0.000e+00
      0.269    13.4435   0.000019  772596411  0.000e+00
      0.248    13.4426   0.000022  772596421  0.000e+00
      0.269    13.4430   0.000022  772596431  0.000e+00
      0.269    13.4431   0.000022  772596441  0.000e+00
      0.248    13.4433   0.000022  772596451  0.000e+00
      0.269    13.4429   0.000019  772596461  0.000e+00
      0.269    13.4426   0.000019  772596471  0.000e+00
      0.248    13.4426   0.000019  772596481  0.000e+00
      0.248    13.4425   0.000019  772596491  0.000e+00
      0.269    13.4421   0.000019  772596501  0.000e+00
      0.248    13.4427   0.000022  772596511  0.000e+00
      0.248    13.4419   0.000022  772596521  0.000e+00
      0.248    13.4419   0.000019  772596531  0.000e+00
      0.291    13.4421   0.000022  772596541  0.000e+00
      0.248    13.4416   0.000019  772596551  0.000e+00
      0.269    13.4418   0.000022  772596561  0.000e+00
      0.248    13.4415   0.000022  772596571  0.000e+00
      0.269    13.4413   0.000022  772596581  0.000e+00
      0.269    13.4417   0.000022  772596591  0.000e+00
      0.226    13.4416   0.000022  772596601  0.000e+00
      0.291    13.4420   0.000019  772596611  0.000e+00
      0.269    13.4406   0.000019  772596621  0.000e+00
      0.269    13.4413   0.000019  772596631  0.000e+00
      0.269    13.4421   0.000022  772596641  0.000e+00
      0.269    13.4429   0.000022  772596651  0.000e+00
      0.269    13.4432   0.000022  772596661  0.000e+00
      0.248    13.4438   0.000019  772596671  0.000e+00
      0.269    13.4436   0.000022  772596681  0.000e+00
      0.248    13.4445   0.000022  772596691  0.000e+00
      0.269    13.4456   0.000019  772596701  0.000e+00
      0.248    13.4453   0.000019  772596711  0.000e+00
      0.248    13.4460   0.000022  772596721  0.000e+00
      0.248    13.4468   0.000022  772596731  0.000e+00
      0.248    13.4470   0.000019  772596741  0.000e+00
      0.226    13.4472   0.000019  772596751  0.000e+00
      0.205    13.4480   0.000022  772596761  0.000e+00
      0.269    13.4489   0.000019  772596771  0.000e+00
      0.269    13.4503   0.000022  772596781  0.000e+00
      0.248    13.4515   0.000019  772596791  0.000e+00
      0.248    13.4520   0.000022  772596801  0.000e+00
      0.248    13.4527   0.000019  772596811  0.000e+00
      0.248    13.4536   0.000022  772596821  0.000e+00
      0.269    13.4535   0.000022  772596831  0.000e+00
      0.269    13.4551   0.000022  772596841  0.000e+00
      0.269    13.4557   0.000019  772596851  0.000e+00
      0.291    13.4566   0.000019  772596861  0.000e+00
      0.269    13.4567   0.000022  772596871  0.000e+00
      0.248    13.4583   0.000019  772596881  0.000e+00
      0.248    13.4593   0.000022  772596891  0.000e+00
      0.269    13.4602   0.000022  772596901  0.000e+00
      0.269    13.4609   0.000022  772596911  0.000e+00
      0.269    13.4618   0.000022  772596921  0.000e+00
      0.269    13.4625   0.000019  772596931  0.000e+00
      0.248    13.4628   0.000019  772596941  0.000e+00
      0.248    13.4631   0.000022  772596951  0.000e+00
      0.226    13.4631   0.000022  772596961  0.000e+00
      0.248    13.4644   0.000022  772596971  0.000e+00
      0.226    13.4644   0.000022  772596981  0.000e+00
      0.269    13.4649   0.000022  772596991  0.000e+00
      0.269    13.4655   0.000022  772597001  0.000e+00
      0.269    13.4666   0.000022  772597011  0.000e+00
      0.269    13.4666   0.000022  772597021  0.000e+00
      0.248    13.4674   0.000019  772597031  0.000e+00
      0.269    13.4677   0.000022  772597041  0.000e+00
      0.248    13.4687   0.000019  772597051  0.000e+00
      0.248    13.4694   0.000022  772597061  0.000e+00
      0.269    13.4696   0.000022  772597071  0.000e+00
      0.269    13.4700   0.000019  772597081  0.000e+00
      0.291    13.4708   0.000019  772597091  0.000e+00
      0.248    13.4709   0.000022  772597101  0.000e+00
      0.269    13.4717   0.000022  772597111  0.000e+00
      0.291    13.4721   0.000019  772597121  0.000e+00
      0.269    13.4735   0.000022  772597131  0.000e+00
      0.248    13.4745   0.000019  772597141  0.000e+00
      0.248    13.4757   0.000019  772597151  0.000e+00
      0.248    13.4771   0.000022  772597161  0.000e+00
      0.291    13.4782   0.000022  772597171  0.000e+00
      0.226    13.4793   0.000019  772597181  0.000e+00
      0.227    13.4814   0.000019  772597191  0.000e+00
      0.248    13.4822   0.000022  772597201  0.000e+00
      0.269    13.4832   0.000022  772597211  0.000e+00
      0.248    13.4842   0.000022  772597221  0.000e+00
      0.291    13.4846   0.000022  772597231  0.000e+00
      0.269    13.4862   0.000022  772597241  0.000e+00
      0.226    13.4872   0.000022  772597251  0.000e+00
      0.248    13.4890   0.000022  772597261  0.000e+00
      0.248    13.4896   0.000022  772597271  0.000e+00
      0.248    13.4913   0.000022  772597281  0.000e+00
      0.248    13.4920   0.000019  772597291  0.000e+00
      0.269    13.4939   0.000022  772597301  0.000e+00
      0.291    13.4947   0.000022  772597311  0.000e+00
      0.248    13.4958   0.000022  772597321  0.000e+00
      0.291    13.4966   0.000019  772597331  0.000e+00
      0.269    13.4972   0.000022  772597341  0.000e+00
      0.247    13.4971   0.000022  772597351  0.000e+00
      0.291    13.4975   0.000019  772597361  0.000e+00
