odissea/data/moor/raw/tc24015/microcat_cal_dip/cast21/23830_Cal_DIp_Data.cnv
* Sea-Bird SBE37SMP-RS232  Data File:
* FileName = C:\Users\sa03hs\ODISSEA_data\m_moorproc_toolbox\odissea\data\moor\raw\tc24015\microcat_cal_dip\cast21\SBE37SMP-RS232_03723830_2024_06_25.hex
* Software version SeatermV2 2.8.0.119
* Temperature SN = 23830
* Conductivity SN = 23830
* System UpLoad Time = Jan 05 2026 15:56:24
* sample interval = 10 seconds
* <ApplicationData>
# nquan = 5
# nvalues = 2072                                  
# units = specified
# name 0 = prdM: Pressure, Strain Gauge [db]
# name 1 = tv290C: Temperature [ITS-90, deg C]
# name 2 = cond0S/m: Conductivity [S/m]
# name 3 = timeK: Time, Instrument [seconds]
# name 4 = flag:  0.000e+00
# span 0 =     -0.028,   2034.184                 
# span 1 =     3.4262,    13.6504                 
# span 2 =   0.000013,   4.203617                 
# span 3 =  772588801,  772609511                 
# span 4 = 0.0000e+00, 0.0000e+00                 
# interval = seconds: 10
# start_time = Jun 25 2024 00:00:01 [Instrument's time stamp, first data scan]
# bad_flag = -9.990e-29
*END*
[from data line 1715]
   1046.692     7.8709   3.689584  772605951  0.000e+00
   1035.892     7.9869   3.700500  772605961  0.000e+00
   1026.692     8.0421   3.706081  772605971  0.000e+00
   1015.438     8.1941   3.720474  772605981  0.000e+00
   1011.366     8.2041   3.722695  772605991  0.000e+00
   1010.812     8.2701   3.729867  772606001  0.000e+00
   1010.922     8.2890   3.731939  772606011  0.000e+00
   1010.430     8.2928   3.732740  772606021  0.000e+00
   1010.734     8.2928   3.733117  772606031  0.000e+00
   1010.392     8.2915   3.733283  772606041  0.000e+00
   1010.807     8.2924   3.733409  772606051  0.000e+00
   1010.983     8.2928   3.733535  772606061  0.000e+00
   1011.179     8.2926   3.733607  772606071  0.000e+00
   1011.379     8.2921   3.733674  772606081  0.000e+00
   1011.207     8.2926   3.733713  772606091  0.000e+00
   1011.037     8.2925   3.733727  772606101  0.000e+00
   1010.651     8.2921   3.733720  772606111  0.000e+00
   1010.611     8.2921   3.733713  772606121  0.000e+00
   1010.573     8.2916   3.733660  772606131  0.000e+00
   1010.835     8.2922   3.733720  772606141  0.000e+00
   1010.600     8.2919   3.733746  772606151  0.000e+00
   1011.271     8.2919   3.733747  772606161  0.000e+00
   1011.185     8.2917   3.733753  772606171  0.000e+00
   1011.295     8.2909   3.733680  772606181  0.000e+00
   1010.931     8.2919   3.733760  772606191  0.000e+00
   1011.020     8.2921   3.733740  772606201  0.000e+00
   1010.524     8.2915   3.733720  772606211  0.000e+00
   1010.678     8.2910   3.733693  772606221  0.000e+00
   1011.025     8.2913   3.733700  772606231  0.000e+00
   1011.135     8.2912   3.733707  772606241  0.000e+00
   1011.049     8.2907   3.733654  772606251  0.000e+00
   1010.597     8.2919   3.733806  772606261  0.000e+00
   1011.442     8.2913   3.733720  772606271  0.000e+00
   1011.615     8.2926   3.733846  772606281  0.000e+00
   1011.164     8.2921   3.733780  772606291  0.000e+00
   1010.650     8.2920   3.733766  772606301  0.000e+00
   1000.822     8.3663   3.740089  772606311  0.000e+00
    991.162     8.3839   3.741265  772606321  0.000e+00
    980.668     8.3961   3.741539  772606331  0.000e+00
    970.560     8.4309   3.743842  772606341  0.000e+00
    960.797     8.4593   3.745589  772606351  0.000e+00
    951.318     8.4761   3.746175  772606361  0.000e+00
    940.998     8.6229   3.759661  772606371  0.000e+00
    930.227     8.7763   3.775953  772606381  0.000e+00
    920.231     8.8442   3.782264  772606391  0.000e+00
    909.760     8.9736   3.794096  772606401  0.000e+00
    908.513     8.9697   3.794829  772606411  0.000e+00
    907.824     8.9685   3.795229  772606421  0.000e+00
    909.013     8.9550   3.794616  772606431  0.000e+00
    908.109     8.9558   3.794796  772606441  0.000e+00
    908.456     8.9577   3.795156  772606451  0.000e+00
    907.766     8.9535   3.794356  772606461  0.000e+00
    908.350     8.9528   3.794256  772606471  0.000e+00
    908.072     8.9591   3.795062  772606481  0.000e+00
    899.499     8.8519   3.782803  772606491  0.000e+00
    889.049     8.7487   3.770525  772606501  0.000e+00
    880.180     8.8544   3.778689  772606511  0.000e+00
    870.081     9.0565   3.798421  772606521  0.000e+00
    859.853     9.1861   3.810727  772606531  0.000e+00
    849.603     9.2548   3.817763  772606541  0.000e+00
    839.635     9.2084   3.813170  772606551  0.000e+00
    829.537     8.9162   3.779768  772606561  0.000e+00
    818.774     8.9357   3.778453  772606571  0.000e+00
    809.194     9.0351   3.787456  772606581  0.000e+00
    807.323     9.0061   3.785031  772606591  0.000e+00
    807.366     9.0389   3.788208  772606601  0.000e+00
    806.723     9.0568   3.789660  772606611  0.000e+00
    807.089     9.0519   3.789453  772606621  0.000e+00
    806.916     9.0526   3.789593  772606631  0.000e+00
    807.480     9.0494   3.789433  772606641  0.000e+00
    807.091     9.0515   3.789580  772606651  0.000e+00
    805.823     9.0547   3.789746  772606661  0.000e+00
    795.621     9.0952   3.792174  772606671  0.000e+00
    786.066     9.1111   3.792357  772606681  0.000e+00
    776.124     9.1848   3.798305  772606691  0.000e+00
    766.330     9.2836   3.807227  772606701  0.000e+00
    756.346     9.3956   3.817747  772606711  0.000e+00
    754.474     9.3856   3.817947  772606721  0.000e+00
    754.474     9.3857   3.818522  772606731  0.000e+00
    754.971     9.4144   3.821356  772606741  0.000e+00
    754.648     9.4155   3.821790  772606751  0.000e+00
    754.907     9.4167   3.822084  772606761  0.000e+00
    754.909     9.4186   3.822492  772606771  0.000e+00
    754.437     9.4172   3.822412  772606781  0.000e+00
    754.611     9.4170   3.822425  772606791  0.000e+00
    754.676     9.4166   3.822432  772606801  0.000e+00
    754.353     9.4202   3.822933  772606811  0.000e+00
    754.654     9.4210   3.822906  772606821  0.000e+00
    754.462     9.4252   3.823301  772606831  0.000e+00
    754.357     9.4251   3.823334  772606841  0.000e+00
    754.464     9.4178   3.822672  772606851  0.000e+00
    754.163     9.4255   3.823367  772606861  0.000e+00
    753.971     9.4266   3.823494  772606871  0.000e+00
    754.660     9.4252   3.823435  772606881  0.000e+00
    754.167     9.4241   3.823314  772606891  0.000e+00
    754.425     9.4250   3.823421  772606901  0.000e+00
    754.470     9.4214   3.823160  772606911  0.000e+00
    754.986     9.4130   3.822345  772606921  0.000e+00
    754.597     9.4192   3.822706  772606931  0.000e+00
    754.642     9.4195   3.822806  772606941  0.000e+00
    754.472     9.4227   3.823147  772606951  0.000e+00
    753.803     9.4255   3.823434  772606961  0.000e+00
    754.491     9.4244   3.823381  772606971  0.000e+00
    754.473     9.4257   3.823434  772606981  0.000e+00
    754.559     9.4245   3.823374  772606991  0.000e+00
    754.452     9.4264   3.823541  772607001  0.000e+00
    754.215     9.4265   3.823555  772607011  0.000e+00
    754.647     9.4250   3.823455  772607021  0.000e+00
    754.604     9.4259   3.823508  772607031  0.000e+00
    750.883     9.4351   3.824169  772607041  0.000e+00
    740.703     9.5482   3.834118  772607051  0.000e+00
    730.033     9.6268   3.840575  772607061  0.000e+00
    720.975     9.6158   3.838864  772607071  0.000e+00
    710.625     9.5971   3.836216  772607081  0.000e+00
    700.751     9.6748   3.842085  772607091  0.000e+00
    690.105     9.6963   3.843092  772607101  0.000e+00
    679.933     9.7659   3.849367  772607111  0.000e+00
    669.586     9.8813   3.860391  772607121  0.000e+00
    658.986     9.9219   3.864173  772607131  0.000e+00
    648.470    10.0130   3.873130  772607141  0.000e+00
    638.430     9.8999   3.860439  772607151  0.000e+00
    628.346     9.9571   3.864409  772607161  0.000e+00
    618.478    10.0068   3.869060  772607171  0.000e+00
    614.438    10.0199   3.870415  772607181  0.000e+00
    615.106    10.0163   3.870449  772607191  0.000e+00
    614.848    10.0296   3.871880  772607201  0.000e+00
    614.482    10.0306   3.872041  772607211  0.000e+00
    614.828    10.0252   3.871726  772607221  0.000e+00
    615.322    10.0246   3.871760  772607231  0.000e+00
    615.367    10.0242   3.871739  772607241  0.000e+00
    615.045    10.0272   3.872028  772607251  0.000e+00
    605.371    10.0761   3.876131  772607261  0.000e+00
    595.420    10.1439   3.881709  772607271  0.000e+00
    585.036    10.2757   3.894170  772607281  0.000e+00
    574.098    10.3274   3.899360  772607291  0.000e+00
    565.180    10.3822   3.904952  772607301  0.000e+00
    554.910    10.4549   3.911868  772607311  0.000e+00
    544.595    10.4874   3.915657  772607321  0.000e+00
    534.326    10.5281   3.919468  772607331  0.000e+00
    524.142    10.6146   3.928193  772607341  0.000e+00
    514.861    10.6897   3.935931  772607351  0.000e+00
    504.142    10.7737   3.944508  772607361  0.000e+00
    503.648    10.7824   3.946404  772607371  0.000e+00
    503.779    10.7441   3.943270  772607381  0.000e+00
    503.974    10.7601   3.944671  772607391  0.000e+00
    503.481    10.7874   3.947603  772607401  0.000e+00
    503.975    10.7969   3.949025  772607411  0.000e+00
    503.825    10.8017   3.949520  772607421  0.000e+00
    503.570    10.8018   3.949723  772607431  0.000e+00
    504.538    10.8005   3.949710  772607441  0.000e+00
    495.881    10.8833   3.957418  772607451  0.000e+00
    486.236    10.9332   3.962942  772607461  0.000e+00
    476.528    10.9719   3.966954  772607471  0.000e+00
    466.394    11.0536   3.975437  772607481  0.000e+00
    456.903    11.0797   3.978239  772607491  0.000e+00
    446.725    11.0992   3.980144  772607501  0.000e+00
    436.419    11.1400   3.984476  772607511  0.000e+00
    426.199    11.1564   3.986111  772607521  0.000e+00
    415.981    11.1604   3.986420  772607531  0.000e+00
    406.000    11.1633   3.986491  772607541  0.000e+00
    402.415    11.1626   3.986421  772607551  0.000e+00
    401.987    11.1624   3.986449  772607561  0.000e+00
    401.837    11.1628   3.986605  772607571  0.000e+00
    402.416    11.1627   3.986673  772607581  0.000e+00
    402.160    11.1625   3.986707  772607591  0.000e+00
    402.590    11.1626   3.986755  772607601  0.000e+00
    402.441    11.1631   3.986802  772607611  0.000e+00
    402.271    11.1628   3.986795  772607621  0.000e+00
    395.016    11.1639   3.986568  772607631  0.000e+00
    385.551    11.1658   3.986245  772607641  0.000e+00
    375.786    11.1670   3.985874  772607651  0.000e+00
    365.506    11.1666   3.985394  772607661  0.000e+00
    355.099    11.1699   3.985193  772607671  0.000e+00
    345.443    11.1788   3.985536  772607681  0.000e+00
    334.908    11.1877   3.985817  772607691  0.000e+00
    325.168    11.1951   3.986011  772607701  0.000e+00
    314.850    11.2112   3.986979  772607711  0.000e+00
    305.325    11.2340   3.988988  772607721  0.000e+00
    301.872    11.2381   3.989538  772607731  0.000e+00
    302.172    11.2376   3.989593  772607741  0.000e+00
    302.474    11.2355   3.989559  772607751  0.000e+00
    302.409    11.2361   3.989586  772607761  0.000e+00
    302.775    11.2358   3.989640  772607771  0.000e+00
    302.582    11.2354   3.989627  772607781  0.000e+00
    302.453    11.2349   3.989606  772607791  0.000e+00
    302.282    11.2348   3.989572  772607801  0.000e+00
    294.967    11.2391   3.989692  772607811  0.000e+00
    284.565    11.2471   3.990035  772607821  0.000e+00
    275.193    11.2729   3.992154  772607831  0.000e+00
    264.341    11.2866   3.993047  772607841  0.000e+00
    254.263    11.3180   3.995874  772607851  0.000e+00
    244.334    11.3258   3.996524  772607861  0.000e+00
    234.429    11.3438   3.997909  772607871  0.000e+00
    224.631    11.3539   3.998640  772607881  0.000e+00
    214.362    11.3805   4.000944  772607891  0.000e+00
    204.244    11.4141   4.004046  772607901  0.000e+00
    200.515    11.4246   4.005155  772607911  0.000e+00
    200.236    11.4318   4.006007  772607921  0.000e+00
    200.279    11.4320   4.006238  772607931  0.000e+00
    200.559    11.4333   4.006470  772607941  0.000e+00
    200.323    11.4318   4.006409  772607951  0.000e+00
    200.473    11.4300   4.006327  772607961  0.000e+00
    200.388    11.4329   4.006531  772607971  0.000e+00
    201.053    11.4320   4.006586  772607981  0.000e+00
    200.709    11.4313   4.006504  772607991  0.000e+00
    200.989    11.4315   4.006538  772608001  0.000e+00
    198.995    11.4338   4.006551  772608011  0.000e+00
    188.985    11.4648   4.009150  772608021  0.000e+00
    178.291    11.4777   4.010019  772608031  0.000e+00
    168.947    11.5234   4.014044  772608041  0.000e+00
    159.432    11.5365   4.015084  772608051  0.000e+00
    149.275    11.5636   4.017419  772608061  0.000e+00
    139.440    11.6231   4.022498  772608071  0.000e+00
    138.947    11.6082   4.022013  772608081  0.000e+00
    139.333    11.6424   4.025863  772608091  0.000e+00
    139.440    11.6480   4.026205  772608101  0.000e+00
    139.055    11.6380   4.025419  772608111  0.000e+00
    138.798    11.6388   4.025331  772608121  0.000e+00
    138.691    11.6469   4.026409  772608131  0.000e+00
    138.691    11.6465   4.026566  772608141  0.000e+00
    135.414    11.6616   4.027842  772608151  0.000e+00
    125.216    11.7830   4.040396  772608161  0.000e+00
    115.490    11.7944   4.041815  772608171  0.000e+00
    104.886    11.7857   4.039657  772608181  0.000e+00
     95.611    11.8313   4.043578  772608191  0.000e+00
     85.287    11.8781   4.047124  772608201  0.000e+00
     75.092    12.0353   4.059442  772608211  0.000e+00
     65.113    12.1491   4.069945  772608221  0.000e+00
     55.476    12.2394   4.077782  772608231  0.000e+00
     44.878    12.8463   4.133437  772608241  0.000e+00
     37.705    13.1160   4.159686  772608251  0.000e+00
     38.069    13.1255   4.163264  772608261  0.000e+00
     38.755    13.1365   4.165770  772608271  0.000e+00
     38.520    13.1602   4.168997  772608281  0.000e+00
     38.328    13.1652   4.170133  772608291  0.000e+00
     38.456    13.1700   4.170985  772608301  0.000e+00
     38.050    13.1773   4.171989  772608311  0.000e+00
     38.007    13.1803   4.172585  772608321  0.000e+00
     37.408    13.1540   4.169793  772608331  0.000e+00
     27.153    13.4889   4.198183  772608341  0.000e+00
     17.092    13.5035   4.200305  772608351  0.000e+00
     10.113    13.4988   4.200260  772608361  0.000e+00
     10.777    13.5022   4.200781  772608371  0.000e+00
     11.206    13.5032   4.201560  772608381  0.000e+00
     10.714    13.5025   4.201713  772608391  0.000e+00
     11.035    13.5036   4.201914  772608401  0.000e+00
     10.758    13.5036   4.202081  772608411  0.000e+00
     10.501    13.5035   4.202164  772608421  0.000e+00
     10.994    13.5040   4.202234  772608431  0.000e+00
     10.887    13.5031   4.202192  772608441  0.000e+00
     10.737    13.5037   4.202241  772608451  0.000e+00
     10.502    13.5023   4.202157  772608461  0.000e+00
     10.738    13.5022   4.202192  772608471  0.000e+00
     10.374    13.5028   4.202220  772608481  0.000e+00
     10.503    13.5026   4.202220  772608491  0.000e+00
      6.179    13.5022   4.201996  772608501  0.000e+00
      6.200    13.5022   4.201968  772608511  0.000e+00
      5.109    13.5012   4.201842  772608521  0.000e+00
      4.124    13.5020   4.201863  772608531  0.000e+00
      4.146    13.5008   4.201772  772608541  0.000e+00
      3.804    13.5016   4.201835  772608551  0.000e+00
      4.167    13.5025   4.201918  772608561  0.000e+00
      3.846    13.5020   4.201897  772608571  0.000e+00
      3.632    13.5012   4.201814  772608581  0.000e+00
      3.226    13.5024   4.201849  772608591  0.000e+00
      3.547    13.5027   4.201967  772608601  0.000e+00
      4.061    13.5028   4.201974  772608611  0.000e+00
      3.547    13.5020   4.201904  772608621  0.000e+00
      2.177    13.5022   4.201841  772608631  0.000e+00
      0.893    13.5023   4.201792  772608641  0.000e+00
      0.272    13.5017   4.201660  772608651  0.000e+00
     -0.006    13.4701   0.058899  772608661  0.000e+00
     -0.006    13.4325   0.000025  772608671  0.000e+00
     -0.006    13.3875   0.000025  772608681  0.000e+00
     -0.028    13.3534   0.000022  772608691  0.000e+00
      0.015    13.3358   0.000022  772608701  0.000e+00
      0.015    13.2518   0.000022  772608711  0.000e+00
     -0.028    13.1969   0.000025  772608721  0.000e+00
      0.015    13.1893   0.000013  772608731  0.000e+00
     -0.028    13.1785   0.000022  772608741  0.000e+00
     -0.028    13.1375   0.000019  772608751  0.000e+00
      0.036    13.1046   0.000019  772608761  0.000e+00
      0.015    13.0891   0.000019  772608771  0.000e+00
      0.015    13.0726   0.000019  772608781  0.000e+00
     -0.007    13.0449   0.000028  772608791  0.000e+00
