odissea/data/moor/raw/tc24015/microcat_cal_dip/cast21/23830_Cal_DIp_Data.cnv
* Sea-Bird SBE37SMP-RS232  Data File:
* FileName = C:\Users\sa03hs\ODISSEA_data\m_moorproc_toolbox\odissea\data\moor\raw\tc24015\microcat_cal_dip\cast21\SBE37SMP-RS232_03723830_2024_06_25.hex
* Software version SeatermV2 2.8.0.119
* Temperature SN = 23830
* Conductivity SN = 23830
* System UpLoad Time = Jan 05 2026 15:56:24
* sample interval = 10 seconds
* <ApplicationData>
# nquan = 5
# nvalues = 2072                                  
# units = specified
# name 0 = prdM: Pressure, Strain Gauge [db]
# name 1 = tv290C: Temperature [ITS-90, deg C]
# name 2 = cond0S/m: Conductivity [S/m]
# name 3 = timeK: Time, Instrument [seconds]
# name 4 = flag:  0.000e+00
# span 0 =     -0.028,   2034.184                 
# span 1 =     3.4262,    13.6504                 
# span 2 =   0.000013,   4.203617                 
# span 3 =  772588801,  772609511                 
# span 4 = 0.0000e+00, 0.0000e+00                 
# interval = seconds: 10
# start_time = Jun 25 2024 00:00:01 [Instrument's time stamp, first data scan]
# bad_flag = -9.990e-29
*END*
[from data line 858]
      0.248    13.4984   0.000022  772597381  0.000e+00
      0.226    13.4982   0.000019  772597391  0.000e+00
      0.248    13.4982   0.000022  772597401  0.000e+00
      0.269    13.4980   0.000022  772597411  0.000e+00
      0.248    13.4982   0.000019  772597421  0.000e+00
      0.269    13.4980   0.000022  772597431  0.000e+00
      0.269    13.4971   0.000022  772597441  0.000e+00
      0.269    13.4966   0.000019  772597451  0.000e+00
      0.226    13.4963   0.000022  772597461  0.000e+00
      0.269    13.4960   0.000019  772597471  0.000e+00
      0.248    13.4959   0.000019  772597481  0.000e+00
      0.269    13.4952   0.000019  772597491  0.000e+00
      0.248    13.4949   0.000022  772597501  0.000e+00
      0.269    13.4957   0.000019  772597511  0.000e+00
      0.248    13.4953   0.000022  772597521  0.000e+00
      0.248    13.4957   0.000022  772597531  0.000e+00
      0.269    13.4958   0.000019  772597541  0.000e+00
      0.269    13.4958   0.000022  772597551  0.000e+00
      0.269    13.4956   0.000022  772597561  0.000e+00
      0.248    13.4969   0.000022  772597571  0.000e+00
      0.269    13.4966   0.000019  772597581  0.000e+00
      0.269    13.4966   0.000019  772597591  0.000e+00
      0.226    13.4963   0.000022  772597601  0.000e+00
      0.269    13.4962   0.000019  772597611  0.000e+00
      0.248    13.4963   0.000019  772597621  0.000e+00
      0.269    13.4966   0.000022  772597631  0.000e+00
      0.291    13.4971   0.000022  772597641  0.000e+00
      0.269    13.4972   0.000022  772597651  0.000e+00
      0.290    13.4971   0.000022  772597661  0.000e+00
      0.248    13.4973   0.000019  772597671  0.000e+00
      0.269    13.4982   0.000019  772597681  0.000e+00
      0.269    13.4981   0.000022  772597691  0.000e+00
      0.248    13.4977   0.000022  772597701  0.000e+00
      0.248    13.4972   0.000022  772597711  0.000e+00
      0.248    13.4969   0.000022  772597721  0.000e+00
      0.248    13.4970   0.000022  772597731  0.000e+00
      0.248    13.4966   0.000022  772597741  0.000e+00
      0.269    13.4965   0.000022  772597751  0.000e+00
      0.226    13.4965   0.000022  772597761  0.000e+00
      0.248    13.4960   0.000022  772597771  0.000e+00
      0.247    13.4959   0.000022  772597781  0.000e+00
      0.248    13.4956   0.000019  772597791  0.000e+00
      0.248    13.4968   0.000019  772597801  0.000e+00
      0.248    13.4974   0.000019  772597811  0.000e+00
      0.248    13.4967   0.000022  772597821  0.000e+00
      0.269    13.4959   0.000022  772597831  0.000e+00
      0.269    13.4965   0.000022  772597841  0.000e+00
      0.269    13.4959   0.000022  772597851  0.000e+00
      0.269    13.4968   0.000019  772597861  0.000e+00
      0.269    13.4959   0.000019  772597871  0.000e+00
      0.248    13.4962   0.000019  772597881  0.000e+00
      0.269    13.4971   0.000022  772597891  0.000e+00
      0.226    13.4967   0.000022  772597901  0.000e+00
      0.290    13.4968   0.000019  772597911  0.000e+00
      0.269    13.4971   0.000019  772597921  0.000e+00
      0.269    13.4975   0.000022  772597931  0.000e+00
      0.248    13.4982   0.000019  772597941  0.000e+00
      0.269    13.4981   0.000022  772597951  0.000e+00
      0.248    13.4982   0.000022  772597961  0.000e+00
      0.291    13.4984   0.000022  772597971  0.000e+00
      0.248    13.4981   0.000022  772597981  0.000e+00
      0.248    13.4974   0.000022  772597991  0.000e+00
      0.269    13.5023   0.000022  772598001  0.000e+00
      0.248    13.5029   0.000019  772598011  0.000e+00
      0.248    13.5028   0.000022  772598021  0.000e+00
      0.247    13.5036   0.000019  772598031  0.000e+00
      0.247    13.5042   0.000022  772598041  0.000e+00
      0.248    13.5041   0.000022  772598051  0.000e+00
      0.269    13.5052   0.000019  772598061  0.000e+00
      0.248    13.5061   0.000022  772598071  0.000e+00
      0.247    13.5074   0.000022  772598081  0.000e+00
      0.269    13.5086   0.000022  772598091  0.000e+00
      0.269    13.5099   0.000019  772598101  0.000e+00
      0.269    13.5110   0.000022  772598111  0.000e+00
      0.269    13.5126   0.000019  772598121  0.000e+00
      0.269    13.5135   0.000022  772598131  0.000e+00
      0.248    13.5143   0.000022  772598141  0.000e+00
      0.226    13.5161   0.000022  772598151  0.000e+00
      0.269    13.5166   0.000019  772598161  0.000e+00
      0.247    13.5180   0.000022  772598171  0.000e+00
      0.248    13.5194   0.000019  772598181  0.000e+00
      0.248    13.5201   0.000022  772598191  0.000e+00
      0.269    13.5208   0.000019  772598201  0.000e+00
      0.248    13.5243   0.000022  772598211  0.000e+00
      0.290    13.5239   0.000022  772598221  0.000e+00
      0.248    13.5243   0.000022  772598231  0.000e+00
      0.269    13.5246   0.000022  772598241  0.000e+00
      0.226    13.5246   0.000022  772598251  0.000e+00
      0.269    13.5257   0.000022  772598261  0.000e+00
      0.269    13.5270   0.000022  772598271  0.000e+00
      0.269    13.5276   0.000019  772598281  0.000e+00
      0.247    13.5280   0.000019  772598291  0.000e+00
      0.269    13.5281   0.000022  772598301  0.000e+00
      0.248    13.5319   0.000022  772598311  0.000e+00
      0.290    13.5350   0.000022  772598321  0.000e+00
      0.269    13.5343   0.000019  772598331  0.000e+00
      0.247    13.5338   0.000022  772598341  0.000e+00
      0.269    13.5340   0.000022  772598351  0.000e+00
      0.290    13.5348   0.000019  772598361  0.000e+00
      0.247    13.5351   0.000022  772598371  0.000e+00
      0.290    13.5355   0.000022  772598381  0.000e+00
      0.269    13.5357   0.000022  772598391  0.000e+00
      0.291    13.5360   0.000022  772598401  0.000e+00
      0.269    13.5373   0.000019  772598411  0.000e+00
      0.248    13.5378   0.000022  772598421  0.000e+00
      0.248    13.5389   0.000022  772598431  0.000e+00
      0.248    13.5390   0.000019  772598441  0.000e+00
      0.247    13.5393   0.000022  772598451  0.000e+00
      0.248    13.5393   0.000022  772598461  0.000e+00
      0.247    13.5398   0.000019  772598471  0.000e+00
      0.247    13.5403   0.000019  772598481  0.000e+00
      0.290    13.5402   0.000022  772598491  0.000e+00
      0.268    13.5409   0.000022  772598501  0.000e+00
      0.247    13.5417   0.000022  772598511  0.000e+00
      0.269    13.5429   0.000022  772598521  0.000e+00
      0.247    13.5421   0.000022  772598531  0.000e+00
      0.290    13.5428   0.000022  772598541  0.000e+00
      0.226    13.5422   0.000022  772598551  0.000e+00
      0.247    13.5428   0.000022  772598561  0.000e+00
      0.291    13.5432   0.000022  772598571  0.000e+00
      0.248    13.5439   0.000022  772598581  0.000e+00
      0.290    13.5437   0.000022  772598591  0.000e+00
      0.247    13.5446   0.000019  772598601  0.000e+00
      0.247    13.5456   0.000022  772598611  0.000e+00
      0.226    13.5450   0.000022  772598621  0.000e+00
      0.247    13.5455   0.000022  772598631  0.000e+00
      0.269    13.5458   0.000022  772598641  0.000e+00
      0.247    13.5458   0.000019  772598651  0.000e+00
      0.226    13.5462   0.000022  772598661  0.000e+00
      0.247    13.5474   0.000019  772598671  0.000e+00
      0.269    13.5467   0.000019  772598681  0.000e+00
      0.268    13.5480   0.000022  772598691  0.000e+00
      0.269    13.5482   0.000022  772598701  0.000e+00
      0.269    13.5488   0.000022  772598711  0.000e+00
      0.269    13.5500   0.000022  772598721  0.000e+00
      0.248    13.5512   0.000019  772598731  0.000e+00
      0.247    13.5518   0.000022  772598741  0.000e+00
      0.248    13.5518   0.000019  772598751  0.000e+00
      0.247    13.5520   0.000022  772598761  0.000e+00
      0.268    13.5526   0.000022  772598771  0.000e+00
      0.248    13.5532   0.000022  772598781  0.000e+00
      0.247    13.5538   0.000022  772598791  0.000e+00
      0.247    13.5532   0.000019  772598801  0.000e+00
      0.269    13.5536   0.000019  772598811  0.000e+00
      0.269    13.5527   0.000019  772598821  0.000e+00
      0.247    13.5529   0.000022  772598831  0.000e+00
      0.247    13.5526   0.000022  772598841  0.000e+00
      0.269    13.5533   0.000019  772598851  0.000e+00
      0.269    13.5533   0.000022  772598861  0.000e+00
      0.247    13.5521   0.000019  772598871  0.000e+00
      0.269    13.5523   0.000019  772598881  0.000e+00
      0.269    13.5530   0.000022  772598891  0.000e+00
      0.269    13.5524   0.000019  772598901  0.000e+00
      0.268    13.5521   0.000022  772598911  0.000e+00
      0.269    13.5519   0.000022  772598921  0.000e+00
      0.247    13.5521   0.000022  772598931  0.000e+00
      0.269    13.5527   0.000022  772598941  0.000e+00
      0.269    13.5519   0.000019  772598951  0.000e+00
      0.269    13.5520   0.000019  772598961  0.000e+00
      0.226    13.5513   0.000019  772598971  0.000e+00
      0.205    13.5502   0.000022  772598981  0.000e+00
      0.247    13.5490   0.000019  772598991  0.000e+00
      0.269    13.5482   0.000019  772599001  0.000e+00
      0.269    13.5454   0.000022  772599011  0.000e+00
      0.269    13.5446   0.000022  772599021  0.000e+00
      0.290    13.5424   0.000022  772599031  0.000e+00
      0.269    13.5409   0.000022  772599041  0.000e+00
      0.269    13.5385   0.000019  772599051  0.000e+00
      0.290    13.5362   0.000019  772599061  0.000e+00
      0.269    13.5349   0.000022  772599071  0.000e+00
      0.290    13.5334   0.000022  772599081  0.000e+00
      0.269    13.5325   0.000019  772599091  0.000e+00
      0.247    13.5312   0.000019  772599101  0.000e+00
      0.269    13.5297   0.000022  772599111  0.000e+00
      0.290    13.5334   0.000019  772599121  0.000e+00
      0.311    13.5296   0.000019  772599131  0.000e+00
      0.269    13.5275   0.000022  772599141  0.000e+00
      0.269    13.5265   0.000019  772599151  0.000e+00
      0.269    13.5257   0.000019  772599161  0.000e+00
      0.268    13.5257   0.000022  772599171  0.000e+00
      0.226    13.5257   0.000022  772599181  0.000e+00
      0.247    13.5259   0.000019  772599191  0.000e+00
      0.269    13.5270   0.000022  772599201  0.000e+00
      0.269    13.5274   0.000019  772599211  0.000e+00
      0.247    13.5291   0.000019  772599221  0.000e+00
      0.290    13.5297   0.000022  772599231  0.000e+00
      0.226    13.5312   0.000022  772599241  0.000e+00
      0.269    13.5321   0.000019  772599251  0.000e+00
      0.269    13.5340   0.000022  772599261  0.000e+00
      0.269    13.5351   0.000019  772599271  0.000e+00
      0.247    13.5369   0.000019  772599281  0.000e+00
      0.247    13.5400   0.000022  772599291  0.000e+00
      0.290    13.5422   0.000019  772599301  0.000e+00
      0.269    13.5437   0.000022  772599311  0.000e+00
      0.247    13.5454   0.000019  772599321  0.000e+00
      0.268    13.5459   0.000022  772599331  0.000e+00
      0.269    13.5474   0.000022  772599341  0.000e+00
      0.290    13.5488   0.000022  772599351  0.000e+00
      0.268    13.5499   0.000019  772599361  0.000e+00
      0.269    13.5506   0.000019  772599371  0.000e+00
      0.290    13.5519   0.000022  772599381  0.000e+00
      0.247    13.5524   0.000022  772599391  0.000e+00
      0.290    13.5532   0.000022  772599401  0.000e+00
      0.291    13.5545   0.000019  772599411  0.000e+00
      0.269    13.5557   0.000022  772599421  0.000e+00
      0.269    13.5562   0.000019  772599431  0.000e+00
      0.290    13.5570   0.000019  772599441  0.000e+00
      0.269    13.5577   0.000022  772599451  0.000e+00
      0.290    13.5579   0.000022  772599461  0.000e+00
      0.247    13.5598   0.000022  772599471  0.000e+00
      0.269    13.5603   0.000019  772599481  0.000e+00
      0.268    13.5609   0.000022  772599491  0.000e+00
      0.247    13.5625   0.000019  772599501  0.000e+00
      0.290    13.5641   0.000019  772599511  0.000e+00
      0.268    13.5650   0.000022  772599521  0.000e+00
      0.269    13.5662   0.000019  772599531  0.000e+00
      0.247    13.5676   0.000022  772599541  0.000e+00
      0.290    13.5696   0.000022  772599551  0.000e+00
      0.269    13.5708   0.000022  772599561  0.000e+00
      0.269    13.5727   0.000022  772599571  0.000e+00
      0.290    13.5741   0.000019  772599581  0.000e+00
      0.269    13.5765   0.000022  772599591  0.000e+00
      0.268    13.5781   0.000022  772599601  0.000e+00
      0.290    13.5796   0.000022  772599611  0.000e+00
      0.268    13.5812   0.000022  772599621  0.000e+00
      0.268    13.5822   0.000022  772599631  0.000e+00
      0.290    13.5827   0.000022  772599641  0.000e+00
      0.290    13.5835   0.000022  772599651  0.000e+00
      0.247    13.5842   0.000019  772599661  0.000e+00
      0.269    13.5861   0.000022  772599671  0.000e+00
      0.290    13.5881   0.000022  772599681  0.000e+00
      0.226    13.5882   0.000022  772599691  0.000e+00
      0.268    13.5891   0.000019  772599701  0.000e+00
      0.290    13.5906   0.000019  772599711  0.000e+00
      0.290    13.5923   0.000019  772599721  0.000e+00
      0.247    13.5948   0.000019  772599731  0.000e+00
      0.290    13.5969   0.000022  772599741  0.000e+00
      0.290    13.5979   0.000019  772599751  0.000e+00
      0.247    13.5991   0.000019  772599761  0.000e+00
      0.290    13.5996   0.000022  772599771  0.000e+00
      0.290    13.6010   0.000019  772599781  0.000e+00
      0.247    13.6016   0.000022  772599791  0.000e+00
      0.226    13.6017   0.000022  772599801  0.000e+00
      0.268    13.6013   0.000022  772599811  0.000e+00
      0.268    13.6016   0.000022  772599821  0.000e+00
      0.247    13.6024   0.000022  772599831  0.000e+00
      0.226    13.6033   0.000019  772599841  0.000e+00
      0.290    13.6033   0.000022  772599851  0.000e+00
      0.268    13.6034   0.000022  772599861  0.000e+00
      0.247    13.6038   0.000022  772599871  0.000e+00
      0.247    13.6052   0.000022  772599881  0.000e+00
      0.268    13.6050   0.000022  772599891  0.000e+00
      0.268    13.6061   0.000019  772599901  0.000e+00
      0.269    13.6058   0.000022  772599911  0.000e+00
      0.290    13.6063   0.000022  772599921  0.000e+00
      0.268    13.6069   0.000022  772599931  0.000e+00
      0.268    13.6084   0.000022  772599941  0.000e+00
      0.269    13.6112   0.000022  772599951  0.000e+00
      0.269    13.6149   0.000022  772599961  0.000e+00
      0.268    13.6175   0.000022  772599971  0.000e+00
      0.268    13.6187   0.000019  772599981  0.000e+00
      0.268    13.6218   0.000019  772599991  0.000e+00
      0.247    13.6230   0.000022  772600001  0.000e+00
      0.268    13.6225   0.000022  772600011  0.000e+00
      0.247    13.6247   0.000022  772600021  0.000e+00
      0.269    13.6251   0.000022  772600031  0.000e+00
      0.290    13.6273   0.000022  772600041  0.000e+00
      0.268    13.6293   0.000019  772600051  0.000e+00
      0.226    13.6296   0.000022  772600061  0.000e+00
      0.268    13.6302   0.000022  772600071  0.000e+00
      0.268    13.6331   0.000019  772600081  0.000e+00
      0.268    13.6345   0.000019  772600091  0.000e+00
      0.268    13.6357   0.000019  772600101  0.000e+00
      0.247    13.6359   0.000019  772600111  0.000e+00
      0.268    13.6369   0.000022  772600121  0.000e+00
      0.268    13.6384   0.000022  772600131  0.000e+00
      0.268    13.6403   0.000022  772600141  0.000e+00
      0.247    13.6421   0.000022  772600151  0.000e+00
      0.268    13.6428   0.000022  772600161  0.000e+00
      0.268    13.6449   0.000022  772600171  0.000e+00
      0.247    13.6446   0.000019  772600181  0.000e+00
      0.247    13.6475   0.000022  772600191  0.000e+00
      0.247    13.6479   0.000022  772600201  0.000e+00
      0.247    13.6488   0.000022  772600211  0.000e+00
